Number_of_customers: 100
Number_of_teams: 3
Number_of_services: 3
Customers_requested_services:
1 1 0 0 1 1 2 2 2 1 0 1 2 2 2 0 1 1 2 2 2 1 1 1 2 2 1 1 2 0 2 0 1 2 1 1 2 1 1 1 2 2 2 1 1 1 2 1 2 1 1 0 2 1 1 1 2 0 2 0 0 1 1 1 2 0 2 2 2 1 0 2 2 2 2 1 1 2 2 2 1 2 0 0 0 2 1 2 2 0 0 2 0 2 2 0 1 0 0
Daily_available_time: 8
Service 0:
Number_of_tasks: 1
Dependencies:
0: 
Service 1:
Number_of_tasks: 3
Dependencies:
0: 
1: 0 2
2: 
Service 2:
Number_of_tasks: 5
Dependencies:
0: 4
1: 4
2: 4
3: 4
4: 
Travel_times:
0.00 0.26 0.16 0.19 0.21 0.23 0.18 0.19 0.01 0.16 0.24 0.08 0.12 0.04 0.19 0.29 0.32 0.18 0.23 0.24 0.22 0.17 0.07 0.22 0.29 0.26 0.26 0.07 0.12 0.22 0.25 0.13 0.29 0.29 0.27 0.32 0.12 0.29 0.11 0.07 0.19 0.17 0.21 0.08 0.28 0.30 0.14 0.14 0.20 0.26 0.22 0.15 0.08 0.15 0.26 0.20 0.10 0.24 0.24 0.28 0.08 0.27 0.23 0.18 0.24 0.28 0.05 0.19 0.25 0.07 0.06 0.12 0.28 0.24 0.19 0.13 0.20 0.30 0.20 0.28 0.26 0.24 0.13 0.22 0.10 0.24 0.11 0.12 0.02 0.17 0.12 0.19 0.29 0.10 0.25 0.27 0.30 0.17 0.15 0.30
0.26 0.00 0.24 0.07 0.32 0.23 0.30 0.13 0.27 0.24 0.17 0.18 0.38 0.24 0.21 0.26 0.08 0.24 0.17 0.17 0.22 0.09 0.24 0.24 0.04 0.26 0.21 0.20 0.15 0.16 0.23 0.35 0.27 0.27 0.21 0.05 0.30 0.23 0.35 0.30 0.17 0.26 0.10 0.18 0.11 0.24 0.30 0.12 0.24 0.19 0.15 0.40 0.25 0.15 0.20 0.27 0.30 0.28 0.17 0.21 0.18 0.13 0.33 0.09 0.04 0.06 0.30 0.33 0.19 0.26 0.32 0.15 0.07 0.17 0.25 0.14 0.13 0.08 0.25 0.25 0.20 0.31 0.13 0.16 0.21 0.31 0.15 0.15 0.27 0.15 0.20 0.07 0.26 0.18 0.29 0.06 0.23 0.09 0.28 0.23
0.16 0.24 0.00 0.17 0.08 0.06 0.06 0.11 0.17 0.00 0.16 0.14 0.14 0.21 0.03 0.13 0.29 0.02 0.17 0.09 0.06 0.18 0.09 0.06 0.27 0.10 0.10 0.20 0.15 0.18 0.09 0.11 0.12 0.13 0.11 0.29 0.06 0.12 0.11 0.09 0.07 0.02 0.19 0.22 0.26 0.14 0.06 0.17 0.04 0.18 0.09 0.16 0.08 0.09 0.09 0.04 0.07 0.07 0.13 0.15 0.17 0.25 0.09 0.15 0.22 0.26 0.12 0.09 0.13 0.09 0.12 0.09 0.26 0.12 0.03 0.11 0.17 0.28 0.04 0.12 0.11 0.07 0.21 0.13 0.07 0.07 0.11 0.25 0.14 0.09 0.05 0.17 0.13 0.07 0.09 0.25 0.13 0.15 0.04 0.13
0.19 0.07 0.17 0.00 0.25 0.16 0.23 0.12 0.20 0.17 0.17 0.11 0.30 0.16 0.14 0.22 0.12 0.17 0.16 0.17 0.15 0.09 0.17 0.16 0.10 0.19 0.19 0.12 0.07 0.15 0.18 0.28 0.22 0.22 0.20 0.12 0.23 0.22 0.28 0.23 0.12 0.19 0.10 0.13 0.10 0.23 0.23 0.07 0.16 0.18 0.15 0.33 0.17 0.07 0.18 0.20 0.22 0.21 0.17 0.21 0.11 0.12 0.26 0.02 0.05 0.09 0.22 0.26 0.18 0.18 0.25 0.07 0.09 0.17 0.18 0.06 0.12 0.11 0.17 0.21 0.19 0.24 0.12 0.15 0.14 0.24 0.08 0.15 0.20 0.10 0.13 0.04 0.22 0.11 0.21 0.08 0.23 0.02 0.21 0.23
0.21 0.32 0.08 0.25 0.00 0.09 0.03 0.18 0.22 0.08 0.24 0.18 0.09 0.25 0.11 0.08 0.37 0.08 0.25 0.17 0.10 0.23 0.14 0.08 0.35 0.06 0.10 0.24 0.19 0.26 0.09 0.08 0.08 0.08 0.16 0.37 0.09 0.15 0.11 0.14 0.15 0.06 0.27 0.27 0.33 0.19 0.07 0.21 0.08 0.26 0.17 0.08 0.13 0.17 0.12 0.05 0.11 0.04 0.21 0.23 0.22 0.33 0.02 0.23 0.30 0.33 0.16 0.02 0.21 0.14 0.17 0.17 0.34 0.20 0.07 0.18 0.25 0.36 0.07 0.07 0.18 0.03 0.26 0.21 0.12 0.03 0.17 0.29 0.19 0.16 0.12 0.25 0.08 0.14 0.04 0.33 0.17 0.23 0.06 0.13
0.23 0.23 0.06 0.16 0.09 0.00 0.07 0.10 0.24 0.06 0.15 0.20 0.14 0.27 0.03 0.07 0.29 0.04 0.17 0.09 0.01 0.25 0.15 0.00 0.26 0.03 0.03 0.26 0.21 0.17 0.03 0.12 0.06 0.07 0.07 0.29 0.11 0.07 0.12 0.15 0.07 0.05 0.18 0.28 0.25 0.10 0.09 0.23 0.03 0.17 0.08 0.17 0.14 0.09 0.04 0.04 0.13 0.05 0.12 0.14 0.23 0.24 0.10 0.15 0.21 0.25 0.18 0.10 0.12 0.15 0.18 0.12 0.25 0.11 0.03 0.11 0.17 0.27 0.03 0.05 0.10 0.08 0.27 0.12 0.13 0.08 0.17 0.31 0.20 0.08 0.11 0.16 0.07 0.13 0.05 0.24 0.09 0.15 0.07 0.07
0.18 0.30 0.06 0.23 0.03 0.07 0.00 0.17 0.20 0.06 0.22 0.16 0.07 0.23 0.09 0.11 0.36 0.06 0.24 0.15 0.08 0.21 0.12 0.07 0.33 0.07 0.09 0.22 0.17 0.25 0.07 0.06 0.10 0.11 0.14 0.36 0.07 0.14 0.08 0.11 0.14 0.04 0.26 0.24 0.32 0.17 0.04 0.19 0.07 0.25 0.15 0.10 0.10 0.15 0.11 0.03 0.09 0.05 0.19 0.21 0.19 0.31 0.04 0.22 0.28 0.32 0.14 0.03 0.19 0.11 0.15 0.15 0.32 0.18 0.05 0.17 0.24 0.34 0.06 0.09 0.17 0.05 0.23 0.19 0.10 0.05 0.15 0.27 0.16 0.15 0.10 0.23 0.11 0.12 0.06 0.31 0.15 0.21 0.03 0.12
0.19 0.13 0.11 0.12 0.18 0.10 0.17 0.00 0.20 0.11 0.05 0.16 0.24 0.23 0.08 0.13 0.18 0.11 0.07 0.04 0.09 0.21 0.12 0.10 0.16 0.12 0.08 0.22 0.17 0.07 0.10 0.21 0.14 0.14 0.08 0.18 0.17 0.10 0.21 0.17 0.04 0.13 0.09 0.25 0.15 0.11 0.17 0.19 0.10 0.07 0.03 0.27 0.11 0.04 0.07 0.14 0.16 0.15 0.05 0.09 0.20 0.14 0.20 0.10 0.11 0.15 0.16 0.20 0.06 0.12 0.19 0.09 0.15 0.04 0.12 0.07 0.07 0.17 0.12 0.11 0.07 0.18 0.24 0.03 0.10 0.18 0.13 0.27 0.17 0.02 0.07 0.07 0.13 0.10 0.15 0.14 0.11 0.12 0.15 0.11
0.01 0.27 0.17 0.20 0.22 0.24 0.20 0.20 0.00 0.17 0.25 0.08 0.13 0.03 0.20 0.30 0.32 0.19 0.24 0.25 0.23 0.18 0.08 0.23 0.30 0.27 0.27 0.07 0.12 0.23 0.26 0.14 0.30 0.30 0.28 0.32 0.13 0.30 0.12 0.09 0.20 0.18 0.22 0.08 0.28 0.31 0.15 0.15 0.21 0.27 0.23 0.16 0.09 0.15 0.27 0.21 0.11 0.25 0.25 0.29 0.09 0.28 0.24 0.18 0.25 0.28 0.06 0.20 0.26 0.09 0.06 0.12 0.29 0.25 0.20 0.13 0.20 0.31 0.21 0.29 0.27 0.25 0.14 0.23 0.11 0.25 0.12 0.13 0.03 0.18 0.12 0.20 0.30 0.11 0.26 0.28 0.31 0.17 0.17 0.31
0.16 0.24 0.00 0.17 0.08 0.06 0.06 0.11 0.17 0.00 0.16 0.14 0.14 0.21 0.03 0.13 0.29 0.02 0.17 0.09 0.06 0.18 0.09 0.06 0.27 0.10 0.10 0.20 0.15 0.18 0.09 0.11 0.12 0.13 0.11 0.29 0.06 0.12 0.11 0.09 0.07 0.02 0.19 0.22 0.26 0.14 0.06 0.17 0.04 0.18 0.09 0.16 0.08 0.09 0.09 0.04 0.07 0.07 0.13 0.15 0.17 0.25 0.09 0.15 0.22 0.26 0.12 0.09 0.13 0.09 0.12 0.09 0.26 0.12 0.03 0.11 0.17 0.28 0.04 0.12 0.11 0.07 0.21 0.13 0.07 0.07 0.11 0.25 0.14 0.09 0.05 0.17 0.13 0.07 0.09 0.25 0.13 0.15 0.04 0.13
0.24 0.17 0.16 0.17 0.24 0.15 0.22 0.05 0.25 0.16 0.00 0.21 0.29 0.28 0.13 0.18 0.14 0.16 0.02 0.07 0.14 0.26 0.17 0.15 0.14 0.17 0.13 0.27 0.22 0.03 0.15 0.27 0.19 0.18 0.08 0.14 0.22 0.08 0.27 0.21 0.09 0.18 0.07 0.29 0.10 0.06 0.22 0.24 0.15 0.03 0.07 0.32 0.16 0.09 0.12 0.19 0.21 0.20 0.03 0.04 0.24 0.09 0.25 0.14 0.13 0.11 0.21 0.25 0.03 0.17 0.24 0.13 0.10 0.04 0.17 0.12 0.04 0.12 0.17 0.16 0.05 0.23 0.28 0.03 0.14 0.23 0.18 0.32 0.21 0.07 0.12 0.12 0.18 0.14 0.20 0.12 0.07 0.17 0.20 0.11
0.08 0.18 0.14 0.11 0.18 0.20 0.16 0.16 0.08 0.14 0.21 0.00 0.19 0.07 0.17 0.27 0.24 0.15 0.20 0.21 0.20 0.10 0.06 0.20 0.21 0.23 0.23 0.06 0.04 0.19 0.22 0.16 0.26 0.26 0.24 0.24 0.12 0.26 0.16 0.11 0.16 0.15 0.14 0.09 0.20 0.27 0.12 0.07 0.17 0.23 0.19 0.21 0.06 0.12 0.23 0.17 0.11 0.21 0.21 0.25 0.04 0.19 0.20 0.10 0.17 0.20 0.11 0.16 0.22 0.07 0.14 0.08 0.21 0.21 0.17 0.09 0.16 0.22 0.17 0.25 0.24 0.21 0.07 0.20 0.07 0.21 0.04 0.11 0.09 0.15 0.09 0.11 0.27 0.07 0.22 0.20 0.27 0.09 0.13 0.27
0.12 0.38 0.14 0.30 0.09 0.14 0.07 0.24 0.13 0.14 0.29 0.19 0.00 0.16 0.17 0.17 0.43 0.14 0.31 0.23 0.15 0.29 0.13 0.14 0.40 0.14 0.16 0.18 0.23 0.32 0.15 0.03 0.17 0.17 0.21 0.43 0.07 0.21 0.03 0.08 0.21 0.12 0.33 0.19 0.39 0.25 0.07 0.26 0.14 0.32 0.23 0.03 0.13 0.23 0.18 0.11 0.08 0.12 0.27 0.28 0.20 0.38 0.11 0.29 0.36 0.39 0.08 0.07 0.26 0.12 0.08 0.23 0.40 0.25 0.12 0.24 0.31 0.41 0.13 0.16 0.24 0.12 0.25 0.27 0.17 0.12 0.23 0.24 0.11 0.22 0.17 0.30 0.17 0.20 0.13 0.39 0.23 0.28 0.10 0.19
0.04 0.24 0.21 0.16 0.25 0.27 0.23 0.23 0.03 0.21 0.28 0.07 0.16 0.00 0.24 0.34 0.29 0.23 0.27 0.28 0.27 0.15 0.11 0.27 0.26 0.30 0.30 0.04 0.09 0.26 0.29 0.17 0.33 0.33 0.31 0.29 0.16 0.33 0.15 0.12 0.23 0.21 0.21 0.05 0.25 0.34 0.18 0.12 0.24 0.30 0.26 0.19 0.12 0.19 0.30 0.24 0.14 0.28 0.28 0.32 0.06 0.24 0.27 0.15 0.21 0.25 0.09 0.23 0.29 0.12 0.09 0.15 0.26 0.28 0.24 0.16 0.23 0.27 0.24 0.32 0.31 0.28 0.11 0.27 0.14 0.28 0.10 0.10 0.07 0.21 0.16 0.16 0.34 0.14 0.29 0.25 0.34 0.14 0.20 0.34
0.19 0.21 0.03 0.14 0.11 0.03 0.09 0.08 0.20 0.03 0.13 0.17 0.17 0.24 0.00 0.10 0.26 0.03 0.14 0.06 0.03 0.21 0.12 0.03 0.24 0.07 0.07 0.23 0.17 0.15 0.06 0.14 0.10 0.10 0.07 0.26 0.09 0.10 0.14 0.12 0.04 0.05 0.16 0.25 0.23 0.11 0.09 0.20 0.03 0.15 0.06 0.19 0.11 0.06 0.06 0.06 0.10 0.07 0.10 0.12 0.20 0.22 0.12 0.12 0.19 0.23 0.15 0.12 0.10 0.12 0.15 0.09 0.23 0.09 0.04 0.07 0.14 0.25 0.04 0.09 0.07 0.10 0.24 0.10 0.10 0.10 0.14 0.28 0.17 0.06 0.08 0.14 0.10 0.10 0.07 0.22 0.10 0.12 0.07 0.10
0.29 0.26 0.13 0.22 0.08 0.07 0.11 0.13 0.30 0.13 0.18 0.27 0.17 0.34 0.10 0.00 0.31 0.11 0.19 0.11 0.07 0.31 0.22 0.07 0.29 0.04 0.04 0.33 0.28 0.20 0.04 0.16 0.01 0.01 0.10 0.31 0.17 0.10 0.19 0.22 0.10 0.12 0.21 0.35 0.28 0.13 0.15 0.30 0.10 0.20 0.11 0.15 0.21 0.15 0.06 0.10 0.20 0.06 0.15 0.17 0.30 0.27 0.07 0.20 0.24 0.28 0.25 0.11 0.15 0.22 0.25 0.19 0.28 0.14 0.10 0.17 0.19 0.30 0.09 0.02 0.12 0.06 0.34 0.15 0.20 0.06 0.24 0.38 0.27 0.12 0.18 0.19 0.00 0.20 0.04 0.27 0.11 0.22 0.14 0.07
0.32 0.08 0.29 0.12 0.37 0.29 0.36 0.18 0.32 0.29 0.14 0.24 0.43 0.29 0.26 0.31 0.00 0.29 0.12 0.20 0.27 0.17 0.30 0.29 0.04 0.31 0.27 0.25 0.20 0.11 0.28 0.40 0.32 0.32 0.21 0.03 0.36 0.22 0.40 0.35 0.22 0.31 0.10 0.24 0.04 0.18 0.36 0.17 0.29 0.11 0.20 0.45 0.30 0.20 0.25 0.32 0.35 0.34 0.16 0.15 0.23 0.04 0.38 0.14 0.07 0.04 0.35 0.38 0.17 0.31 0.38 0.20 0.03 0.17 0.30 0.19 0.12 0.02 0.30 0.30 0.19 0.36 0.19 0.16 0.26 0.36 0.20 0.23 0.32 0.21 0.26 0.12 0.31 0.23 0.34 0.04 0.20 0.15 0.33 0.24
0.18 0.24 0.02 0.17 0.08 0.04 0.06 0.11 0.19 0.02 0.16 0.15 0.14 0.23 0.03 0.11 0.29 0.00 0.17 0.09 0.04 0.20 0.11 0.04 0.27 0.07 0.07 0.21 0.17 0.18 0.07 0.11 0.11 0.11 0.09 0.29 0.06 0.11 0.11 0.11 0.07 0.02 0.19 0.24 0.26 0.12 0.06 0.18 0.02 0.18 0.09 0.16 0.10 0.09 0.07 0.03 0.09 0.05 0.13 0.15 0.19 0.25 0.09 0.15 0.22 0.26 0.14 0.09 0.13 0.11 0.14 0.09 0.26 0.12 0.01 0.11 0.17 0.28 0.02 0.10 0.11 0.07 0.23 0.13 0.09 0.07 0.12 0.27 0.16 0.09 0.07 0.17 0.11 0.09 0.07 0.25 0.11 0.15 0.04 0.11
0.23 0.17 0.17 0.16 0.25 0.17 0.24 0.07 0.24 0.17 0.02 0.20 0.31 0.27 0.14 0.19 0.12 0.17 0.00 0.08 0.15 0.25 0.17 0.17 0.13 0.19 0.15 0.26 0.21 0.01 0.16 0.28 0.20 0.20 0.09 0.12 0.24 0.10 0.28 0.23 0.10 0.19 0.07 0.29 0.08 0.07 0.24 0.23 0.17 0.03 0.08 0.33 0.18 0.09 0.13 0.20 0.23 0.21 0.04 0.04 0.24 0.07 0.26 0.14 0.12 0.11 0.23 0.26 0.04 0.19 0.26 0.12 0.10 0.06 0.18 0.11 0.04 0.11 0.18 0.18 0.07 0.24 0.28 0.04 0.14 0.24 0.17 0.31 0.21 0.09 0.14 0.12 0.19 0.14 0.22 0.11 0.08 0.16 0.21 0.12
0.24 0.17 0.09 0.17 0.17 0.09 0.15 0.04 0.25 0.09 0.07 0.21 0.23 0.28 0.06 0.11 0.20 0.09 0.08 0.00 0.07 0.26 0.17 0.09 0.17 0.11 0.07 0.27 0.22 0.09 0.08 0.20 0.12 0.12 0.03 0.20 0.15 0.05 0.20 0.16 0.04 0.11 0.10 0.29 0.16 0.06 0.15 0.24 0.09 0.09 0.02 0.25 0.15 0.09 0.05 0.12 0.15 0.14 0.04 0.06 0.24 0.15 0.18 0.14 0.13 0.16 0.19 0.18 0.04 0.16 0.20 0.13 0.17 0.03 0.10 0.12 0.08 0.18 0.10 0.10 0.03 0.16 0.28 0.04 0.14 0.16 0.18 0.32 0.21 0.06 0.12 0.12 0.11 0.14 0.14 0.16 0.06 0.17 0.13 0.06
0.22 0.22 0.06 0.15 0.10 0.01 0.08 0.09 0.23 0.06 0.14 0.20 0.15 0.27 0.03 0.07 0.27 0.04 0.15 0.07 0.00 0.24 0.15 0.02 0.25 0.04 0.04 0.26 0.21 0.16 0.03 0.13 0.07 0.07 0.06 0.27 0.10 0.07 0.13 0.15 0.05 0.05 0.17 0.28 0.24 0.09 0.08 0.23 0.03 0.16 0.07 0.18 0.14 0.08 0.03 0.05 0.12 0.06 0.11 0.13 0.23 0.23 0.11 0.14 0.20 0.24 0.17 0.11 0.11 0.15 0.18 0.12 0.24 0.10 0.03 0.11 0.15 0.26 0.03 0.06 0.09 0.09 0.27 0.11 0.13 0.09 0.17 0.31 0.20 0.07 0.11 0.15 0.07 0.13 0.07 0.23 0.07 0.15 0.07 0.07
0.17 0.09 0.18 0.09 0.23 0.25 0.21 0.21 0.18 0.18 0.26 0.10 0.29 0.15 0.21 0.31 0.17 0.20 0.25 0.26 0.24 0.00 0.15 0.24 0.12 0.28 0.28 0.11 0.06 0.24 0.27 0.26 0.31 0.31 0.29 0.14 0.21 0.31 0.26 0.21 0.21 0.19 0.18 0.10 0.19 0.32 0.21 0.03 0.22 0.28 0.24 0.31 0.16 0.17 0.28 0.22 0.21 0.26 0.26 0.30 0.09 0.21 0.25 0.11 0.13 0.14 0.21 0.24 0.27 0.17 0.24 0.12 0.15 0.26 0.21 0.14 0.21 0.17 0.22 0.30 0.28 0.26 0.04 0.24 0.12 0.26 0.08 0.06 0.18 0.19 0.14 0.14 0.31 0.12 0.27 0.14 0.32 0.09 0.19 0.32
0.07 0.24 0.09 0.17 0.14 0.15 0.12 0.12 0.08 0.09 0.17 0.06 0.13 0.11 0.12 0.22 0.30 0.11 0.17 0.17 0.15 0.15 0.00 0.15 0.27 0.19 0.19 0.10 0.10 0.18 0.18 0.11 0.22 0.22 0.20 0.30 0.06 0.22 0.11 0.06 0.12 0.10 0.20 0.13 0.26 0.23 0.07 0.12 0.13 0.18 0.15 0.16 0.01 0.10 0.18 0.13 0.05 0.17 0.17 0.21 0.08 0.25 0.16 0.16 0.22 0.26 0.05 0.12 0.18 0.02 0.08 0.10 0.26 0.17 0.12 0.11 0.17 0.28 0.13 0.21 0.19 0.17 0.12 0.15 0.04 0.17 0.09 0.15 0.05 0.10 0.04 0.17 0.22 0.07 0.18 0.25 0.23 0.15 0.09 0.23
0.22 0.24 0.06 0.16 0.08 0.00 0.07 0.10 0.23 0.06 0.15 0.20 0.14 0.27 0.03 0.07 0.29 0.04 0.17 0.09 0.02 0.24 0.15 0.00 0.26 0.04 0.04 0.26 0.21 0.18 0.03 0.11 0.07 0.07 0.07 0.29 0.10 0.07 0.12 0.15 0.07 0.05 0.19 0.28 0.25 0.11 0.08 0.23 0.03 0.18 0.09 0.17 0.14 0.09 0.04 0.04 0.12 0.05 0.12 0.14 0.23 0.24 0.09 0.15 0.21 0.25 0.17 0.10 0.12 0.15 0.18 0.12 0.26 0.11 0.03 0.11 0.17 0.27 0.02 0.06 0.10 0.07 0.27 0.12 0.13 0.07 0.17 0.31 0.20 0.08 0.11 0.16 0.07 0.13 0.05 0.25 0.09 0.15 0.07 0.07
0.29 0.04 0.27 0.10 0.35 0.26 0.33 0.16 0.30 0.27 0.14 0.21 0.40 0.26 0.24 0.29 0.04 0.27 0.13 0.17 0.25 0.12 0.27 0.26 0.00 0.28 0.24 0.22 0.17 0.12 0.26 0.38 0.30 0.30 0.19 0.03 0.33 0.19 0.38 0.33 0.20 0.29 0.07 0.21 0.07 0.20 0.33 0.15 0.26 0.15 0.18 0.43 0.27 0.17 0.23 0.30 0.32 0.31 0.14 0.17 0.21 0.09 0.36 0.11 0.05 0.02 0.32 0.36 0.15 0.29 0.35 0.17 0.03 0.15 0.28 0.16 0.10 0.04 0.28 0.27 0.16 0.34 0.16 0.14 0.24 0.34 0.18 0.18 0.30 0.18 0.23 0.10 0.29 0.21 0.31 0.02 0.20 0.12 0.31 0.21
0.26 0.26 0.10 0.19 0.06 0.03 0.07 0.12 0.27 0.10 0.17 0.23 0.14 0.30 0.07 0.04 0.31 0.07 0.19 0.11 0.04 0.28 0.19 0.04 0.28 0.00 0.04 0.29 0.24 0.20 0.03 0.13 0.03 0.03 0.10 0.31 0.14 0.09 0.15 0.18 0.09 0.09 0.21 0.32 0.27 0.12 0.12 0.26 0.06 0.20 0.11 0.15 0.17 0.11 0.06 0.06 0.16 0.03 0.15 0.16 0.27 0.26 0.07 0.17 0.24 0.27 0.21 0.07 0.14 0.18 0.22 0.15 0.28 0.13 0.07 0.14 0.19 0.29 0.06 0.02 0.12 0.06 0.31 0.15 0.16 0.06 0.20 0.34 0.24 0.10 0.14 0.18 0.04 0.16 0.03 0.27 0.11 0.19 0.10 0.07
0.26 0.21 0.10 0.19 0.10 0.03 0.09 0.08 0.27 0.10 0.13 0.23 0.16 0.30 0.07 0.04 0.27 0.07 0.15 0.07 0.04 0.28 0.19 0.04 0.24 0.04 0.00 0.29 0.24 0.16 0.01 0.13 0.06 0.05 0.06 0.27 0.14 0.05 0.15 0.18 0.07 0.09 0.17 0.32 0.23 0.09 0.12 0.26 0.06 0.16 0.07 0.18 0.17 0.11 0.02 0.06 0.16 0.07 0.11 0.12 0.27 0.22 0.11 0.17 0.20 0.23 0.21 0.12 0.10 0.18 0.22 0.15 0.24 0.09 0.07 0.14 0.15 0.25 0.06 0.03 0.08 0.10 0.31 0.11 0.16 0.10 0.20 0.34 0.24 0.09 0.14 0.14 0.04 0.16 0.07 0.23 0.07 0.19 0.10 0.04
0.07 0.20 0.20 0.12 0.24 0.26 0.22 0.22 0.07 0.20 0.27 0.06 0.18 0.04 0.23 0.33 0.25 0.21 0.26 0.27 0.26 0.11 0.10 0.26 0.22 0.29 0.29 0.00 0.05 0.25 0.28 0.16 0.32 0.32 0.30 0.25 0.15 0.32 0.15 0.11 0.22 0.21 0.20 0.03 0.21 0.33 0.17 0.07 0.23 0.29 0.25 0.21 0.12 0.18 0.29 0.23 0.13 0.27 0.27 0.31 0.03 0.22 0.26 0.12 0.17 0.21 0.10 0.22 0.28 0.11 0.13 0.14 0.21 0.27 0.23 0.15 0.22 0.23 0.23 0.31 0.30 0.27 0.07 0.26 0.13 0.27 0.09 0.06 0.07 0.21 0.15 0.15 0.33 0.13 0.28 0.21 0.33 0.10 0.19 0.33
0.12 0.15 0.15 0.07 0.19 0.21 0.17 0.17 0.12 0.15 0.22 0.04 0.23 0.09 0.17 0.28 0.20 0.17 0.21 0.22 0.21 0.06 0.10 0.21 0.17 0.24 0.24 0.05 0.00 0.20 0.23 0.20 0.27 0.27 0.25 0.20 0.16 0.27 0.20 0.15 0.17 0.15 0.15 0.07 0.16 0.28 0.16 0.03 0.18 0.24 0.20 0.26 0.10 0.13 0.24 0.18 0.15 0.22 0.22 0.26 0.04 0.17 0.21 0.07 0.12 0.16 0.15 0.18 0.23 0.11 0.18 0.09 0.17 0.22 0.17 0.10 0.17 0.18 0.18 0.26 0.25 0.22 0.07 0.21 0.08 0.22 0.04 0.10 0.12 0.15 0.10 0.10 0.28 0.08 0.23 0.15 0.28 0.05 0.14 0.28
0.22 0.16 0.18 0.15 0.26 0.17 0.25 0.07 0.23 0.18 0.03 0.19 0.32 0.26 0.15 0.20 0.11 0.18 0.01 0.09 0.16 0.24 0.18 0.18 0.12 0.20 0.16 0.25 0.20 0.00 0.17 0.29 0.21 0.21 0.10 0.11 0.25 0.11 0.29 0.24 0.11 0.20 0.06 0.28 0.07 0.08 0.25 0.22 0.18 0.04 0.09 0.34 0.19 0.09 0.14 0.21 0.24 0.23 0.05 0.06 0.23 0.07 0.27 0.13 0.11 0.10 0.24 0.27 0.06 0.20 0.27 0.12 0.09 0.07 0.19 0.10 0.03 0.10 0.19 0.19 0.08 0.25 0.27 0.05 0.15 0.25 0.16 0.30 0.21 0.10 0.15 0.11 0.20 0.12 0.23 0.10 0.09 0.15 0.22 0.13
0.25 0.23 0.09 0.18 0.09 0.03 0.07 0.10 0.26 0.09 0.15 0.22 0.15 0.29 0.06 0.04 0.28 0.07 0.16 0.08 0.03 0.27 0.18 0.03 0.26 0.03 0.01 0.28 0.23 0.17 0.00 0.12 0.04 0.04 0.07 0.28 0.13 0.06 0.15 0.17 0.06 0.08 0.18 0.31 0.24 0.10 0.11 0.25 0.05 0.17 0.08 0.17 0.17 0.11 0.03 0.05 0.15 0.06 0.12 0.14 0.26 0.24 0.10 0.16 0.21 0.24 0.20 0.10 0.12 0.17 0.21 0.15 0.25 0.11 0.06 0.13 0.16 0.27 0.05 0.03 0.09 0.08 0.30 0.12 0.15 0.08 0.19 0.33 0.23 0.08 0.14 0.15 0.04 0.15 0.06 0.24 0.08 0.18 0.10 0.04
0.13 0.35 0.11 0.28 0.08 0.12 0.06 0.21 0.14 0.11 0.27 0.16 0.03 0.17 0.14 0.16 0.40 0.11 0.28 0.20 0.13 0.26 0.11 0.11 0.38 0.13 0.13 0.16 0.20 0.29 0.12 0.00 0.16 0.16 0.19 0.40 0.04 0.18 0.03 0.06 0.18 0.09 0.30 0.19 0.36 0.22 0.04 0.23 0.11 0.29 0.20 0.05 0.10 0.20 0.15 0.08 0.05 0.11 0.24 0.26 0.17 0.36 0.10 0.26 0.33 0.36 0.08 0.06 0.24 0.09 0.09 0.20 0.37 0.23 0.10 0.21 0.28 0.39 0.10 0.15 0.21 0.11 0.22 0.24 0.14 0.11 0.20 0.21 0.11 0.19 0.15 0.28 0.16 0.17 0.12 0.36 0.20 0.26 0.07 0.17
0.29 0.27 0.12 0.22 0.08 0.06 0.10 0.14 0.30 0.12 0.19 0.26 0.17 0.33 0.10 0.01 0.32 0.11 0.20 0.12 0.07 0.31 0.22 0.07 0.30 0.03 0.06 0.32 0.27 0.21 0.04 0.16 0.00 0.00 0.11 0.32 0.17 0.11 0.18 0.21 0.10 0.12 0.22 0.35 0.29 0.14 0.15 0.29 0.09 0.21 0.12 0.14 0.21 0.14 0.07 0.09 0.19 0.05 0.16 0.18 0.30 0.28 0.06 0.20 0.25 0.29 0.24 0.10 0.16 0.21 0.25 0.18 0.29 0.15 0.10 0.17 0.20 0.31 0.09 0.03 0.14 0.05 0.34 0.16 0.19 0.05 0.23 0.37 0.27 0.12 0.17 0.20 0.01 0.19 0.04 0.28 0.12 0.22 0.13 0.08
0.29 0.27 0.13 0.22 0.08 0.07 0.11 0.14 0.30 0.13 0.18 0.26 0.17 0.33 0.10 0.01 0.32 0.11 0.20 0.12 0.07 0.31 0.22 0.07 0.30 0.03 0.05 0.32 0.27 0.21 0.04 0.16 0.00 0.00 0.11 0.32 0.17 0.10 0.18 0.21 0.10 0.12 0.22 0.35 0.28 0.14 0.15 0.29 0.09 0.21 0.12 0.14 0.21 0.15 0.07 0.09 0.19 0.06 0.16 0.17 0.30 0.28 0.06 0.20 0.25 0.28 0.24 0.10 0.15 0.21 0.25 0.18 0.29 0.15 0.10 0.17 0.20 0.31 0.09 0.02 0.13 0.05 0.34 0.16 0.20 0.05 0.23 0.37 0.27 0.12 0.17 0.20 0.01 0.20 0.04 0.28 0.12 0.22 0.14 0.08
0.27 0.21 0.11 0.20 0.16 0.07 0.14 0.08 0.28 0.11 0.08 0.24 0.21 0.31 0.07 0.10 0.21 0.09 0.09 0.03 0.06 0.29 0.20 0.07 0.19 0.10 0.06 0.30 0.25 0.10 0.07 0.19 0.11 0.11 0.00 0.21 0.15 0.02 0.19 0.19 0.08 0.10 0.11 0.33 0.17 0.03 0.14 0.27 0.07 0.10 0.05 0.24 0.18 0.12 0.04 0.11 0.17 0.12 0.05 0.07 0.28 0.17 0.17 0.17 0.16 0.17 0.22 0.17 0.05 0.19 0.23 0.16 0.18 0.04 0.09 0.15 0.09 0.20 0.09 0.09 0.03 0.15 0.32 0.05 0.17 0.15 0.21 0.35 0.25 0.10 0.15 0.15 0.10 0.17 0.12 0.17 0.03 0.20 0.12 0.03
0.32 0.05 0.29 0.12 0.37 0.29 0.36 0.18 0.32 0.29 0.14 0.24 0.43 0.29 0.26 0.31 0.03 0.29 0.12 0.20 0.27 0.14 0.30 0.29 0.03 0.31 0.27 0.25 0.20 0.11 0.28 0.40 0.32 0.32 0.21 0.00 0.36 0.22 0.40 0.35 0.22 0.31 0.10 0.24 0.06 0.18 0.36 0.17 0.29 0.14 0.20 0.45 0.30 0.20 0.25 0.32 0.35 0.34 0.16 0.16 0.23 0.07 0.38 0.14 0.07 0.04 0.35 0.38 0.17 0.31 0.38 0.20 0.03 0.17 0.30 0.19 0.12 0.03 0.30 0.30 0.19 0.36 0.18 0.16 0.26 0.36 0.20 0.20 0.32 0.21 0.26 0.12 0.31 0.23 0.34 0.04 0.20 0.15 0.33 0.24
0.12 0.30 0.06 0.23 0.09 0.11 0.07 0.17 0.13 0.06 0.22 0.12 0.07 0.16 0.09 0.17 0.36 0.06 0.24 0.15 0.10 0.21 0.06 0.10 0.33 0.14 0.14 0.15 0.16 0.25 0.13 0.04 0.17 0.17 0.15 0.36 0.00 0.17 0.04 0.04 0.14 0.05 0.26 0.18 0.32 0.18 0.02 0.18 0.08 0.25 0.15 0.10 0.06 0.15 0.14 0.08 0.02 0.12 0.19 0.21 0.13 0.31 0.11 0.22 0.28 0.32 0.07 0.07 0.19 0.04 0.08 0.15 0.32 0.18 0.07 0.17 0.24 0.34 0.08 0.16 0.17 0.12 0.17 0.19 0.10 0.12 0.15 0.20 0.10 0.15 0.10 0.23 0.17 0.12 0.13 0.31 0.17 0.21 0.04 0.17
0.29 0.23 0.12 0.22 0.15 0.07 0.14 0.10 0.30 0.12 0.08 0.26 0.21 0.33 0.10 0.10 0.22 0.11 0.10 0.05 0.07 0.31 0.22 0.07 0.19 0.09 0.05 0.32 0.27 0.11 0.06 0.18 0.11 0.10 0.02 0.22 0.17 0.00 0.18 0.21 0.10 0.12 0.12 0.35 0.18 0.04 0.15 0.29 0.09 0.11 0.07 0.24 0.21 0.14 0.03 0.11 0.19 0.12 0.06 0.07 0.30 0.17 0.16 0.20 0.18 0.18 0.24 0.17 0.05 0.21 0.25 0.18 0.18 0.05 0.10 0.17 0.10 0.20 0.09 0.08 0.03 0.15 0.34 0.07 0.19 0.15 0.23 0.37 0.27 0.12 0.17 0.17 0.10 0.19 0.12 0.17 0.02 0.22 0.13 0.02
0.11 0.35 0.11 0.28 0.11 0.12 0.08 0.21 0.12 0.11 0.27 0.16 0.03 0.15 0.14 0.19 0.40 0.11 0.28 0.20 0.13 0.26 0.11 0.12 0.38 0.15 0.15 0.15 0.20 0.29 0.15 0.03 0.18 0.18 0.19 0.40 0.04 0.18 0.00 0.05 0.18 0.09 0.30 0.16 0.36 0.22 0.04 0.23 0.11 0.29 0.20 0.05 0.10 0.20 0.15 0.09 0.05 0.13 0.24 0.26 0.17 0.36 0.12 0.26 0.33 0.36 0.06 0.08 0.24 0.09 0.07 0.20 0.37 0.23 0.10 0.21 0.28 0.39 0.10 0.17 0.21 0.13 0.22 0.24 0.14 0.13 0.20 0.21 0.08 0.19 0.15 0.28 0.19 0.17 0.14 0.36 0.20 0.26 0.07 0.19
0.07 0.30 0.09 0.23 0.14 0.15 0.11 0.17 0.09 0.09 0.21 0.11 0.08 0.12 0.12 0.22 0.35 0.11 0.23 0.16 0.15 0.21 0.06 0.15 0.33 0.18 0.18 0.11 0.15 0.24 0.17 0.06 0.21 0.21 0.19 0.35 0.04 0.21 0.05 0.00 0.13 0.10 0.25 0.13 0.31 0.22 0.07 0.18 0.12 0.24 0.15 0.10 0.05 0.15 0.18 0.12 0.02 0.16 0.19 0.21 0.12 0.31 0.15 0.21 0.28 0.31 0.03 0.11 0.18 0.04 0.04 0.15 0.32 0.17 0.12 0.16 0.23 0.34 0.12 0.20 0.19 0.16 0.17 0.19 0.09 0.16 0.15 0.16 0.05 0.14 0.10 0.23 0.22 0.12 0.17 0.31 0.22 0.21 0.08 0.22
0.19 0.17 0.07 0.12 0.15 0.07 0.14 0.04 0.20 0.07 0.09 0.16 0.21 0.23 0.04 0.10 0.22 0.07 0.10 0.04 0.05 0.21 0.12 0.07 0.20 0.09 0.07 0.22 0.17 0.11 0.06 0.18 0.10 0.10 0.08 0.22 0.14 0.10 0.18 0.13 0.00 0.09 0.12 0.25 0.18 0.11 0.14 0.19 0.07 0.11 0.03 0.23 0.11 0.04 0.07 0.10 0.13 0.12 0.06 0.09 0.20 0.17 0.16 0.10 0.15 0.18 0.14 0.16 0.06 0.12 0.15 0.09 0.19 0.04 0.08 0.07 0.10 0.21 0.08 0.09 0.07 0.14 0.24 0.06 0.10 0.14 0.13 0.27 0.17 0.02 0.07 0.10 0.10 0.10 0.12 0.18 0.11 0.12 0.11 0.11
0.17 0.26 0.02 0.19 0.06 0.05 0.04 0.13 0.18 0.02 0.18 0.15 0.12 0.21 0.05 0.12 0.31 0.02 0.19 0.11 0.05 0.19 0.10 0.05 0.29 0.09 0.09 0.21 0.15 0.20 0.08 0.09 0.12 0.12 0.10 0.31 0.05 0.12 0.09 0.10 0.09 0.00 0.21 0.23 0.28 0.13 0.04 0.17 0.03 0.20 0.11 0.14 0.09 0.11 0.08 0.03 0.07 0.06 0.15 0.17 0.18 0.27 0.07 0.17 0.24 0.28 0.12 0.07 0.15 0.10 0.13 0.11 0.28 0.14 0.02 0.12 0.19 0.30 0.03 0.11 0.12 0.07 0.22 0.15 0.08 0.07 0.12 0.26 0.15 0.11 0.06 0.19 0.12 0.08 0.07 0.27 0.12 0.17 0.02 0.12
0.21 0.10 0.19 0.10 0.27 0.18 0.26 0.09 0.22 0.19 0.07 0.14 0.33 0.21 0.16 0.21 0.10 0.19 0.07 0.10 0.17 0.18 0.20 0.19 0.07 0.21 0.17 0.20 0.15 0.06 0.18 0.30 0.22 0.22 0.11 0.10 0.26 0.12 0.30 0.25 0.12 0.21 0.00 0.22 0.06 0.13 0.26 0.17 0.19 0.09 0.10 0.35 0.20 0.10 0.15 0.22 0.25 0.24 0.07 0.11 0.17 0.06 0.28 0.07 0.06 0.06 0.25 0.28 0.09 0.21 0.28 0.10 0.07 0.07 0.20 0.09 0.03 0.09 0.20 0.20 0.10 0.26 0.21 0.06 0.16 0.26 0.11 0.25 0.22 0.11 0.15 0.05 0.21 0.13 0.24 0.06 0.13 0.10 0.23 0.14
0.08 0.18 0.22 0.13 0.27 0.28 0.24 0.25 0.08 0.22 0.29 0.09 0.19 0.05 0.25 0.35 0.24 0.24 0.29 0.29 0.28 0.10 0.13 0.28 0.21 0.32 0.32 0.03 0.07 0.28 0.31 0.19 0.35 0.35 0.33 0.24 0.18 0.35 0.16 0.13 0.25 0.23 0.22 0.00 0.23 0.36 0.20 0.07 0.26 0.31 0.28 0.21 0.14 0.20 0.31 0.26 0.15 0.29 0.30 0.33 0.05 0.25 0.29 0.15 0.17 0.20 0.11 0.25 0.31 0.13 0.14 0.16 0.21 0.29 0.25 0.17 0.25 0.22 0.26 0.34 0.32 0.30 0.06 0.28 0.15 0.30 0.12 0.04 0.09 0.23 0.17 0.17 0.35 0.15 0.31 0.20 0.35 0.13 0.21 0.35
0.28 0.11 0.26 0.10 0.33 0.25 0.32 0.15 0.28 0.26 0.10 0.20 0.39 0.25 0.23 0.28 0.04 0.26 0.08 0.16 0.24 0.19 0.26 0.25 0.07 0.27 0.23 0.21 0.16 0.07 0.24 0.36 0.29 0.28 0.17 0.06 0.32 0.18 0.36 0.31 0.18 0.28 0.06 0.23 0.00 0.15 0.32 0.17 0.25 0.08 0.17 0.42 0.26 0.16 0.21 0.29 0.31 0.30 0.12 0.11 0.20 0.02 0.34 0.10 0.07 0.05 0.31 0.35 0.13 0.27 0.34 0.16 0.04 0.14 0.27 0.15 0.08 0.03 0.26 0.26 0.15 0.33 0.22 0.12 0.22 0.33 0.17 0.26 0.29 0.17 0.22 0.09 0.28 0.19 0.30 0.06 0.16 0.11 0.29 0.20
0.30 0.24 0.14 0.23 0.19 0.10 0.17 0.11 0.31 0.14 0.06 0.27 0.25 0.34 0.11 0.13 0.18 0.12 0.07 0.06 0.09 0.32 0.23 0.11 0.20 0.12 0.09 0.33 0.28 0.08 0.10 0.22 0.14 0.14 0.03 0.18 0.18 0.04 0.22 0.22 0.11 0.13 0.13 0.36 0.15 0.00 0.17 0.30 0.11 0.07 0.08 0.27 0.21 0.15 0.07 0.14 0.20 0.15 0.06 0.04 0.31 0.14 0.20 0.21 0.19 0.17 0.25 0.20 0.05 0.22 0.26 0.19 0.17 0.06 0.12 0.18 0.11 0.17 0.12 0.12 0.04 0.18 0.35 0.07 0.20 0.18 0.24 0.38 0.28 0.12 0.18 0.18 0.13 0.20 0.15 0.18 0.02 0.23 0.15 0.06
0.14 0.30 0.06 0.23 0.07 0.09 0.04 0.17 0.15 0.06 0.22 0.12 0.07 0.18 0.09 0.15 0.36 0.06 0.24 0.15 0.08 0.21 0.07 0.08 0.33 0.12 0.12 0.17 0.16 0.25 0.11 0.04 0.15 0.15 0.14 0.36 0.02 0.15 0.04 0.07 0.14 0.04 0.26 0.20 0.32 0.17 0.00 0.18 0.07 0.25 0.15 0.10 0.06 0.15 0.12 0.06 0.04 0.10 0.19 0.21 0.15 0.31 0.09 0.22 0.28 0.32 0.09 0.05 0.19 0.07 0.10 0.15 0.32 0.18 0.05 0.17 0.24 0.34 0.06 0.14 0.17 0.10 0.19 0.19 0.10 0.10 0.15 0.22 0.12 0.15 0.10 0.23 0.15 0.12 0.11 0.31 0.15 0.21 0.03 0.15
0.14 0.12 0.17 0.07 0.21 0.23 0.19 0.19 0.15 0.17 0.24 0.07 0.26 0.12 0.20 0.30 0.17 0.18 0.23 0.24 0.23 0.03 0.12 0.23 0.15 0.26 0.26 0.07 0.03 0.22 0.25 0.23 0.29 0.29 0.27 0.17 0.18 0.29 0.23 0.18 0.19 0.17 0.17 0.07 0.17 0.30 0.18 0.00 0.20 0.26 0.22 0.28 0.12 0.15 0.26 0.20 0.17 0.24 0.24 0.28 0.06 0.19 0.23 0.10 0.11 0.14 0.17 0.21 0.25 0.14 0.20 0.11 0.14 0.24 0.20 0.12 0.19 0.16 0.20 0.28 0.27 0.24 0.04 0.23 0.10 0.24 0.06 0.08 0.15 0.17 0.12 0.12 0.30 0.10 0.25 0.13 0.30 0.07 0.16 0.30
0.20 0.24 0.04 0.16 0.08 0.03 0.07 0.10 0.21 0.04 0.15 0.17 0.14 0.24 0.03 0.10 0.29 0.02 0.17 0.09 0.03 0.22 0.13 0.03 0.26 0.06 0.06 0.23 0.18 0.18 0.05 0.11 0.09 0.09 0.07 0.29 0.08 0.09 0.11 0.12 0.07 0.03 0.19 0.26 0.25 0.11 0.07 0.20 0.00 0.18 0.09 0.17 0.12 0.09 0.06 0.04 0.10 0.05 0.12 0.14 0.21 0.24 0.09 0.15 0.21 0.25 0.15 0.10 0.12 0.12 0.16 0.09 0.26 0.11 0.02 0.10 0.17 0.27 0.01 0.08 0.10 0.07 0.25 0.12 0.10 0.07 0.14 0.28 0.17 0.08 0.08 0.16 0.10 0.10 0.05 0.25 0.10 0.14 0.04 0.10
0.26 0.19 0.18 0.18 0.26 0.17 0.25 0.07 0.27 0.18 0.03 0.23 0.32 0.30 0.15 0.20 0.11 0.18 0.03 0.09 0.16 0.28 0.18 0.18 0.15 0.20 0.16 0.29 0.24 0.04 0.17 0.29 0.21 0.21 0.10 0.14 0.25 0.11 0.29 0.24 0.11 0.20 0.09 0.31 0.08 0.07 0.25 0.26 0.18 0.00 0.09 0.34 0.19 0.11 0.14 0.21 0.24 0.23 0.05 0.04 0.26 0.07 0.27 0.16 0.15 0.13 0.24 0.27 0.06 0.20 0.27 0.15 0.12 0.07 0.19 0.14 0.07 0.11 0.19 0.19 0.08 0.25 0.30 0.05 0.16 0.25 0.20 0.34 0.23 0.10 0.15 0.14 0.20 0.16 0.23 0.14 0.09 0.18 0.22 0.13
0.22 0.15 0.09 0.15 0.17 0.08 0.15 0.03 0.23 0.09 0.07 0.19 0.23 0.26 0.06 0.11 0.20 0.09 0.08 0.02 0.07 0.24 0.15 0.09 0.18 0.11 0.07 0.25 0.20 0.09 0.08 0.20 0.12 0.12 0.05 0.20 0.15 0.07 0.20 0.15 0.03 0.11 0.10 0.28 0.17 0.08 0.15 0.22 0.09 0.09 0.00 0.25 0.14 0.07 0.05 0.12 0.15 0.13 0.04 0.06 0.23 0.16 0.18 0.12 0.13 0.17 0.17 0.18 0.04 0.14 0.18 0.11 0.17 0.03 0.10 0.10 0.08 0.19 0.10 0.10 0.04 0.16 0.27 0.04 0.12 0.16 0.16 0.30 0.20 0.04 0.10 0.10 0.11 0.12 0.14 0.16 0.08 0.15 0.13 0.08
0.15 0.40 0.16 0.33 0.08 0.17 0.10 0.27 0.16 0.16 0.32 0.21 0.03 0.19 0.19 0.15 0.45 0.16 0.33 0.25 0.18 0.31 0.16 0.17 0.43 0.15 0.18 0.21 0.26 0.34 0.17 0.05 0.14 0.14 0.24 0.45 0.10 0.24 0.05 0.10 0.23 0.14 0.35 0.21 0.42 0.27 0.10 0.28 0.17 0.34 0.25 0.00 0.15 0.25 0.20 0.13 0.11 0.12 0.29 0.31 0.22 0.41 0.08 0.32 0.38 0.42 0.11 0.07 0.29 0.14 0.11 0.25 0.42 0.28 0.15 0.27 0.33 0.44 0.15 0.15 0.27 0.09 0.27 0.29 0.19 0.09 0.25 0.26 0.13 0.25 0.20 0.33 0.15 0.22 0.12 0.41 0.25 0.31 0.12 0.21
0.08 0.25 0.08 0.17 0.13 0.14 0.10 0.11 0.09 0.08 0.16 0.06 0.13 0.12 0.11 0.21 0.30 0.10 0.18 0.15 0.14 0.16 0.01 0.14 0.27 0.17 0.17 0.12 0.10 0.19 0.17 0.10 0.21 0.21 0.18 0.30 0.06 0.21 0.10 0.05 0.11 0.09 0.20 0.14 0.26 0.21 0.06 0.12 0.12 0.19 0.14 0.15 0.00 0.10 0.17 0.12 0.05 0.15 0.15 0.19 0.09 0.25 0.15 0.16 0.23 0.26 0.05 0.11 0.17 0.01 0.08 0.10 0.27 0.15 0.11 0.11 0.18 0.28 0.12 0.20 0.18 0.15 0.13 0.14 0.04 0.15 0.10 0.17 0.06 0.09 0.04 0.17 0.21 0.07 0.17 0.26 0.21 0.15 0.07 0.21
0.15 0.15 0.09 0.07 0.17 0.09 0.15 0.04 0.15 0.09 0.09 0.12 0.23 0.19 0.06 0.15 0.20 0.09 0.09 0.09 0.08 0.17 0.10 0.09 0.17 0.11 0.11 0.18 0.13 0.09 0.11 0.20 0.14 0.15 0.12 0.20 0.15 0.14 0.20 0.15 0.04 0.11 0.10 0.20 0.16 0.15 0.15 0.15 0.09 0.11 0.07 0.25 0.10 0.00 0.11 0.12 0.15 0.14 0.09 0.13 0.15 0.15 0.18 0.06 0.13 0.16 0.15 0.18 0.11 0.11 0.17 0.04 0.17 0.09 0.10 0.03 0.08 0.18 0.10 0.13 0.12 0.16 0.19 0.08 0.06 0.16 0.09 0.23 0.12 0.03 0.06 0.07 0.15 0.05 0.14 0.16 0.15 0.07 0.13 0.15
0.26 0.20 0.09 0.18 0.12 0.04 0.11 0.07 0.27 0.09 0.12 0.23 0.18 0.30 0.06 0.06 0.25 0.07 0.13 0.05 0.03 0.28 0.18 0.04 0.23 0.06 0.02 0.29 0.24 0.14 0.03 0.15 0.07 0.07 0.04 0.25 0.14 0.03 0.15 0.18 0.07 0.08 0.15 0.31 0.21 0.07 0.12 0.26 0.06 0.14 0.05 0.20 0.17 0.11 0.00 0.07 0.16 0.09 0.09 0.11 0.26 0.21 0.13 0.16 0.18 0.21 0.21 0.13 0.09 0.18 0.21 0.15 0.22 0.07 0.06 0.14 0.13 0.24 0.06 0.05 0.06 0.11 0.30 0.09 0.16 0.11 0.20 0.34 0.23 0.08 0.14 0.14 0.06 0.16 0.09 0.21 0.05 0.18 0.10 0.04
0.20 0.27 0.04 0.20 0.05 0.04 0.03 0.14 0.21 0.04 0.19 0.17 0.11 0.24 0.06 0.10 0.32 0.03 0.20 0.12 0.05 0.22 0.13 0.04 0.30 0.06 0.06 0.23 0.18 0.21 0.05 0.08 0.09 0.09 0.11 0.32 0.08 0.11 0.09 0.12 0.10 0.03 0.22 0.26 0.29 0.14 0.06 0.20 0.04 0.21 0.12 0.13 0.12 0.12 0.07 0.00 0.10 0.04 0.16 0.18 0.21 0.28 0.06 0.18 0.25 0.29 0.15 0.06 0.16 0.12 0.16 0.12 0.29 0.15 0.02 0.14 0.20 0.31 0.02 0.08 0.14 0.04 0.25 0.16 0.10 0.04 0.14 0.28 0.17 0.12 0.08 0.20 0.10 0.10 0.05 0.28 0.12 0.18 0.04 0.10
0.10 0.30 0.07 0.22 0.11 0.13 0.09 0.16 0.11 0.07 0.21 0.11 0.08 0.14 0.10 0.20 0.35 0.09 0.23 0.15 0.12 0.21 0.05 0.12 0.32 0.16 0.16 0.13 0.15 0.24 0.15 0.05 0.19 0.19 0.17 0.35 0.02 0.19 0.05 0.02 0.13 0.07 0.25 0.15 0.31 0.20 0.04 0.17 0.10 0.24 0.15 0.11 0.05 0.15 0.16 0.10 0.00 0.14 0.18 0.20 0.12 0.30 0.13 0.21 0.28 0.31 0.05 0.09 0.18 0.04 0.06 0.15 0.32 0.17 0.10 0.16 0.23 0.33 0.10 0.18 0.17 0.14 0.17 0.18 0.09 0.14 0.15 0.18 0.07 0.14 0.09 0.22 0.20 0.12 0.15 0.31 0.20 0.20 0.06 0.20
0.24 0.28 0.07 0.21 0.04 0.05 0.05 0.15 0.25 0.07 0.20 0.21 0.12 0.28 0.07 0.06 0.34 0.05 0.21 0.14 0.06 0.26 0.17 0.05 0.31 0.03 0.07 0.27 0.22 0.23 0.06 0.11 0.05 0.06 0.12 0.34 0.12 0.12 0.13 0.16 0.12 0.06 0.24 0.29 0.30 0.15 0.10 0.24 0.05 0.23 0.13 0.12 0.15 0.14 0.09 0.04 0.14 0.00 0.17 0.19 0.24 0.29 0.04 0.20 0.26 0.30 0.19 0.05 0.17 0.16 0.20 0.14 0.30 0.16 0.04 0.15 0.21 0.32 0.04 0.04 0.15 0.03 0.28 0.17 0.14 0.03 0.18 0.32 0.21 0.13 0.12 0.21 0.06 0.14 0.01 0.29 0.14 0.19 0.08 0.10
0.24 0.17 0.13 0.17 0.21 0.12 0.19 0.05 0.25 0.13 0.03 0.21 0.27 0.28 0.10 0.15 0.16 0.13 0.04 0.04 0.11 0.26 0.17 0.12 0.14 0.15 0.11 0.27 0.22 0.05 0.12 0.24 0.16 0.16 0.05 0.16 0.19 0.06 0.24 0.19 0.06 0.15 0.07 0.30 0.12 0.06 0.19 0.24 0.12 0.05 0.04 0.29 0.15 0.09 0.09 0.16 0.18 0.17 0.00 0.04 0.25 0.12 0.22 0.15 0.13 0.12 0.19 0.22 0.01 0.16 0.21 0.13 0.13 0.01 0.14 0.12 0.05 0.15 0.14 0.14 0.03 0.20 0.29 0.02 0.14 0.20 0.18 0.32 0.21 0.07 0.12 0.12 0.15 0.14 0.17 0.12 0.06 0.17 0.17 0.08
0.28 0.21 0.15 0.21 0.23 0.14 0.21 0.09 0.29 0.15 0.04 0.25 0.28 0.32 0.12 0.17 0.15 0.15 0.04 0.06 0.13 0.30 0.21 0.14 0.17 0.16 0.12 0.31 0.26 0.06 0.14 0.26 0.18 0.17 0.07 0.16 0.21 0.07 0.26 0.21 0.09 0.17 0.11 0.33 0.11 0.04 0.21 0.28 0.14 0.04 0.06 0.31 0.19 0.13 0.11 0.18 0.20 0.19 0.04 0.00 0.28 0.10 0.24 0.18 0.17 0.15 0.23 0.24 0.03 0.20 0.24 0.17 0.14 0.04 0.16 0.16 0.09 0.13 0.15 0.15 0.04 0.22 0.32 0.05 0.18 0.22 0.22 0.36 0.25 0.10 0.16 0.16 0.17 0.18 0.19 0.16 0.06 0.21 0.18 0.10
0.08 0.18 0.17 0.11 0.22 0.23 0.19 0.20 0.09 0.17 0.24 0.04 0.20 0.06 0.20 0.30 0.23 0.19 0.24 0.24 0.23 0.09 0.08 0.23 0.21 0.27 0.27 0.03 0.04 0.23 0.26 0.17 0.30 0.30 0.28 0.23 0.13 0.30 0.17 0.12 0.20 0.18 0.17 0.05 0.20 0.31 0.15 0.06 0.21 0.26 0.23 0.22 0.09 0.15 0.26 0.21 0.12 0.24 0.25 0.28 0.00 0.20 0.24 0.10 0.16 0.20 0.12 0.20 0.26 0.08 0.14 0.11 0.20 0.24 0.20 0.12 0.20 0.22 0.21 0.29 0.27 0.25 0.05 0.23 0.10 0.25 0.07 0.07 0.09 0.18 0.12 0.12 0.30 0.10 0.26 0.19 0.30 0.09 0.16 0.30
0.27 0.13 0.25 0.12 0.33 0.24 0.31 0.14 0.28 0.25 0.09 0.19 0.38 0.24 0.22 0.27 0.04 0.25 0.07 0.15 0.23 0.21 0.25 0.24 0.09 0.26 0.22 0.22 0.17 0.07 0.24 0.36 0.28 0.28 0.17 0.07 0.31 0.17 0.36 0.31 0.17 0.27 0.06 0.25 0.02 0.14 0.31 0.19 0.24 0.07 0.16 0.41 0.25 0.15 0.21 0.28 0.30 0.29 0.12 0.10 0.20 0.00 0.34 0.10 0.08 0.07 0.30 0.34 0.12 0.27 0.33 0.15 0.06 0.13 0.26 0.14 0.07 0.04 0.26 0.25 0.14 0.32 0.24 0.12 0.21 0.32 0.16 0.27 0.28 0.16 0.21 0.08 0.27 0.18 0.29 0.07 0.15 0.12 0.29 0.20
0.23 0.33 0.09 0.26 0.02 0.10 0.04 0.20 0.24 0.09 0.25 0.20 0.11 0.27 0.12 0.07 0.38 0.09 0.26 0.18 0.11 0.25 0.16 0.09 0.36 0.07 0.11 0.26 0.21 0.27 0.10 0.10 0.06 0.06 0.17 0.38 0.11 0.16 0.12 0.15 0.16 0.07 0.28 0.29 0.34 0.20 0.09 0.23 0.09 0.27 0.18 0.08 0.15 0.18 0.13 0.06 0.13 0.04 0.22 0.24 0.24 0.34 0.00 0.24 0.31 0.34 0.18 0.04 0.21 0.15 0.19 0.18 0.35 0.21 0.08 0.19 0.26 0.37 0.08 0.08 0.19 0.02 0.28 0.22 0.14 0.02 0.18 0.31 0.21 0.17 0.12 0.26 0.07 0.15 0.04 0.34 0.18 0.24 0.07 0.14
0.18 0.09 0.15 0.02 0.23 0.15 0.22 0.10 0.18 0.15 0.14 0.10 0.29 0.15 0.12 0.20 0.14 0.15 0.14 0.14 0.14 0.11 0.16 0.15 0.11 0.17 0.17 0.12 0.07 0.13 0.16 0.26 0.20 0.20 0.17 0.14 0.22 0.20 0.26 0.21 0.10 0.17 0.07 0.15 0.10 0.21 0.22 0.10 0.15 0.16 0.12 0.32 0.16 0.06 0.16 0.18 0.21 0.20 0.15 0.18 0.10 0.10 0.24 0.00 0.07 0.10 0.21 0.25 0.16 0.17 0.24 0.06 0.11 0.14 0.17 0.05 0.10 0.12 0.16 0.18 0.17 0.23 0.14 0.13 0.12 0.23 0.07 0.17 0.18 0.08 0.12 0.02 0.20 0.09 0.20 0.10 0.20 0.02 0.19 0.20
0.24 0.04 0.22 0.05 0.30 0.21 0.28 0.11 0.25 0.22 0.13 0.17 0.36 0.21 0.19 0.24 0.07 0.22 0.12 0.13 0.20 0.13 0.22 0.21 0.05 0.24 0.20 0.17 0.12 0.11 0.21 0.33 0.25 0.25 0.16 0.07 0.28 0.18 0.33 0.28 0.15 0.24 0.06 0.17 0.07 0.19 0.28 0.11 0.21 0.15 0.13 0.38 0.23 0.13 0.18 0.25 0.28 0.26 0.13 0.17 0.16 0.08 0.31 0.07 0.00 0.04 0.28 0.31 0.14 0.24 0.30 0.13 0.04 0.13 0.23 0.12 0.08 0.06 0.23 0.23 0.15 0.29 0.15 0.12 0.19 0.29 0.13 0.19 0.25 0.14 0.18 0.05 0.24 0.16 0.27 0.03 0.19 0.07 0.26 0.19
0.28 0.06 0.26 0.09 0.33 0.25 0.32 0.15 0.28 0.26 0.11 0.20 0.39 0.25 0.23 0.28 0.04 0.26 0.11 0.16 0.24 0.14 0.26 0.25 0.02 0.27 0.23 0.21 0.16 0.10 0.24 0.36 0.29 0.28 0.17 0.04 0.32 0.18 0.36 0.31 0.18 0.28 0.06 0.20 0.05 0.17 0.32 0.14 0.25 0.13 0.17 0.42 0.26 0.16 0.21 0.29 0.31 0.30 0.12 0.15 0.20 0.07 0.34 0.10 0.04 0.00 0.31 0.35 0.13 0.27 0.34 0.16 0.01 0.14 0.27 0.15 0.08 0.02 0.26 0.26 0.15 0.33 0.17 0.12 0.22 0.33 0.17 0.21 0.29 0.17 0.22 0.09 0.28 0.19 0.30 0.01 0.17 0.11 0.29 0.20
0.05 0.30 0.12 0.22 0.16 0.18 0.14 0.16 0.06 0.12 0.21 0.11 0.08 0.09 0.15 0.25 0.35 0.14 0.23 0.19 0.17 0.21 0.05 0.17 0.32 0.21 0.21 0.10 0.15 0.24 0.20 0.08 0.24 0.24 0.22 0.35 0.07 0.24 0.06 0.03 0.14 0.12 0.25 0.11 0.31 0.25 0.09 0.17 0.15 0.24 0.17 0.11 0.05 0.15 0.21 0.15 0.05 0.19 0.19 0.23 0.12 0.30 0.18 0.21 0.28 0.31 0.00 0.14 0.20 0.04 0.03 0.15 0.32 0.19 0.15 0.16 0.23 0.33 0.15 0.23 0.21 0.19 0.17 0.18 0.09 0.19 0.15 0.15 0.03 0.14 0.09 0.22 0.25 0.12 0.20 0.31 0.25 0.20 0.11 0.25
0.19 0.33 0.09 0.26 0.02 0.10 0.03 0.20 0.20 0.09 0.25 0.16 0.07 0.23 0.12 0.11 0.38 0.09 0.26 0.18 0.11 0.24 0.12 0.10 0.36 0.07 0.12 0.22 0.18 0.27 0.10 0.06 0.10 0.10 0.17 0.38 0.07 0.17 0.08 0.11 0.16 0.07 0.28 0.25 0.35 0.20 0.05 0.21 0.10 0.27 0.18 0.07 0.11 0.18 0.13 0.06 0.09 0.05 0.22 0.24 0.20 0.34 0.04 0.25 0.31 0.35 0.14 0.00 0.22 0.11 0.15 0.18 0.35 0.21 0.08 0.20 0.26 0.37 0.08 0.09 0.20 0.05 0.24 0.22 0.12 0.05 0.18 0.27 0.17 0.17 0.13 0.26 0.11 0.15 0.06 0.34 0.18 0.24 0.05 0.14
0.25 0.19 0.13 0.18 0.21 0.12 0.19 0.06 0.26 0.13 0.03 0.22 0.26 0.29 0.10 0.15 0.17 0.13 0.04 0.04 0.11 0.27 0.18 0.12 0.15 0.14 0.10 0.28 0.23 0.06 0.12 0.24 0.16 0.15 0.05 0.17 0.19 0.05 0.24 0.18 0.06 0.15 0.09 0.31 0.13 0.05 0.19 0.25 0.12 0.06 0.04 0.29 0.17 0.11 0.09 0.16 0.18 0.17 0.01 0.03 0.26 0.12 0.21 0.16 0.14 0.13 0.20 0.22 0.00 0.17 0.21 0.15 0.13 0.02 0.14 0.13 0.06 0.15 0.14 0.13 0.02 0.20 0.30 0.03 0.15 0.20 0.19 0.33 0.23 0.08 0.14 0.14 0.15 0.15 0.17 0.13 0.04 0.18 0.17 0.07
0.07 0.26 0.09 0.18 0.14 0.15 0.11 0.12 0.09 0.09 0.17 0.07 0.12 0.12 0.12 0.22 0.31 0.11 0.19 0.16 0.15 0.17 0.02 0.15 0.29 0.18 0.18 0.11 0.11 0.20 0.17 0.09 0.21 0.21 0.19 0.31 0.04 0.21 0.09 0.04 0.12 0.10 0.21 0.13 0.27 0.22 0.07 0.14 0.12 0.20 0.14 0.14 0.01 0.11 0.18 0.12 0.04 0.16 0.16 0.20 0.08 0.27 0.15 0.17 0.24 0.27 0.04 0.11 0.17 0.00 0.07 0.11 0.28 0.16 0.12 0.12 0.19 0.30 0.12 0.20 0.19 0.16 0.13 0.15 0.05 0.16 0.11 0.16 0.05 0.10 0.06 0.18 0.22 0.08 0.17 0.27 0.22 0.17 0.08 0.22
0.06 0.32 0.12 0.25 0.17 0.18 0.15 0.19 0.06 0.12 0.24 0.14 0.08 0.09 0.15 0.25 0.38 0.14 0.26 0.20 0.18 0.24 0.08 0.18 0.35 0.22 0.22 0.13 0.18 0.27 0.21 0.09 0.25 0.25 0.23 0.38 0.08 0.25 0.07 0.04 0.15 0.13 0.28 0.14 0.34 0.26 0.10 0.20 0.16 0.27 0.18 0.11 0.08 0.17 0.21 0.16 0.06 0.20 0.21 0.24 0.14 0.33 0.19 0.24 0.30 0.34 0.03 0.15 0.21 0.07 0.00 0.17 0.34 0.20 0.15 0.19 0.26 0.36 0.16 0.24 0.22 0.20 0.19 0.21 0.12 0.20 0.17 0.18 0.05 0.17 0.12 0.25 0.25 0.15 0.21 0.33 0.26 0.23 0.12 0.26
0.12 0.15 0.09 0.07 0.17 0.12 0.15 0.09 0.12 0.09 0.13 0.08 0.23 0.15 0.09 0.19 0.20 0.09 0.12 0.13 0.12 0.12 0.10 0.12 0.17 0.15 0.15 0.14 0.09 0.12 0.15 0.20 0.18 0.18 0.16 0.20 0.15 0.18 0.20 0.15 0.09 0.11 0.10 0.16 0.16 0.19 0.15 0.11 0.09 0.15 0.11 0.25 0.10 0.04 0.15 0.12 0.15 0.14 0.13 0.17 0.11 0.15 0.18 0.06 0.13 0.16 0.15 0.18 0.15 0.11 0.17 0.00 0.17 0.13 0.10 0.01 0.09 0.18 0.10 0.17 0.16 0.16 0.15 0.12 0.06 0.16 0.05 0.19 0.12 0.07 0.06 0.07 0.19 0.03 0.14 0.16 0.19 0.06 0.13 0.19
0.28 0.07 0.26 0.09 0.34 0.25 0.32 0.15 0.29 0.26 0.10 0.21 0.40 0.26 0.23 0.28 0.03 0.26 0.10 0.17 0.24 0.15 0.26 0.26 0.03 0.28 0.24 0.21 0.17 0.09 0.25 0.37 0.29 0.29 0.18 0.03 0.32 0.18 0.37 0.32 0.19 0.28 0.07 0.21 0.04 0.17 0.32 0.14 0.26 0.12 0.17 0.42 0.27 0.17 0.22 0.29 0.32 0.30 0.13 0.14 0.20 0.06 0.35 0.11 0.04 0.01 0.32 0.35 0.13 0.28 0.34 0.17 0.00 0.14 0.27 0.15 0.09 0.02 0.27 0.27 0.15 0.33 0.18 0.13 0.23 0.33 0.17 0.21 0.29 0.17 0.22 0.09 0.28 0.20 0.31 0.02 0.17 0.11 0.30 0.21
0.24 0.17 0.12 0.17 0.20 0.11 0.18 0.04 0.25 0.12 0.04 0.21 0.25 0.28 0.09 0.14 0.17 0.12 0.06 0.03 0.10 0.26 0.17 0.11 0.15 0.13 0.09 0.27 0.22 0.07 0.11 0.23 0.15 0.15 0.04 0.17 0.18 0.05 0.23 0.17 0.04 0.14 0.07 0.29 0.14 0.06 0.18 0.24 0.11 0.07 0.03 0.28 0.15 0.09 0.07 0.15 0.17 0.16 0.01 0.04 0.24 0.13 0.21 0.14 0.13 0.14 0.19 0.21 0.02 0.16 0.20 0.13 0.14 0.00 0.13 0.12 0.06 0.16 0.12 0.12 0.03 0.19 0.28 0.01 0.14 0.19 0.18 0.32 0.21 0.06 0.12 0.12 0.14 0.14 0.16 0.13 0.06 0.17 0.15 0.07
0.19 0.25 0.03 0.18 0.07 0.03 0.05 0.12 0.20 0.03 0.17 0.17 0.12 0.24 0.04 0.10 0.30 0.01 0.18 0.10 0.03 0.21 0.12 0.03 0.28 0.07 0.07 0.23 0.17 0.19 0.06 0.10 0.10 0.10 0.09 0.30 0.07 0.10 0.10 0.12 0.08 0.02 0.20 0.25 0.27 0.12 0.05 0.20 0.02 0.19 0.10 0.15 0.11 0.10 0.06 0.02 0.10 0.04 0.14 0.16 0.20 0.26 0.08 0.17 0.23 0.27 0.15 0.08 0.14 0.12 0.15 0.10 0.27 0.13 0.00 0.12 0.18 0.29 0.01 0.09 0.12 0.06 0.24 0.14 0.10 0.06 0.14 0.28 0.17 0.10 0.08 0.18 0.10 0.10 0.06 0.26 0.10 0.16 0.04 0.10
0.13 0.14 0.11 0.06 0.18 0.11 0.17 0.07 0.13 0.11 0.12 0.09 0.24 0.16 0.07 0.17 0.19 0.11 0.11 0.12 0.11 0.14 0.11 0.11 0.16 0.14 0.14 0.15 0.10 0.10 0.13 0.21 0.17 0.17 0.15 0.19 0.17 0.17 0.21 0.16 0.07 0.12 0.09 0.17 0.15 0.18 0.17 0.12 0.10 0.14 0.10 0.27 0.11 0.03 0.14 0.14 0.16 0.15 0.12 0.16 0.12 0.14 0.19 0.05 0.12 0.15 0.16 0.20 0.13 0.12 0.19 0.01 0.15 0.12 0.12 0.00 0.07 0.17 0.11 0.16 0.15 0.17 0.17 0.11 0.07 0.17 0.06 0.20 0.14 0.06 0.07 0.06 0.17 0.04 0.15 0.15 0.18 0.05 0.14 0.18
0.20 0.13 0.17 0.12 0.25 0.17 0.24 0.07 0.20 0.17 0.04 0.16 0.31 0.23 0.14 0.19 0.12 0.17 0.04 0.08 0.15 0.21 0.17 0.17 0.10 0.19 0.15 0.22 0.17 0.03 0.16 0.28 0.20 0.20 0.09 0.12 0.24 0.10 0.28 0.23 0.10 0.19 0.03 0.25 0.08 0.11 0.24 0.19 0.17 0.07 0.08 0.33 0.18 0.08 0.13 0.20 0.23 0.21 0.05 0.09 0.20 0.07 0.26 0.10 0.08 0.08 0.23 0.26 0.06 0.19 0.26 0.09 0.09 0.06 0.18 0.07 0.00 0.11 0.18 0.18 0.07 0.24 0.24 0.04 0.14 0.24 0.13 0.27 0.20 0.09 0.14 0.07 0.19 0.11 0.22 0.08 0.11 0.12 0.21 0.12
0.30 0.08 0.28 0.11 0.36 0.27 0.34 0.17 0.31 0.28 0.12 0.22 0.41 0.27 0.25 0.30 0.02 0.28 0.11 0.18 0.26 0.17 0.28 0.27 0.04 0.29 0.25 0.23 0.18 0.10 0.27 0.39 0.31 0.31 0.20 0.03 0.34 0.20 0.39 0.34 0.21 0.30 0.09 0.22 0.03 0.17 0.34 0.16 0.27 0.11 0.19 0.44 0.28 0.18 0.24 0.31 0.33 0.32 0.15 0.13 0.22 0.04 0.37 0.12 0.06 0.02 0.33 0.37 0.15 0.30 0.36 0.18 0.02 0.16 0.29 0.17 0.11 0.00 0.29 0.28 0.17 0.35 0.19 0.15 0.25 0.35 0.19 0.23 0.31 0.19 0.24 0.11 0.30 0.21 0.32 0.03 0.18 0.13 0.32 0.23
0.20 0.25 0.04 0.17 0.07 0.03 0.06 0.12 0.21 0.04 0.17 0.17 0.13 0.24 0.04 0.09 0.30 0.02 0.18 0.10 0.03 0.22 0.13 0.02 0.28 0.06 0.06 0.23 0.18 0.19 0.05 0.10 0.09 0.09 0.09 0.30 0.08 0.09 0.10 0.12 0.08 0.03 0.20 0.26 0.26 0.12 0.06 0.20 0.01 0.19 0.10 0.15 0.12 0.10 0.06 0.02 0.10 0.04 0.14 0.15 0.21 0.26 0.08 0.16 0.23 0.26 0.15 0.08 0.14 0.12 0.16 0.10 0.27 0.12 0.01 0.11 0.18 0.29 0.00 0.08 0.11 0.06 0.25 0.14 0.11 0.06 0.14 0.28 0.18 0.09 0.09 0.17 0.09 0.11 0.05 0.26 0.10 0.15 0.04 0.10
0.28 0.25 0.12 0.21 0.07 0.05 0.09 0.11 0.29 0.12 0.16 0.25 0.16 0.32 0.09 0.02 0.30 0.10 0.18 0.10 0.06 0.30 0.21 0.06 0.27 0.02 0.03 0.31 0.26 0.19 0.03 0.15 0.03 0.02 0.09 0.30 0.16 0.08 0.17 0.20 0.09 0.11 0.20 0.34 0.26 0.12 0.14 0.28 0.08 0.19 0.10 0.15 0.20 0.13 0.05 0.08 0.18 0.04 0.14 0.15 0.29 0.25 0.08 0.18 0.23 0.26 0.23 0.09 0.13 0.20 0.24 0.17 0.27 0.12 0.09 0.16 0.18 0.28 0.08 0.00 0.11 0.07 0.33 0.14 0.18 0.07 0.22 0.36 0.26 0.11 0.16 0.17 0.02 0.18 0.04 0.26 0.10 0.21 0.12 0.06
0.26 0.20 0.11 0.19 0.18 0.10 0.17 0.07 0.27 0.11 0.05 0.24 0.24 0.31 0.07 0.12 0.19 0.11 0.07 0.03 0.09 0.28 0.19 0.10 0.16 0.12 0.08 0.30 0.25 0.08 0.09 0.21 0.14 0.13 0.03 0.19 0.17 0.03 0.21 0.19 0.07 0.12 0.10 0.32 0.15 0.04 0.17 0.27 0.10 0.08 0.04 0.27 0.18 0.12 0.06 0.14 0.17 0.15 0.03 0.04 0.27 0.14 0.19 0.17 0.15 0.15 0.21 0.20 0.02 0.19 0.22 0.16 0.15 0.03 0.12 0.15 0.07 0.17 0.11 0.11 0.00 0.17 0.31 0.04 0.17 0.17 0.21 0.35 0.24 0.09 0.15 0.15 0.12 0.17 0.15 0.15 0.03 0.19 0.14 0.05
0.24 0.31 0.07 0.24 0.03 0.08 0.05 0.18 0.25 0.07 0.23 0.21 0.12 0.28 0.10 0.06 0.36 0.07 0.24 0.16 0.09 0.26 0.17 0.07 0.34 0.06 0.10 0.27 0.22 0.25 0.08 0.11 0.05 0.05 0.15 0.36 0.12 0.15 0.13 0.16 0.14 0.07 0.26 0.30 0.33 0.18 0.10 0.24 0.07 0.25 0.16 0.09 0.15 0.16 0.11 0.04 0.14 0.03 0.20 0.22 0.25 0.32 0.02 0.23 0.29 0.33 0.19 0.05 0.20 0.16 0.20 0.16 0.33 0.19 0.06 0.17 0.24 0.35 0.06 0.07 0.17 0.00 0.29 0.20 0.14 0.00 0.18 0.32 0.21 0.15 0.12 0.24 0.06 0.14 0.03 0.32 0.16 0.22 0.08 0.12
0.13 0.13 0.21 0.12 0.26 0.27 0.23 0.24 0.14 0.21 0.28 0.07 0.25 0.11 0.24 0.34 0.19 0.23 0.28 0.28 0.27 0.04 0.12 0.27 0.16 0.31 0.31 0.07 0.07 0.27 0.30 0.22 0.34 0.34 0.32 0.18 0.17 0.34 0.22 0.17 0.24 0.22 0.21 0.06 0.22 0.35 0.19 0.04 0.25 0.30 0.27 0.27 0.13 0.19 0.30 0.25 0.17 0.28 0.29 0.32 0.05 0.24 0.28 0.14 0.15 0.17 0.17 0.24 0.30 0.13 0.19 0.15 0.18 0.28 0.24 0.17 0.24 0.19 0.25 0.33 0.31 0.29 0.00 0.27 0.14 0.29 0.11 0.04 0.14 0.22 0.16 0.16 0.34 0.14 0.30 0.17 0.34 0.12 0.20 0.34
0.22 0.16 0.13 0.15 0.21 0.12 0.19 0.03 0.23 0.13 0.03 0.20 0.27 0.27 0.10 0.15 0.16 0.13 0.04 0.04 0.11 0.24 0.15 0.12 0.14 0.15 0.11 0.26 0.21 0.05 0.12 0.24 0.16 0.16 0.05 0.16 0.19 0.07 0.24 0.19 0.06 0.15 0.06 0.28 0.12 0.07 0.19 0.23 0.12 0.05 0.04 0.29 0.14 0.08 0.09 0.16 0.18 0.17 0.02 0.05 0.23 0.12 0.22 0.13 0.12 0.12 0.18 0.22 0.03 0.15 0.21 0.12 0.13 0.01 0.14 0.11 0.04 0.15 0.14 0.14 0.04 0.20 0.27 0.00 0.13 0.20 0.17 0.31 0.20 0.05 0.11 0.11 0.15 0.13 0.17 0.12 0.07 0.15 0.17 0.08
0.10 0.21 0.07 0.14 0.12 0.13 0.10 0.10 0.11 0.07 0.14 0.07 0.17 0.14 0.10 0.20 0.26 0.09 0.14 0.14 0.13 0.12 0.04 0.13 0.24 0.16 0.16 0.13 0.08 0.15 0.15 0.14 0.19 0.20 0.17 0.26 0.10 0.19 0.14 0.09 0.10 0.08 0.16 0.15 0.22 0.20 0.10 0.10 0.10 0.16 0.12 0.19 0.04 0.06 0.16 0.10 0.09 0.14 0.14 0.18 0.10 0.21 0.14 0.12 0.19 0.22 0.09 0.12 0.15 0.05 0.12 0.06 0.23 0.14 0.10 0.07 0.14 0.25 0.11 0.18 0.17 0.14 0.14 0.13 0.00 0.14 0.06 0.18 0.07 0.08 0.02 0.14 0.20 0.03 0.15 0.22 0.20 0.12 0.07 0.20
0.24 0.31 0.07 0.24 0.03 0.08 0.05 0.18 0.25 0.07 0.23 0.21 0.12 0.28 0.10 0.06 0.36 0.07 0.24 0.16 0.09 0.26 0.17 0.07 0.34 0.06 0.10 0.27 0.22 0.25 0.08 0.11 0.05 0.05 0.15 0.36 0.12 0.15 0.13 0.16 0.14 0.07 0.26 0.30 0.33 0.18 0.10 0.24 0.07 0.25 0.16 0.09 0.15 0.16 0.11 0.04 0.14 0.03 0.20 0.22 0.25 0.32 0.02 0.23 0.29 0.33 0.19 0.05 0.20 0.16 0.20 0.16 0.33 0.19 0.06 0.17 0.24 0.35 0.06 0.07 0.17 0.00 0.29 0.20 0.14 0.00 0.18 0.32 0.21 0.15 0.12 0.24 0.06 0.14 0.03 0.32 0.16 0.22 0.08 0.12
0.11 0.15 0.11 0.08 0.17 0.17 0.15 0.13 0.12 0.11 0.18 0.04 0.23 0.10 0.14 0.24 0.20 0.12 0.17 0.18 0.17 0.08 0.09 0.17 0.18 0.20 0.20 0.09 0.04 0.16 0.19 0.20 0.23 0.23 0.21 0.20 0.15 0.23 0.20 0.15 0.13 0.12 0.11 0.12 0.17 0.24 0.15 0.06 0.14 0.20 0.16 0.25 0.10 0.09 0.20 0.14 0.15 0.18 0.18 0.22 0.07 0.16 0.18 0.07 0.13 0.17 0.15 0.18 0.19 0.11 0.17 0.05 0.17 0.18 0.14 0.06 0.13 0.19 0.14 0.22 0.21 0.18 0.11 0.17 0.06 0.18 0.00 0.14 0.12 0.12 0.06 0.08 0.24 0.04 0.19 0.16 0.24 0.06 0.13 0.24
0.12 0.15 0.25 0.15 0.29 0.31 0.27 0.27 0.13 0.25 0.32 0.11 0.24 0.10 0.28 0.38 0.23 0.27 0.31 0.32 0.31 0.06 0.15 0.31 0.18 0.34 0.34 0.06 0.10 0.30 0.33 0.21 0.37 0.37 0.35 0.20 0.20 0.37 0.21 0.16 0.27 0.26 0.25 0.04 0.26 0.38 0.22 0.08 0.28 0.34 0.30 0.26 0.17 0.23 0.34 0.28 0.18 0.32 0.32 0.36 0.07 0.27 0.31 0.17 0.19 0.21 0.15 0.27 0.33 0.16 0.18 0.19 0.21 0.32 0.28 0.20 0.27 0.23 0.28 0.36 0.35 0.32 0.04 0.31 0.18 0.32 0.14 0.00 0.13 0.26 0.20 0.20 0.38 0.18 0.33 0.20 0.38 0.15 0.24 0.38
0.02 0.27 0.14 0.20 0.19 0.20 0.16 0.17 0.03 0.14 0.21 0.09 0.11 0.07 0.17 0.27 0.32 0.16 0.21 0.21 0.20 0.18 0.05 0.20 0.30 0.24 0.24 0.07 0.12 0.21 0.23 0.11 0.27 0.27 0.25 0.32 0.10 0.27 0.08 0.05 0.17 0.15 0.22 0.09 0.29 0.28 0.12 0.15 0.17 0.23 0.20 0.13 0.06 0.12 0.23 0.17 0.07 0.21 0.21 0.25 0.09 0.28 0.21 0.18 0.25 0.29 0.03 0.17 0.23 0.05 0.05 0.12 0.29 0.21 0.17 0.14 0.20 0.31 0.18 0.26 0.24 0.21 0.14 0.20 0.07 0.21 0.12 0.13 0.00 0.15 0.09 0.20 0.27 0.09 0.23 0.28 0.27 0.18 0.13 0.27
0.17 0.15 0.09 0.10 0.16 0.08 0.15 0.02 0.18 0.09 0.07 0.15 0.22 0.21 0.06 0.12 0.21 0.09 0.09 0.06 0.07 0.19 0.10 0.08 0.18 0.10 0.09 0.21 0.15 0.10 0.08 0.19 0.12 0.12 0.10 0.21 0.15 0.12 0.19 0.14 0.02 0.11 0.11 0.23 0.17 0.12 0.15 0.17 0.08 0.10 0.04 0.25 0.09 0.03 0.08 0.12 0.14 0.13 0.07 0.10 0.18 0.16 0.17 0.08 0.14 0.17 0.14 0.17 0.08 0.10 0.17 0.07 0.17 0.06 0.10 0.06 0.09 0.19 0.09 0.11 0.09 0.15 0.22 0.05 0.08 0.15 0.12 0.26 0.15 0.00 0.06 0.08 0.12 0.08 0.13 0.17 0.12 0.10 0.12 0.12
0.12 0.20 0.05 0.13 0.12 0.11 0.10 0.07 0.12 0.05 0.12 0.09 0.17 0.16 0.08 0.18 0.26 0.07 0.14 0.12 0.11 0.14 0.04 0.11 0.23 0.14 0.14 0.15 0.10 0.15 0.14 0.15 0.17 0.17 0.15 0.26 0.10 0.17 0.15 0.10 0.07 0.06 0.15 0.17 0.22 0.18 0.10 0.12 0.08 0.15 0.10 0.20 0.04 0.06 0.14 0.08 0.09 0.12 0.12 0.16 0.12 0.21 0.12 0.12 0.18 0.22 0.09 0.13 0.14 0.06 0.12 0.06 0.22 0.12 0.08 0.07 0.14 0.24 0.09 0.16 0.15 0.12 0.16 0.11 0.02 0.12 0.06 0.20 0.09 0.06 0.00 0.13 0.18 0.03 0.13 0.21 0.18 0.11 0.07 0.18
0.19 0.07 0.17 0.04 0.25 0.16 0.23 0.07 0.20 0.17 0.12 0.11 0.30 0.16 0.14 0.19 0.12 0.17 0.12 0.12 0.15 0.14 0.17 0.16 0.10 0.18 0.14 0.15 0.10 0.11 0.15 0.28 0.20 0.20 0.15 0.12 0.23 0.17 0.28 0.23 0.10 0.19 0.05 0.17 0.09 0.18 0.23 0.12 0.16 0.14 0.10 0.33 0.17 0.07 0.14 0.20 0.22 0.21 0.12 0.16 0.12 0.08 0.26 0.02 0.05 0.09 0.22 0.26 0.14 0.18 0.25 0.07 0.09 0.12 0.18 0.06 0.07 0.11 0.17 0.17 0.15 0.24 0.16 0.11 0.14 0.24 0.08 0.20 0.20 0.08 0.13 0.00 0.19 0.11 0.21 0.08 0.18 0.04 0.21 0.18
0.29 0.26 0.13 0.22 0.08 0.07 0.11 0.13 0.30 0.13 0.18 0.27 0.17 0.34 0.10 0.00 0.31 0.11 0.19 0.11 0.07 0.31 0.22 0.07 0.29 0.04 0.04 0.33 0.28 0.20 0.04 0.16 0.01 0.01 0.10 0.31 0.17 0.10 0.19 0.22 0.10 0.12 0.21 0.35 0.28 0.13 0.15 0.30 0.10 0.20 0.11 0.15 0.21 0.15 0.06 0.10 0.20 0.06 0.15 0.17 0.30 0.27 0.07 0.20 0.24 0.28 0.25 0.11 0.15 0.22 0.25 0.19 0.28 0.14 0.10 0.17 0.19 0.30 0.09 0.02 0.12 0.06 0.34 0.15 0.20 0.06 0.24 0.38 0.27 0.12 0.18 0.19 0.00 0.20 0.04 0.27 0.11 0.22 0.14 0.07
0.10 0.18 0.07 0.11 0.14 0.13 0.12 0.10 0.11 0.07 0.14 0.07 0.20 0.14 0.10 0.20 0.23 0.09 0.14 0.14 0.13 0.12 0.07 0.13 0.21 0.16 0.16 0.13 0.08 0.12 0.15 0.17 0.19 0.20 0.17 0.23 0.12 0.19 0.17 0.12 0.10 0.08 0.13 0.15 0.19 0.20 0.12 0.10 0.10 0.16 0.12 0.22 0.07 0.05 0.16 0.10 0.12 0.14 0.14 0.18 0.10 0.18 0.15 0.09 0.16 0.19 0.12 0.15 0.15 0.08 0.15 0.03 0.20 0.14 0.10 0.04 0.11 0.21 0.11 0.18 0.17 0.14 0.14 0.13 0.03 0.14 0.04 0.18 0.09 0.08 0.03 0.11 0.20 0.00 0.15 0.19 0.20 0.09 0.10 0.20
0.25 0.29 0.09 0.21 0.04 0.05 0.06 0.15 0.26 0.09 0.20 0.22 0.13 0.29 0.07 0.04 0.34 0.07 0.22 0.14 0.07 0.27 0.18 0.05 0.31 0.03 0.07 0.28 0.23 0.23 0.06 0.12 0.04 0.04 0.12 0.34 0.13 0.12 0.14 0.17 0.12 0.07 0.24 0.31 0.30 0.15 0.11 0.25 0.05 0.23 0.14 0.12 0.17 0.14 0.09 0.05 0.15 0.01 0.17 0.19 0.26 0.29 0.04 0.20 0.27 0.30 0.20 0.06 0.17 0.17 0.21 0.14 0.31 0.16 0.06 0.15 0.22 0.32 0.05 0.04 0.15 0.03 0.30 0.17 0.15 0.03 0.19 0.33 0.23 0.13 0.13 0.21 0.04 0.15 0.00 0.30 0.14 0.19 0.09 0.10
0.27 0.06 0.25 0.08 0.33 0.24 0.31 0.14 0.28 0.25 0.12 0.20 0.39 0.25 0.22 0.27 0.04 0.25 0.11 0.16 0.23 0.14 0.25 0.25 0.02 0.27 0.23 0.21 0.15 0.10 0.24 0.36 0.28 0.28 0.17 0.04 0.31 0.17 0.36 0.31 0.18 0.27 0.06 0.20 0.06 0.18 0.31 0.13 0.25 0.14 0.16 0.41 0.26 0.16 0.21 0.28 0.31 0.29 0.12 0.16 0.19 0.07 0.34 0.10 0.03 0.01 0.31 0.34 0.13 0.27 0.33 0.16 0.02 0.13 0.26 0.15 0.08 0.03 0.26 0.26 0.15 0.32 0.17 0.12 0.22 0.32 0.16 0.20 0.28 0.17 0.21 0.08 0.27 0.19 0.30 0.00 0.18 0.10 0.29 0.20
0.30 0.23 0.13 0.23 0.17 0.09 0.15 0.11 0.31 0.13 0.07 0.27 0.23 0.34 0.10 0.11 0.20 0.11 0.08 0.06 0.07 0.32 0.23 0.09 0.20 0.11 0.07 0.33 0.28 0.09 0.08 0.20 0.12 0.12 0.03 0.20 0.17 0.02 0.20 0.22 0.11 0.12 0.13 0.35 0.16 0.02 0.15 0.30 0.10 0.09 0.08 0.25 0.21 0.15 0.05 0.12 0.20 0.14 0.06 0.06 0.30 0.15 0.18 0.20 0.19 0.17 0.25 0.18 0.04 0.22 0.26 0.19 0.17 0.06 0.10 0.18 0.11 0.18 0.10 0.10 0.03 0.16 0.34 0.07 0.20 0.16 0.24 0.38 0.27 0.12 0.18 0.18 0.11 0.20 0.14 0.18 0.00 0.23 0.14 0.04
0.17 0.09 0.15 0.02 0.23 0.15 0.21 0.12 0.17 0.15 0.17 0.09 0.28 0.14 0.12 0.22 0.15 0.15 0.16 0.17 0.15 0.09 0.15 0.15 0.12 0.19 0.19 0.10 0.05 0.15 0.18 0.26 0.22 0.22 0.20 0.15 0.21 0.22 0.26 0.21 0.12 0.17 0.10 0.13 0.11 0.23 0.21 0.07 0.14 0.18 0.15 0.31 0.15 0.07 0.18 0.18 0.20 0.19 0.17 0.21 0.09 0.12 0.24 0.02 0.07 0.11 0.20 0.24 0.18 0.17 0.23 0.06 0.11 0.17 0.16 0.05 0.12 0.13 0.15 0.21 0.19 0.22 0.12 0.15 0.12 0.22 0.06 0.15 0.18 0.10 0.11 0.04 0.22 0.09 0.19 0.10 0.23 0.00 0.18 0.23
0.15 0.28 0.04 0.21 0.06 0.07 0.03 0.15 0.17 0.04 0.20 0.13 0.10 0.20 0.07 0.14 0.33 0.04 0.21 0.13 0.07 0.19 0.09 0.07 0.31 0.10 0.10 0.19 0.14 0.22 0.10 0.07 0.13 0.14 0.12 0.33 0.04 0.13 0.07 0.08 0.11 0.02 0.23 0.21 0.29 0.15 0.03 0.16 0.04 0.22 0.13 0.12 0.07 0.13 0.10 0.04 0.06 0.08 0.17 0.18 0.16 0.29 0.07 0.19 0.26 0.29 0.11 0.05 0.17 0.08 0.12 0.13 0.30 0.15 0.04 0.14 0.21 0.32 0.04 0.12 0.14 0.08 0.20 0.17 0.07 0.08 0.13 0.24 0.13 0.12 0.07 0.21 0.14 0.10 0.09 0.29 0.14 0.18 0.00 0.14
0.30 0.23 0.13 0.23 0.13 0.07 0.12 0.11 0.31 0.13 0.11 0.27 0.19 0.34 0.10 0.07 0.24 0.11 0.12 0.06 0.07 0.32 0.23 0.07 0.21 0.07 0.04 0.33 0.28 0.13 0.04 0.17 0.08 0.08 0.03 0.24 0.17 0.02 0.19 0.22 0.11 0.12 0.14 0.35 0.20 0.06 0.15 0.30 0.10 0.13 0.08 0.21 0.21 0.15 0.04 0.10 0.20 0.10 0.08 0.10 0.30 0.20 0.14 0.20 0.19 0.20 0.25 0.14 0.07 0.22 0.26 0.19 0.21 0.07 0.10 0.18 0.12 0.23 0.10 0.06 0.05 0.12 0.34 0.08 0.20 0.12 0.24 0.38 0.27 0.12 0.18 0.18 0.07 0.20 0.10 0.20 0.04 0.23 0.14 0.00
Team_tasks_times:
Team 0:
1: 1.00 0.50 0.75
2: 1.00 0.50 0.75
3: 0.50
4: 0.50
5: 1.00 0.50 0.75
6: 1.00 0.50 0.75
7: 0.50 4.00 0.50 1.00 4.00
8: 0.50 4.00 0.50 1.00 4.00
9: 0.50 4.00 0.50 1.00 4.00
10: 1.00 0.50 0.75
11: 0.50
12: 1.00 0.50 0.75
13: 0.50 4.00 0.50 1.00 4.00
14: 0.50 4.00 0.50 1.00 4.00
15: 0.50 4.00 0.50 1.00 4.00
16: 0.50
17: 1.00 0.50 0.75
18: 1.00 0.50 0.75
19: 0.50 4.00 0.50 1.00 4.00
20: 0.50 4.00 0.50 1.00 4.00
21: 0.50 4.00 0.50 1.00 4.00
22: 1.00 0.50 0.75
23: 1.00 0.50 0.75
24: 1.00 0.50 0.75
25: 0.50 4.00 0.50 1.00 4.00
26: 0.50 4.00 0.50 1.00 4.00
27: 1.00 0.50 0.75
28: 1.00 0.50 0.75
29: 0.50 4.00 0.50 1.00 4.00
30: 0.50
31: 0.50 4.00 0.50 1.00 4.00
32: 0.50
33: 1.00 0.50 0.75
34: 0.50 4.00 0.50 1.00 4.00
35: 1.00 0.50 0.75
36: 1.00 0.50 0.75
37: 0.50 4.00 0.50 1.00 4.00
38: 1.00 0.50 0.75
39: 1.00 0.50 0.75
40: 1.00 0.50 0.75
41: 0.50 4.00 0.50 1.00 4.00
42: 0.50 4.00 0.50 1.00 4.00
43: 0.50 4.00 0.50 1.00 4.00
44: 1.00 0.50 0.75
45: 1.00 0.50 0.75
46: 1.00 0.50 0.75
47: 0.50 4.00 0.50 1.00 4.00
48: 1.00 0.50 0.75
49: 0.50 4.00 0.50 1.00 4.00
50: 1.00 0.50 0.75
51: 1.00 0.50 0.75
52: 0.50
53: 0.50 4.00 0.50 1.00 4.00
54: 1.00 0.50 0.75
55: 1.00 0.50 0.75
56: 1.00 0.50 0.75
57: 0.50 4.00 0.50 1.00 4.00
58: 0.50
59: 0.50 4.00 0.50 1.00 4.00
60: 0.50
61: 0.50
62: 1.00 0.50 0.75
63: 1.00 0.50 0.75
64: 1.00 0.50 0.75
65: 0.50 4.00 0.50 1.00 4.00
66: 0.50
67: 0.50 4.00 0.50 1.00 4.00
68: 0.50 4.00 0.50 1.00 4.00
69: 0.50 4.00 0.50 1.00 4.00
70: 1.00 0.50 0.75
71: 0.50
72: 0.50 4.00 0.50 1.00 4.00
73: 0.50 4.00 0.50 1.00 4.00
74: 0.50 4.00 0.50 1.00 4.00
75: 0.50 4.00 0.50 1.00 4.00
76: 1.00 0.50 0.75
77: 1.00 0.50 0.75
78: 0.50 4.00 0.50 1.00 4.00
79: 0.50 4.00 0.50 1.00 4.00
80: 0.50 4.00 0.50 1.00 4.00
81: 1.00 0.50 0.75
82: 0.50 4.00 0.50 1.00 4.00
83: 0.50
84: 0.50
85: 0.50
86: 0.50 4.00 0.50 1.00 4.00
87: 1.00 0.50 0.75
88: 0.50 4.00 0.50 1.00 4.00
89: 0.50 4.00 0.50 1.00 4.00
90: 0.50
91: 0.50
92: 0.50 4.00 0.50 1.00 4.00
93: 0.50
94: 0.50 4.00 0.50 1.00 4.00
95: 0.50 4.00 0.50 1.00 4.00
96: 0.50
97: 1.00 0.50 0.75
98: 0.50
99: 0.50
Team 1:
1: 1.00 1.00 1.50
2: 1.00 1.00 1.50
3: 0.25
4: 0.25
5: 1.00 1.00 1.50
6: 1.00 1.00 1.50
7: 1.00 2.00 1.00 1.00 1.00
8: 1.00 2.00 1.00 1.00 1.00
9: 1.00 2.00 1.00 1.00 1.00
10: 1.00 1.00 1.50
11: 0.25
12: 1.00 1.00 1.50
13: 1.00 2.00 1.00 1.00 1.00
14: 1.00 2.00 1.00 1.00 1.00
15: 1.00 2.00 1.00 1.00 1.00
16: 0.25
17: 1.00 1.00 1.50
18: 1.00 1.00 1.50
19: 1.00 2.00 1.00 1.00 1.00
20: 1.00 2.00 1.00 1.00 1.00
21: 1.00 2.00 1.00 1.00 1.00
22: 1.00 1.00 1.50
23: 1.00 1.00 1.50
24: 1.00 1.00 1.50
25: 1.00 2.00 1.00 1.00 1.00
26: 1.00 2.00 1.00 1.00 1.00
27: 1.00 1.00 1.50
28: 1.00 1.00 1.50
29: 1.00 2.00 1.00 1.00 1.00
30: 0.25
31: 1.00 2.00 1.00 1.00 1.00
32: 0.25
33: 1.00 1.00 1.50
34: 1.00 2.00 1.00 1.00 1.00
35: 1.00 1.00 1.50
36: 1.00 1.00 1.50
37: 1.00 2.00 1.00 1.00 1.00
38: 1.00 1.00 1.50
39: 1.00 1.00 1.50
40: 1.00 1.00 1.50
41: 1.00 2.00 1.00 1.00 1.00
42: 1.00 2.00 1.00 1.00 1.00
43: 1.00 2.00 1.00 1.00 1.00
44: 1.00 1.00 1.50
45: 1.00 1.00 1.50
46: 1.00 1.00 1.50
47: 1.00 2.00 1.00 1.00 1.00
48: 1.00 1.00 1.50
49: 1.00 2.00 1.00 1.00 1.00
50: 1.00 1.00 1.50
51: 1.00 1.00 1.50
52: 0.25
53: 1.00 2.00 1.00 1.00 1.00
54: 1.00 1.00 1.50
55: 1.00 1.00 1.50
56: 1.00 1.00 1.50
57: 1.00 2.00 1.00 1.00 1.00
58: 0.25
59: 1.00 2.00 1.00 1.00 1.00
60: 0.25
61: 0.25
62: 1.00 1.00 1.50
63: 1.00 1.00 1.50
64: 1.00 1.00 1.50
65: 1.00 2.00 1.00 1.00 1.00
66: 0.25
67: 1.00 2.00 1.00 1.00 1.00
68: 1.00 2.00 1.00 1.00 1.00
69: 1.00 2.00 1.00 1.00 1.00
70: 1.00 1.00 1.50
71: 0.25
72: 1.00 2.00 1.00 1.00 1.00
73: 1.00 2.00 1.00 1.00 1.00
74: 1.00 2.00 1.00 1.00 1.00
75: 1.00 2.00 1.00 1.00 1.00
76: 1.00 1.00 1.50
77: 1.00 1.00 1.50
78: 1.00 2.00 1.00 1.00 1.00
79: 1.00 2.00 1.00 1.00 1.00
80: 1.00 2.00 1.00 1.00 1.00
81: 1.00 1.00 1.50
82: 1.00 2.00 1.00 1.00 1.00
83: 0.25
84: 0.25
85: 0.25
86: 1.00 2.00 1.00 1.00 1.00
87: 1.00 1.00 1.50
88: 1.00 2.00 1.00 1.00 1.00
89: 1.00 2.00 1.00 1.00 1.00
90: 0.25
91: 0.25
92: 1.00 2.00 1.00 1.00 1.00
93: 0.25
94: 1.00 2.00 1.00 1.00 1.00
95: 1.00 2.00 1.00 1.00 1.00
96: 0.25
97: 1.00 1.00 1.50
98: 0.25
99: 0.25
Team 2:
1: 1.00 1.00 0.75
2: 1.00 1.00 0.75
3: 0.25
4: 0.25
5: 1.00 1.00 0.75
6: 1.00 1.00 0.75
7: 0.50 2.00 2.00 0.50 1.00
8: 0.50 2.00 2.00 0.50 1.00
9: 0.50 2.00 2.00 0.50 1.00
10: 1.00 1.00 0.75
11: 0.25
12: 1.00 1.00 0.75
13: 0.50 2.00 2.00 0.50 1.00
14: 0.50 2.00 2.00 0.50 1.00
15: 0.50 2.00 2.00 0.50 1.00
16: 0.25
17: 1.00 1.00 0.75
18: 1.00 1.00 0.75
19: 0.50 2.00 2.00 0.50 1.00
20: 0.50 2.00 2.00 0.50 1.00
21: 0.50 2.00 2.00 0.50 1.00
22: 1.00 1.00 0.75
23: 1.00 1.00 0.75
24: 1.00 1.00 0.75
25: 0.50 2.00 2.00 0.50 1.00
26: 0.50 2.00 2.00 0.50 1.00
27: 1.00 1.00 0.75
28: 1.00 1.00 0.75
29: 0.50 2.00 2.00 0.50 1.00
30: 0.25
31: 0.50 2.00 2.00 0.50 1.00
32: 0.25
33: 1.00 1.00 0.75
34: 0.50 2.00 2.00 0.50 1.00
35: 1.00 1.00 0.75
36: 1.00 1.00 0.75
37: 0.50 2.00 2.00 0.50 1.00
38: 1.00 1.00 0.75
39: 1.00 1.00 0.75
40: 1.00 1.00 0.75
41: 0.50 2.00 2.00 0.50 1.00
42: 0.50 2.00 2.00 0.50 1.00
43: 0.50 2.00 2.00 0.50 1.00
44: 1.00 1.00 0.75
45: 1.00 1.00 0.75
46: 1.00 1.00 0.75
47: 0.50 2.00 2.00 0.50 1.00
48: 1.00 1.00 0.75
49: 0.50 2.00 2.00 0.50 1.00
50: 1.00 1.00 0.75
51: 1.00 1.00 0.75
52: 0.25
53: 0.50 2.00 2.00 0.50 1.00
54: 1.00 1.00 0.75
55: 1.00 1.00 0.75
56: 1.00 1.00 0.75
57: 0.50 2.00 2.00 0.50 1.00
58: 0.25
59: 0.50 2.00 2.00 0.50 1.00
60: 0.25
61: 0.25
62: 1.00 1.00 0.75
63: 1.00 1.00 0.75
64: 1.00 1.00 0.75
65: 0.50 2.00 2.00 0.50 1.00
66: 0.25
67: 0.50 2.00 2.00 0.50 1.00
68: 0.50 2.00 2.00 0.50 1.00
69: 0.50 2.00 2.00 0.50 1.00
70: 1.00 1.00 0.75
71: 0.25
72: 0.50 2.00 2.00 0.50 1.00
73: 0.50 2.00 2.00 0.50 1.00
74: 0.50 2.00 2.00 0.50 1.00
75: 0.50 2.00 2.00 0.50 1.00
76: 1.00 1.00 0.75
77: 1.00 1.00 0.75
78: 0.50 2.00 2.00 0.50 1.00
79: 0.50 2.00 2.00 0.50 1.00
80: 0.50 2.00 2.00 0.50 1.00
81: 1.00 1.00 0.75
82: 0.50 2.00 2.00 0.50 1.00
83: 0.25
84: 0.25
85: 0.25
86: 0.50 2.00 2.00 0.50 1.00
87: 1.00 1.00 0.75
88: 0.50 2.00 2.00 0.50 1.00
89: 0.50 2.00 2.00 0.50 1.00
90: 0.25
91: 0.25
92: 0.50 2.00 2.00 0.50 1.00
93: 0.25
94: 0.50 2.00 2.00 0.50 1.00
95: 0.50 2.00 2.00 0.50 1.00
96: 0.25
97: 1.00 1.00 0.75
98: 0.25
99: 0.25
