Number_of_customers: 100
Number_of_teams: 3
Number_of_services: 3
Customers_requested_services:
1 2 1 1 1 0 0 0 0 1 0 0 0 2 0 2 2 2 0 2 1 1 2 0 2 2 2 2 2 0 2 0 1 2 1 2 2 2 0 0 1 2 1 0 2 1 1 0 2 1 0 2 1 2 1 2 1 2 1 2 1 1 2 0 0 1 1 1 2 1 0 1 1 2 1 2 2 2 2 1 2 2 2 1 2 1 0 1 2 2 0 1 0 0 1 2 1 1 0
Daily_available_time: 8
Service 0:
Number_of_tasks: 1
Dependencies:
0: 
Service 1:
Number_of_tasks: 3
Dependencies:
0: 2
1: 2
2: 
Service 2:
Number_of_tasks: 5
Dependencies:
0: 
1: 0 2 3 4
2: 
3: 
4: 
Travel_times:
0.00 0.12 0.03 0.20 0.18 0.10 0.20 0.12 0.11 0.07 0.21 0.18 0.04 0.21 0.08 0.09 0.05 0.24 0.24 0.18 0.04 0.12 0.15 0.13 0.05 0.19 0.09 0.23 0.07 0.10 0.11 0.10 0.23 0.10 0.06 0.28 0.11 0.10 0.06 0.27 0.10 0.24 0.21 0.17 0.05 0.14 0.11 0.19 0.20 0.13 0.18 0.14 0.17 0.09 0.07 0.14 0.11 0.29 0.21 0.11 0.17 0.12 0.07 0.08 0.07 0.11 0.29 0.19 0.06 0.15 0.26 0.09 0.31 0.14 0.15 0.11 0.11 0.18 0.07 0.06 0.09 0.05 0.20 0.02 0.16 0.20 0.09 0.12 0.19 0.14 0.11 0.18 0.06 0.20 0.06 0.18 0.07 0.09 0.22 0.11
0.12 0.00 0.12 0.14 0.06 0.22 0.11 0.01 0.10 0.11 0.09 0.14 0.16 0.16 0.20 0.03 0.17 0.20 0.28 0.06 0.09 0.07 0.09 0.03 0.09 0.15 0.14 0.11 0.10 0.14 0.15 0.13 0.11 0.14 0.16 0.16 0.23 0.16 0.18 0.15 0.22 0.12 0.09 0.05 0.10 0.10 0.15 0.07 0.25 0.09 0.22 0.11 0.12 0.21 0.19 0.04 0.02 0.16 0.09 0.10 0.19 0.04 0.06 0.04 0.12 0.23 0.17 0.07 0.18 0.11 0.14 0.17 0.18 0.11 0.11 0.07 0.01 0.06 0.12 0.15 0.21 0.11 0.08 0.12 0.04 0.08 0.21 0.00 0.15 0.10 0.15 0.16 0.11 0.24 0.15 0.16 0.11 0.12 0.26 0.12
0.03 0.12 0.00 0.19 0.18 0.10 0.20 0.12 0.14 0.10 0.21 0.21 0.04 0.21 0.08 0.09 0.07 0.27 0.21 0.18 0.03 0.14 0.15 0.13 0.08 0.22 0.07 0.23 0.07 0.07 0.08 0.13 0.23 0.13 0.04 0.28 0.11 0.13 0.08 0.27 0.10 0.24 0.21 0.17 0.02 0.17 0.09 0.19 0.17 0.15 0.15 0.17 0.19 0.10 0.07 0.13 0.11 0.28 0.21 0.13 0.17 0.11 0.06 0.08 0.04 0.11 0.29 0.19 0.07 0.18 0.26 0.12 0.31 0.14 0.18 0.13 0.11 0.17 0.05 0.09 0.09 0.08 0.20 0.05 0.16 0.20 0.09 0.12 0.21 0.17 0.10 0.18 0.06 0.17 0.08 0.18 0.05 0.09 0.19 0.14
0.20 0.14 0.19 0.00 0.17 0.29 0.03 0.13 0.21 0.18 0.04 0.27 0.23 0.02 0.28 0.16 0.25 0.34 0.14 0.20 0.16 0.21 0.05 0.11 0.16 0.29 0.19 0.13 0.13 0.19 0.20 0.21 0.11 0.21 0.23 0.09 0.31 0.24 0.25 0.11 0.29 0.05 0.14 0.10 0.17 0.24 0.15 0.14 0.11 0.22 0.15 0.23 0.26 0.29 0.27 0.17 0.12 0.12 0.10 0.20 0.05 0.18 0.13 0.13 0.20 0.30 0.14 0.13 0.26 0.25 0.12 0.24 0.11 0.06 0.25 0.20 0.15 0.16 0.15 0.22 0.28 0.18 0.07 0.19 0.10 0.16 0.28 0.14 0.28 0.24 0.10 0.02 0.13 0.15 0.22 0.03 0.14 0.11 0.12 0.21
0.18 0.06 0.18 0.17 0.00 0.28 0.14 0.06 0.16 0.16 0.12 0.15 0.21 0.19 0.26 0.09 0.23 0.17 0.31 0.03 0.15 0.12 0.12 0.06 0.15 0.12 0.17 0.05 0.13 0.18 0.18 0.19 0.06 0.20 0.21 0.10 0.29 0.22 0.24 0.09 0.28 0.16 0.04 0.07 0.16 0.11 0.19 0.04 0.28 0.12 0.26 0.16 0.09 0.27 0.25 0.04 0.07 0.11 0.07 0.16 0.22 0.07 0.12 0.10 0.18 0.29 0.11 0.04 0.24 0.15 0.08 0.23 0.13 0.15 0.08 0.12 0.07 0.01 0.15 0.20 0.27 0.16 0.10 0.18 0.07 0.02 0.27 0.06 0.11 0.13 0.19 0.19 0.14 0.28 0.21 0.20 0.14 0.15 0.29 0.17
0.10 0.22 0.10 0.29 0.28 0.00 0.29 0.22 0.16 0.12 0.31 0.22 0.06 0.31 0.03 0.19 0.09 0.29 0.19 0.28 0.13 0.16 0.25 0.23 0.13 0.24 0.10 0.33 0.16 0.10 0.09 0.15 0.32 0.15 0.06 0.38 0.04 0.15 0.10 0.37 0.04 0.34 0.31 0.27 0.12 0.18 0.14 0.29 0.18 0.17 0.14 0.18 0.22 0.10 0.05 0.23 0.21 0.38 0.31 0.15 0.27 0.21 0.16 0.17 0.10 0.10 0.39 0.29 0.03 0.20 0.36 0.14 0.40 0.24 0.20 0.15 0.21 0.27 0.14 0.11 0.07 0.11 0.30 0.10 0.26 0.30 0.02 0.22 0.23 0.19 0.19 0.28 0.16 0.15 0.10 0.28 0.15 0.18 0.18 0.15
0.20 0.11 0.20 0.03 0.14 0.29 0.00 0.10 0.17 0.18 0.01 0.24 0.23 0.05 0.28 0.12 0.25 0.31 0.17 0.17 0.16 0.18 0.04 0.08 0.16 0.25 0.19 0.10 0.13 0.20 0.20 0.21 0.07 0.21 0.23 0.08 0.31 0.24 0.26 0.07 0.30 0.04 0.11 0.06 0.17 0.20 0.15 0.10 0.14 0.19 0.15 0.20 0.23 0.29 0.27 0.14 0.09 0.09 0.07 0.18 0.08 0.15 0.13 0.12 0.20 0.31 0.10 0.10 0.26 0.22 0.09 0.25 0.11 0.06 0.21 0.17 0.12 0.12 0.15 0.22 0.28 0.18 0.04 0.20 0.07 0.12 0.29 0.11 0.25 0.21 0.10 0.06 0.14 0.15 0.22 0.06 0.15 0.11 0.15 0.19
0.12 0.01 0.12 0.13 0.06 0.22 0.10 0.00 0.10 0.11 0.09 0.15 0.16 0.15 0.20 0.03 0.17 0.21 0.27 0.07 0.09 0.08 0.08 0.02 0.09 0.16 0.12 0.11 0.09 0.13 0.14 0.13 0.11 0.14 0.16 0.16 0.23 0.16 0.18 0.15 0.22 0.12 0.09 0.05 0.10 0.11 0.15 0.07 0.24 0.10 0.21 0.11 0.13 0.21 0.19 0.05 0.01 0.16 0.09 0.10 0.18 0.05 0.06 0.04 0.12 0.23 0.17 0.07 0.18 0.12 0.14 0.17 0.18 0.10 0.12 0.07 0.02 0.06 0.11 0.15 0.21 0.11 0.08 0.12 0.04 0.08 0.21 0.01 0.15 0.11 0.15 0.15 0.10 0.23 0.15 0.15 0.10 0.11 0.25 0.12
0.11 0.10 0.14 0.21 0.16 0.16 0.17 0.10 0.00 0.04 0.19 0.07 0.11 0.23 0.13 0.07 0.07 0.13 0.35 0.16 0.13 0.04 0.16 0.11 0.06 0.09 0.21 0.21 0.17 0.21 0.22 0.03 0.21 0.04 0.17 0.26 0.13 0.06 0.08 0.25 0.12 0.22 0.19 0.15 0.16 0.05 0.23 0.17 0.32 0.04 0.29 0.03 0.10 0.12 0.11 0.11 0.09 0.26 0.19 0.01 0.26 0.09 0.11 0.08 0.18 0.13 0.27 0.17 0.15 0.04 0.24 0.07 0.29 0.18 0.08 0.03 0.09 0.15 0.19 0.05 0.11 0.06 0.18 0.09 0.14 0.18 0.14 0.10 0.08 0.03 0.23 0.23 0.17 0.31 0.06 0.23 0.18 0.19 0.33 0.02
0.07 0.11 0.10 0.18 0.16 0.12 0.18 0.11 0.04 0.00 0.19 0.11 0.07 0.20 0.10 0.07 0.07 0.17 0.31 0.17 0.09 0.04 0.14 0.11 0.02 0.12 0.17 0.21 0.13 0.17 0.18 0.03 0.21 0.04 0.13 0.26 0.13 0.06 0.07 0.26 0.12 0.23 0.20 0.16 0.12 0.07 0.18 0.17 0.28 0.06 0.25 0.07 0.11 0.11 0.09 0.12 0.09 0.27 0.19 0.03 0.22 0.10 0.07 0.06 0.14 0.12 0.27 0.17 0.11 0.08 0.24 0.07 0.29 0.14 0.09 0.04 0.09 0.16 0.15 0.04 0.10 0.02 0.18 0.05 0.15 0.18 0.11 0.11 0.12 0.07 0.18 0.19 0.14 0.27 0.04 0.19 0.14 0.15 0.29 0.04
0.21 0.09 0.21 0.04 0.12 0.31 0.01 0.09 0.19 0.19 0.00 0.23 0.25 0.07 0.29 0.12 0.26 0.29 0.18 0.15 0.17 0.17 0.06 0.08 0.17 0.24 0.20 0.08 0.14 0.21 0.21 0.22 0.06 0.23 0.25 0.07 0.32 0.25 0.27 0.06 0.31 0.03 0.10 0.05 0.19 0.19 0.16 0.09 0.15 0.18 0.17 0.19 0.21 0.30 0.28 0.13 0.10 0.07 0.06 0.19 0.10 0.14 0.15 0.13 0.21 0.32 0.09 0.09 0.27 0.21 0.07 0.26 0.10 0.07 0.20 0.15 0.11 0.11 0.17 0.23 0.30 0.19 0.03 0.21 0.06 0.11 0.30 0.09 0.24 0.19 0.11 0.07 0.15 0.16 0.24 0.07 0.16 0.12 0.17 0.21
0.18 0.14 0.21 0.27 0.15 0.22 0.24 0.15 0.07 0.11 0.23 0.00 0.18 0.29 0.20 0.12 0.14 0.07 0.41 0.15 0.20 0.06 0.23 0.16 0.13 0.08 0.27 0.20 0.24 0.28 0.29 0.08 0.20 0.07 0.23 0.25 0.19 0.08 0.12 0.24 0.18 0.26 0.18 0.18 0.23 0.04 0.29 0.16 0.38 0.05 0.36 0.04 0.09 0.12 0.17 0.10 0.15 0.25 0.18 0.07 0.32 0.09 0.17 0.14 0.25 0.14 0.26 0.16 0.21 0.02 0.23 0.09 0.28 0.25 0.07 0.07 0.12 0.15 0.25 0.12 0.15 0.12 0.20 0.15 0.17 0.17 0.20 0.14 0.07 0.04 0.29 0.30 0.24 0.38 0.12 0.30 0.25 0.25 0.40 0.07
0.04 0.16 0.04 0.23 0.21 0.06 0.23 0.16 0.11 0.07 0.25 0.18 0.00 0.25 0.04 0.13 0.04 0.24 0.24 0.22 0.07 0.12 0.19 0.17 0.07 0.19 0.09 0.27 0.10 0.10 0.11 0.10 0.26 0.10 0.06 0.32 0.07 0.10 0.05 0.31 0.06 0.28 0.25 0.21 0.06 0.14 0.11 0.23 0.20 0.13 0.18 0.14 0.17 0.06 0.04 0.17 0.15 0.32 0.25 0.11 0.21 0.15 0.10 0.12 0.07 0.07 0.33 0.23 0.03 0.15 0.30 0.09 0.34 0.17 0.15 0.11 0.15 0.21 0.08 0.06 0.05 0.05 0.24 0.04 0.20 0.24 0.05 0.16 0.19 0.14 0.13 0.22 0.10 0.20 0.06 0.21 0.09 0.12 0.22 0.11
0.21 0.16 0.21 0.02 0.19 0.31 0.05 0.15 0.23 0.20 0.07 0.29 0.25 0.00 0.30 0.18 0.27 0.36 0.12 0.22 0.18 0.23 0.07 0.13 0.18 0.31 0.21 0.15 0.15 0.21 0.22 0.23 0.13 0.23 0.25 0.10 0.33 0.26 0.27 0.13 0.31 0.03 0.16 0.12 0.19 0.26 0.17 0.15 0.13 0.24 0.17 0.25 0.28 0.31 0.29 0.20 0.14 0.14 0.12 0.22 0.04 0.20 0.15 0.15 0.21 0.32 0.15 0.15 0.28 0.27 0.14 0.26 0.10 0.07 0.27 0.22 0.17 0.18 0.17 0.24 0.30 0.20 0.09 0.21 0.12 0.18 0.30 0.16 0.30 0.26 0.12 0.03 0.15 0.17 0.24 0.04 0.16 0.12 0.13 0.23
0.08 0.20 0.08 0.28 0.26 0.03 0.28 0.20 0.13 0.10 0.29 0.20 0.04 0.30 0.00 0.17 0.06 0.26 0.21 0.27 0.12 0.14 0.23 0.21 0.12 0.21 0.09 0.31 0.15 0.08 0.09 0.12 0.31 0.12 0.04 0.36 0.03 0.12 0.07 0.35 0.02 0.32 0.30 0.26 0.10 0.16 0.13 0.27 0.18 0.15 0.16 0.16 0.21 0.08 0.03 0.21 0.19 0.37 0.29 0.12 0.25 0.20 0.15 0.16 0.08 0.07 0.37 0.27 0.02 0.17 0.34 0.11 0.39 0.22 0.18 0.14 0.19 0.26 0.12 0.08 0.04 0.10 0.28 0.08 0.24 0.28 0.01 0.20 0.21 0.16 0.18 0.26 0.14 0.18 0.07 0.26 0.13 0.17 0.20 0.13
0.09 0.03 0.09 0.16 0.09 0.19 0.12 0.03 0.07 0.07 0.12 0.12 0.13 0.18 0.17 0.00 0.14 0.18 0.30 0.09 0.08 0.05 0.11 0.05 0.06 0.13 0.15 0.14 0.12 0.16 0.17 0.10 0.14 0.11 0.13 0.19 0.20 0.13 0.15 0.18 0.19 0.15 0.12 0.08 0.11 0.08 0.17 0.10 0.27 0.07 0.24 0.07 0.10 0.18 0.16 0.04 0.04 0.19 0.12 0.07 0.21 0.02 0.06 0.03 0.13 0.20 0.20 0.10 0.15 0.09 0.17 0.14 0.21 0.13 0.09 0.04 0.02 0.09 0.14 0.12 0.18 0.07 0.11 0.09 0.07 0.11 0.18 0.03 0.12 0.08 0.17 0.18 0.12 0.26 0.12 0.18 0.13 0.14 0.28 0.09
0.05 0.17 0.07 0.25 0.23 0.09 0.25 0.17 0.07 0.07 0.26 0.14 0.04 0.27 0.06 0.14 0.00 0.20 0.28 0.24 0.09 0.11 0.20 0.18 0.09 0.17 0.13 0.28 0.12 0.14 0.15 0.06 0.28 0.06 0.10 0.33 0.06 0.06 0.01 0.32 0.05 0.29 0.27 0.23 0.09 0.12 0.15 0.24 0.24 0.11 0.22 0.10 0.17 0.04 0.04 0.18 0.16 0.34 0.26 0.07 0.22 0.17 0.12 0.13 0.11 0.06 0.34 0.24 0.07 0.12 0.31 0.05 0.36 0.19 0.15 0.11 0.16 0.23 0.12 0.03 0.04 0.07 0.25 0.05 0.21 0.25 0.06 0.17 0.15 0.10 0.15 0.23 0.11 0.24 0.03 0.23 0.11 0.14 0.26 0.07
0.24 0.20 0.27 0.34 0.17 0.29 0.31 0.21 0.13 0.17 0.29 0.07 0.24 0.36 0.26 0.18 0.20 0.00 0.48 0.14 0.26 0.13 0.29 0.23 0.19 0.05 0.34 0.21 0.30 0.34 0.35 0.14 0.23 0.14 0.30 0.26 0.25 0.14 0.19 0.23 0.25 0.33 0.20 0.24 0.29 0.10 0.36 0.20 0.45 0.12 0.42 0.11 0.08 0.18 0.24 0.16 0.22 0.22 0.24 0.14 0.39 0.16 0.24 0.21 0.31 0.20 0.20 0.21 0.28 0.09 0.22 0.15 0.26 0.31 0.09 0.14 0.19 0.18 0.32 0.18 0.22 0.19 0.27 0.22 0.24 0.18 0.27 0.20 0.06 0.10 0.36 0.36 0.31 0.44 0.19 0.36 0.31 0.32 0.46 0.13
0.24 0.28 0.21 0.14 0.31 0.19 0.17 0.27 0.35 0.31 0.18 0.41 0.24 0.12 0.21 0.30 0.28 0.48 0.00 0.34 0.21 0.35 0.19 0.25 0.29 0.42 0.14 0.27 0.18 0.14 0.12 0.34 0.25 0.34 0.18 0.22 0.23 0.34 0.29 0.25 0.23 0.15 0.28 0.24 0.19 0.38 0.12 0.28 0.03 0.36 0.06 0.37 0.40 0.29 0.24 0.32 0.26 0.26 0.24 0.34 0.09 0.32 0.24 0.27 0.17 0.29 0.28 0.27 0.20 0.39 0.26 0.33 0.22 0.17 0.39 0.34 0.29 0.30 0.16 0.30 0.26 0.29 0.21 0.26 0.24 0.30 0.21 0.28 0.42 0.38 0.12 0.12 0.17 0.04 0.29 0.12 0.17 0.16 0.02 0.35
0.18 0.06 0.18 0.20 0.03 0.28 0.17 0.07 0.16 0.17 0.15 0.15 0.22 0.22 0.27 0.09 0.24 0.14 0.34 0.00 0.15 0.12 0.15 0.09 0.15 0.09 0.20 0.07 0.16 0.20 0.21 0.20 0.09 0.20 0.22 0.12 0.30 0.23 0.24 0.09 0.28 0.19 0.06 0.11 0.16 0.11 0.22 0.07 0.31 0.12 0.29 0.17 0.06 0.28 0.26 0.05 0.08 0.10 0.10 0.17 0.25 0.07 0.12 0.11 0.18 0.29 0.11 0.07 0.25 0.15 0.08 0.23 0.12 0.17 0.08 0.13 0.07 0.04 0.18 0.21 0.27 0.17 0.13 0.18 0.10 0.04 0.27 0.06 0.08 0.14 0.22 0.22 0.17 0.31 0.21 0.23 0.17 0.18 0.32 0.18
0.04 0.09 0.03 0.16 0.15 0.13 0.16 0.09 0.13 0.09 0.17 0.20 0.07 0.18 0.12 0.08 0.09 0.26 0.21 0.15 0.00 0.14 0.12 0.10 0.07 0.21 0.07 0.20 0.04 0.08 0.09 0.12 0.19 0.12 0.07 0.25 0.15 0.12 0.09 0.24 0.13 0.21 0.18 0.14 0.03 0.16 0.09 0.15 0.18 0.15 0.16 0.16 0.18 0.13 0.11 0.10 0.07 0.25 0.17 0.12 0.14 0.11 0.03 0.06 0.05 0.14 0.26 0.15 0.10 0.17 0.23 0.11 0.27 0.11 0.17 0.12 0.07 0.14 0.06 0.08 0.12 0.07 0.17 0.04 0.13 0.17 0.12 0.09 0.21 0.16 0.09 0.15 0.04 0.18 0.07 0.15 0.05 0.06 0.20 0.13
0.12 0.07 0.14 0.21 0.12 0.16 0.18 0.08 0.04 0.04 0.17 0.06 0.12 0.23 0.14 0.05 0.11 0.13 0.35 0.12 0.14 0.00 0.16 0.10 0.07 0.07 0.21 0.17 0.17 0.21 0.23 0.07 0.17 0.08 0.17 0.22 0.17 0.10 0.12 0.21 0.16 0.20 0.15 0.12 0.16 0.03 0.23 0.13 0.32 0.01 0.30 0.04 0.07 0.15 0.13 0.07 0.09 0.23 0.15 0.04 0.26 0.06 0.11 0.08 0.18 0.17 0.23 0.13 0.15 0.04 0.20 0.11 0.25 0.18 0.04 0.01 0.06 0.12 0.19 0.08 0.15 0.06 0.14 0.09 0.11 0.14 0.15 0.07 0.07 0.03 0.23 0.23 0.18 0.32 0.09 0.24 0.18 0.19 0.33 0.06
0.15 0.09 0.15 0.05 0.12 0.25 0.04 0.08 0.16 0.14 0.06 0.23 0.19 0.07 0.23 0.11 0.20 0.29 0.19 0.15 0.12 0.16 0.00 0.06 0.12 0.24 0.15 0.08 0.09 0.15 0.16 0.16 0.07 0.17 0.19 0.13 0.26 0.19 0.21 0.12 0.25 0.09 0.09 0.05 0.13 0.19 0.11 0.09 0.15 0.17 0.13 0.18 0.21 0.25 0.22 0.13 0.07 0.13 0.06 0.15 0.10 0.13 0.09 0.08 0.15 0.26 0.14 0.08 0.21 0.20 0.11 0.20 0.15 0.02 0.20 0.15 0.10 0.11 0.11 0.17 0.24 0.14 0.05 0.15 0.06 0.11 0.24 0.09 0.24 0.19 0.07 0.07 0.09 0.15 0.18 0.07 0.10 0.06 0.17 0.16
0.13 0.03 0.13 0.11 0.06 0.23 0.08 0.02 0.11 0.11 0.08 0.16 0.17 0.13 0.21 0.05 0.18 0.23 0.25 0.09 0.10 0.10 0.06 0.00 0.10 0.17 0.12 0.10 0.07 0.13 0.14 0.14 0.10 0.15 0.17 0.15 0.24 0.17 0.19 0.14 0.23 0.11 0.09 0.04 0.11 0.12 0.13 0.06 0.22 0.11 0.20 0.12 0.15 0.22 0.20 0.07 0.02 0.15 0.08 0.11 0.16 0.07 0.07 0.05 0.13 0.24 0.16 0.06 0.19 0.14 0.13 0.18 0.18 0.09 0.14 0.09 0.04 0.05 0.09 0.15 0.21 0.11 0.07 0.13 0.03 0.07 0.22 0.03 0.17 0.13 0.13 0.13 0.08 0.21 0.15 0.14 0.08 0.09 0.23 0.12
0.05 0.09 0.08 0.16 0.15 0.13 0.16 0.09 0.06 0.02 0.17 0.13 0.07 0.18 0.12 0.06 0.09 0.19 0.29 0.15 0.07 0.07 0.12 0.10 0.00 0.14 0.14 0.20 0.11 0.15 0.16 0.05 0.19 0.05 0.11 0.25 0.15 0.07 0.09 0.24 0.13 0.21 0.18 0.14 0.10 0.09 0.16 0.15 0.25 0.08 0.23 0.09 0.12 0.13 0.11 0.10 0.07 0.25 0.17 0.06 0.20 0.08 0.04 0.04 0.12 0.14 0.26 0.15 0.10 0.11 0.23 0.08 0.27 0.12 0.10 0.06 0.07 0.14 0.12 0.06 0.12 0.02 0.17 0.03 0.13 0.17 0.12 0.09 0.14 0.09 0.16 0.17 0.11 0.25 0.06 0.17 0.12 0.12 0.27 0.06
0.19 0.15 0.22 0.29 0.12 0.24 0.25 0.16 0.09 0.12 0.24 0.08 0.19 0.31 0.21 0.13 0.17 0.05 0.42 0.09 0.21 0.07 0.24 0.17 0.14 0.00 0.28 0.16 0.25 0.29 0.30 0.12 0.18 0.13 0.25 0.21 0.23 0.15 0.17 0.18 0.21 0.27 0.15 0.19 0.24 0.05 0.30 0.15 0.39 0.06 0.37 0.10 0.03 0.21 0.18 0.11 0.17 0.17 0.18 0.10 0.34 0.11 0.18 0.15 0.26 0.22 0.17 0.15 0.22 0.09 0.17 0.16 0.21 0.26 0.04 0.09 0.14 0.13 0.27 0.14 0.20 0.14 0.21 0.17 0.18 0.13 0.21 0.15 0.01 0.07 0.30 0.31 0.25 0.39 0.14 0.31 0.26 0.27 0.41 0.11
0.09 0.14 0.07 0.19 0.17 0.10 0.19 0.12 0.21 0.17 0.20 0.27 0.09 0.21 0.09 0.15 0.13 0.34 0.14 0.20 0.07 0.21 0.15 0.12 0.14 0.28 0.00 0.23 0.06 0.01 0.02 0.19 0.22 0.20 0.04 0.27 0.12 0.19 0.15 0.27 0.11 0.24 0.21 0.17 0.04 0.23 0.04 0.18 0.11 0.22 0.09 0.23 0.26 0.15 0.10 0.17 0.12 0.28 0.20 0.20 0.16 0.18 0.10 0.13 0.02 0.15 0.28 0.18 0.07 0.25 0.25 0.18 0.30 0.13 0.25 0.20 0.15 0.17 0.04 0.15 0.12 0.15 0.20 0.12 0.15 0.20 0.10 0.14 0.28 0.24 0.09 0.17 0.06 0.11 0.15 0.17 0.04 0.08 0.12 0.20
0.23 0.11 0.23 0.13 0.05 0.33 0.10 0.11 0.21 0.21 0.08 0.20 0.27 0.15 0.31 0.14 0.28 0.21 0.27 0.07 0.20 0.17 0.08 0.10 0.20 0.16 0.23 0.00 0.17 0.23 0.24 0.24 0.02 0.25 0.27 0.05 0.34 0.27 0.29 0.04 0.33 0.12 0.02 0.06 0.21 0.16 0.18 0.04 0.24 0.17 0.21 0.21 0.13 0.33 0.30 0.10 0.12 0.05 0.03 0.21 0.18 0.12 0.17 0.15 0.23 0.34 0.06 0.04 0.30 0.20 0.03 0.28 0.07 0.10 0.13 0.18 0.12 0.06 0.19 0.26 0.32 0.21 0.06 0.23 0.07 0.03 0.32 0.11 0.15 0.18 0.15 0.15 0.17 0.23 0.26 0.15 0.18 0.14 0.25 0.23
0.07 0.10 0.07 0.13 0.13 0.16 0.13 0.09 0.17 0.13 0.14 0.24 0.10 0.15 0.15 0.12 0.12 0.30 0.18 0.16 0.04 0.17 0.09 0.07 0.11 0.25 0.06 0.17 0.00 0.07 0.07 0.16 0.16 0.16 0.10 0.21 0.18 0.16 0.12 0.21 0.17 0.17 0.15 0.11 0.04 0.20 0.06 0.12 0.15 0.18 0.12 0.20 0.22 0.16 0.14 0.14 0.08 0.22 0.14 0.16 0.10 0.14 0.06 0.09 0.07 0.17 0.22 0.12 0.13 0.21 0.19 0.15 0.24 0.07 0.21 0.16 0.11 0.12 0.02 0.12 0.15 0.11 0.14 0.08 0.10 0.14 0.15 0.10 0.25 0.20 0.06 0.12 0.01 0.14 0.11 0.11 0.02 0.02 0.16 0.17
0.10 0.14 0.07 0.19 0.18 0.10 0.20 0.13 0.21 0.17 0.21 0.28 0.10 0.21 0.08 0.16 0.14 0.34 0.14 0.20 0.08 0.21 0.15 0.13 0.15 0.29 0.01 0.23 0.07 0.00 0.01 0.20 0.23 0.20 0.04 0.28 0.11 0.20 0.15 0.27 0.10 0.24 0.21 0.17 0.05 0.24 0.04 0.19 0.11 0.23 0.08 0.24 0.26 0.15 0.10 0.18 0.12 0.28 0.21 0.20 0.17 0.18 0.10 0.13 0.03 0.15 0.29 0.19 0.07 0.25 0.26 0.19 0.31 0.14 0.25 0.20 0.15 0.17 0.04 0.16 0.12 0.15 0.20 0.12 0.16 0.20 0.09 0.14 0.29 0.24 0.10 0.18 0.06 0.10 0.15 0.18 0.05 0.09 0.12 0.21
0.11 0.15 0.08 0.20 0.18 0.09 0.20 0.14 0.22 0.18 0.21 0.29 0.11 0.22 0.09 0.17 0.15 0.35 0.12 0.21 0.09 0.23 0.16 0.14 0.16 0.30 0.02 0.24 0.07 0.01 0.00 0.21 0.23 0.21 0.06 0.29 0.11 0.21 0.16 0.28 0.11 0.25 0.22 0.18 0.06 0.25 0.05 0.20 0.09 0.24 0.07 0.25 0.28 0.17 0.12 0.19 0.14 0.29 0.21 0.21 0.17 0.20 0.12 0.15 0.04 0.16 0.30 0.20 0.08 0.27 0.27 0.20 0.31 0.15 0.26 0.21 0.17 0.18 0.05 0.17 0.14 0.16 0.21 0.13 0.17 0.21 0.09 0.15 0.30 0.25 0.10 0.19 0.07 0.09 0.17 0.18 0.06 0.10 0.11 0.22
0.10 0.13 0.13 0.21 0.19 0.15 0.21 0.13 0.03 0.03 0.22 0.08 0.10 0.23 0.12 0.10 0.06 0.14 0.34 0.20 0.12 0.07 0.16 0.14 0.05 0.12 0.19 0.24 0.16 0.20 0.21 0.00 0.24 0.01 0.15 0.29 0.11 0.03 0.05 0.28 0.10 0.25 0.23 0.18 0.15 0.09 0.21 0.20 0.30 0.07 0.28 0.04 0.14 0.08 0.10 0.15 0.12 0.30 0.22 0.03 0.25 0.12 0.10 0.09 0.17 0.10 0.30 0.20 0.13 0.06 0.27 0.04 0.32 0.17 0.11 0.07 0.12 0.19 0.17 0.04 0.07 0.05 0.21 0.08 0.17 0.21 0.12 0.13 0.11 0.06 0.21 0.22 0.16 0.30 0.04 0.22 0.17 0.17 0.32 0.02
0.23 0.11 0.23 0.11 0.06 0.32 0.07 0.11 0.21 0.21 0.06 0.20 0.26 0.13 0.31 0.14 0.28 0.23 0.25 0.09 0.19 0.17 0.07 0.10 0.19 0.18 0.22 0.02 0.16 0.23 0.23 0.24 0.00 0.25 0.26 0.05 0.34 0.27 0.29 0.04 0.33 0.10 0.03 0.05 0.21 0.15 0.18 0.04 0.21 0.17 0.19 0.21 0.15 0.32 0.30 0.09 0.12 0.06 0.02 0.21 0.16 0.11 0.16 0.15 0.23 0.34 0.06 0.04 0.29 0.20 0.03 0.28 0.08 0.09 0.14 0.17 0.12 0.05 0.18 0.25 0.31 0.21 0.04 0.23 0.07 0.05 0.32 0.11 0.17 0.18 0.13 0.13 0.17 0.21 0.25 0.13 0.17 0.14 0.23 0.22
0.10 0.14 0.13 0.21 0.20 0.15 0.21 0.14 0.04 0.04 0.23 0.07 0.10 0.23 0.12 0.11 0.06 0.14 0.34 0.20 0.12 0.08 0.17 0.15 0.05 0.13 0.20 0.25 0.16 0.20 0.21 0.01 0.25 0.00 0.16 0.30 0.11 0.02 0.05 0.29 0.11 0.26 0.23 0.19 0.15 0.09 0.21 0.21 0.31 0.08 0.28 0.04 0.14 0.07 0.10 0.15 0.13 0.30 0.23 0.04 0.25 0.13 0.10 0.10 0.17 0.09 0.31 0.21 0.14 0.05 0.28 0.03 0.33 0.17 0.12 0.07 0.13 0.20 0.18 0.04 0.08 0.05 0.22 0.08 0.18 0.22 0.12 0.14 0.12 0.07 0.21 0.22 0.17 0.30 0.05 0.22 0.17 0.18 0.32 0.02
0.06 0.16 0.04 0.23 0.21 0.06 0.23 0.16 0.17 0.13 0.25 0.23 0.06 0.25 0.04 0.13 0.10 0.30 0.18 0.22 0.07 0.17 0.19 0.17 0.11 0.25 0.04 0.27 0.10 0.04 0.06 0.15 0.26 0.16 0.00 0.32 0.07 0.15 0.11 0.31 0.06 0.28 0.25 0.21 0.06 0.20 0.08 0.23 0.15 0.18 0.12 0.19 0.22 0.11 0.06 0.17 0.15 0.32 0.25 0.16 0.21 0.15 0.10 0.12 0.04 0.11 0.33 0.23 0.03 0.21 0.30 0.15 0.34 0.17 0.21 0.16 0.15 0.21 0.08 0.12 0.08 0.11 0.24 0.08 0.20 0.24 0.05 0.16 0.24 0.20 0.13 0.22 0.10 0.15 0.11 0.21 0.09 0.12 0.16 0.17
0.28 0.16 0.28 0.09 0.10 0.38 0.08 0.16 0.26 0.26 0.07 0.25 0.32 0.10 0.36 0.19 0.33 0.26 0.22 0.12 0.25 0.22 0.13 0.15 0.25 0.21 0.27 0.05 0.21 0.28 0.29 0.29 0.05 0.30 0.32 0.00 0.39 0.32 0.34 0.03 0.38 0.07 0.07 0.11 0.26 0.21 0.23 0.09 0.19 0.22 0.24 0.26 0.18 0.37 0.35 0.15 0.17 0.04 0.07 0.26 0.13 0.17 0.21 0.20 0.28 0.39 0.06 0.09 0.34 0.25 0.04 0.33 0.03 0.14 0.18 0.23 0.17 0.10 0.24 0.30 0.37 0.26 0.08 0.28 0.12 0.08 0.37 0.16 0.20 0.23 0.18 0.10 0.22 0.23 0.31 0.11 0.23 0.19 0.20 0.28
0.11 0.23 0.11 0.31 0.29 0.04 0.31 0.23 0.13 0.13 0.32 0.19 0.07 0.33 0.03 0.20 0.06 0.25 0.23 0.30 0.15 0.17 0.26 0.24 0.15 0.23 0.12 0.34 0.18 0.11 0.11 0.11 0.34 0.11 0.07 0.39 0.00 0.11 0.06 0.38 0.01 0.35 0.33 0.29 0.13 0.18 0.16 0.30 0.20 0.17 0.17 0.15 0.24 0.07 0.04 0.25 0.22 0.40 0.32 0.13 0.28 0.23 0.17 0.19 0.11 0.06 0.40 0.30 0.05 0.17 0.37 0.10 0.42 0.25 0.21 0.17 0.22 0.29 0.15 0.09 0.04 0.13 0.31 0.11 0.27 0.31 0.02 0.23 0.21 0.16 0.21 0.29 0.17 0.19 0.09 0.29 0.16 0.20 0.21 0.12
0.10 0.16 0.13 0.24 0.22 0.15 0.24 0.16 0.06 0.06 0.25 0.08 0.10 0.26 0.12 0.13 0.06 0.14 0.34 0.23 0.12 0.10 0.19 0.17 0.07 0.15 0.19 0.27 0.16 0.20 0.21 0.03 0.27 0.02 0.15 0.32 0.11 0.00 0.05 0.31 0.10 0.28 0.26 0.21 0.15 0.12 0.21 0.23 0.30 0.10 0.28 0.06 0.17 0.05 0.10 0.17 0.15 0.33 0.25 0.06 0.25 0.15 0.11 0.12 0.17 0.07 0.33 0.23 0.13 0.07 0.30 0.01 0.35 0.18 0.14 0.10 0.15 0.22 0.17 0.04 0.07 0.06 0.24 0.08 0.20 0.24 0.12 0.16 0.14 0.09 0.21 0.22 0.16 0.30 0.04 0.22 0.17 0.17 0.32 0.04
0.06 0.18 0.08 0.25 0.24 0.10 0.26 0.18 0.08 0.07 0.27 0.12 0.05 0.27 0.07 0.15 0.01 0.19 0.29 0.24 0.09 0.12 0.21 0.19 0.09 0.17 0.15 0.29 0.12 0.15 0.16 0.05 0.29 0.05 0.11 0.34 0.06 0.05 0.00 0.33 0.06 0.30 0.27 0.23 0.10 0.13 0.17 0.25 0.26 0.12 0.23 0.09 0.18 0.04 0.05 0.19 0.17 0.34 0.27 0.08 0.23 0.17 0.12 0.14 0.12 0.05 0.35 0.25 0.09 0.10 0.32 0.04 0.37 0.20 0.16 0.11 0.17 0.24 0.13 0.04 0.03 0.07 0.26 0.06 0.22 0.26 0.07 0.18 0.16 0.11 0.17 0.24 0.12 0.25 0.03 0.24 0.12 0.15 0.27 0.06
0.27 0.15 0.27 0.11 0.09 0.37 0.07 0.15 0.25 0.26 0.06 0.24 0.31 0.13 0.35 0.18 0.32 0.23 0.25 0.09 0.24 0.21 0.12 0.14 0.24 0.18 0.27 0.04 0.21 0.27 0.28 0.28 0.04 0.29 0.31 0.03 0.38 0.31 0.33 0.00 0.37 0.10 0.06 0.10 0.25 0.20 0.23 0.08 0.21 0.21 0.23 0.26 0.15 0.37 0.34 0.14 0.16 0.01 0.06 0.25 0.16 0.16 0.21 0.19 0.27 0.38 0.03 0.08 0.34 0.24 0.01 0.32 0.04 0.13 0.17 0.22 0.16 0.10 0.23 0.30 0.36 0.26 0.07 0.27 0.11 0.07 0.36 0.15 0.17 0.23 0.17 0.13 0.21 0.22 0.30 0.13 0.22 0.18 0.23 0.27
0.10 0.22 0.10 0.29 0.28 0.04 0.30 0.22 0.12 0.12 0.31 0.18 0.06 0.31 0.02 0.19 0.05 0.25 0.23 0.28 0.13 0.16 0.25 0.23 0.13 0.21 0.11 0.33 0.17 0.10 0.11 0.10 0.33 0.11 0.06 0.38 0.01 0.10 0.06 0.37 0.00 0.34 0.31 0.27 0.12 0.17 0.15 0.29 0.20 0.16 0.18 0.14 0.22 0.06 0.03 0.23 0.21 0.38 0.31 0.12 0.27 0.21 0.16 0.18 0.10 0.06 0.39 0.29 0.04 0.16 0.36 0.10 0.40 0.24 0.20 0.15 0.21 0.28 0.14 0.07 0.03 0.12 0.30 0.10 0.26 0.30 0.02 0.22 0.20 0.15 0.20 0.28 0.16 0.20 0.07 0.28 0.15 0.19 0.21 0.11
0.24 0.12 0.24 0.05 0.16 0.34 0.04 0.12 0.22 0.23 0.03 0.26 0.28 0.03 0.32 0.15 0.29 0.33 0.15 0.19 0.21 0.20 0.09 0.11 0.21 0.27 0.24 0.12 0.17 0.24 0.25 0.25 0.10 0.26 0.28 0.07 0.35 0.28 0.30 0.10 0.34 0.00 0.13 0.08 0.22 0.22 0.20 0.12 0.15 0.21 0.20 0.23 0.25 0.34 0.31 0.16 0.13 0.11 0.09 0.22 0.07 0.17 0.18 0.16 0.24 0.35 0.12 0.12 0.31 0.24 0.11 0.29 0.07 0.10 0.24 0.19 0.14 0.15 0.20 0.27 0.33 0.23 0.06 0.24 0.09 0.15 0.33 0.12 0.27 0.23 0.15 0.06 0.18 0.19 0.27 0.06 0.19 0.15 0.16 0.24
0.21 0.09 0.21 0.14 0.04 0.31 0.11 0.09 0.19 0.20 0.10 0.18 0.25 0.16 0.30 0.12 0.27 0.20 0.28 0.06 0.18 0.15 0.09 0.09 0.18 0.15 0.21 0.02 0.15 0.21 0.22 0.23 0.03 0.23 0.25 0.07 0.33 0.26 0.27 0.06 0.31 0.13 0.00 0.04 0.19 0.14 0.17 0.03 0.25 0.15 0.23 0.20 0.12 0.31 0.29 0.08 0.11 0.07 0.04 0.20 0.19 0.10 0.15 0.14 0.21 0.32 0.07 0.03 0.28 0.18 0.04 0.26 0.09 0.12 0.11 0.16 0.11 0.04 0.17 0.24 0.30 0.20 0.07 0.21 0.05 0.02 0.30 0.09 0.14 0.17 0.16 0.16 0.15 0.25 0.24 0.17 0.16 0.12 0.26 0.21
0.17 0.05 0.17 0.10 0.07 0.27 0.06 0.05 0.15 0.16 0.05 0.18 0.21 0.12 0.26 0.08 0.23 0.24 0.24 0.11 0.14 0.12 0.05 0.04 0.14 0.19 0.17 0.06 0.11 0.17 0.18 0.18 0.05 0.19 0.21 0.11 0.29 0.21 0.23 0.10 0.27 0.08 0.04 0.00 0.15 0.14 0.13 0.04 0.20 0.13 0.18 0.16 0.17 0.27 0.25 0.08 0.07 0.11 0.04 0.15 0.15 0.09 0.11 0.10 0.17 0.28 0.12 0.04 0.24 0.15 0.09 0.22 0.13 0.07 0.15 0.12 0.07 0.06 0.13 0.20 0.26 0.16 0.03 0.17 0.01 0.06 0.26 0.05 0.19 0.14 0.11 0.12 0.11 0.20 0.20 0.12 0.12 0.09 0.22 0.17
0.05 0.10 0.02 0.17 0.16 0.12 0.17 0.10 0.16 0.12 0.19 0.23 0.06 0.19 0.10 0.11 0.09 0.29 0.19 0.16 0.03 0.16 0.13 0.11 0.10 0.24 0.04 0.21 0.04 0.05 0.06 0.15 0.21 0.15 0.06 0.26 0.13 0.15 0.10 0.25 0.12 0.22 0.19 0.15 0.00 0.19 0.07 0.17 0.15 0.17 0.13 0.18 0.21 0.12 0.09 0.13 0.09 0.26 0.19 0.15 0.15 0.13 0.05 0.08 0.02 0.13 0.27 0.17 0.09 0.20 0.24 0.14 0.29 0.12 0.20 0.15 0.10 0.15 0.03 0.11 0.11 0.10 0.18 0.07 0.14 0.18 0.11 0.10 0.24 0.19 0.07 0.16 0.04 0.15 0.10 0.16 0.03 0.07 0.17 0.16
0.14 0.10 0.17 0.24 0.11 0.18 0.20 0.11 0.05 0.07 0.19 0.04 0.14 0.26 0.16 0.08 0.12 0.10 0.38 0.11 0.16 0.03 0.19 0.12 0.09 0.05 0.23 0.16 0.20 0.24 0.25 0.09 0.15 0.09 0.20 0.21 0.18 0.12 0.13 0.20 0.17 0.22 0.14 0.14 0.19 0.00 0.25 0.12 0.34 0.01 0.32 0.06 0.05 0.17 0.15 0.06 0.12 0.21 0.14 0.06 0.29 0.06 0.14 0.11 0.21 0.18 0.21 0.12 0.17 0.04 0.18 0.12 0.23 0.21 0.03 0.04 0.09 0.10 0.21 0.10 0.16 0.09 0.16 0.12 0.13 0.13 0.16 0.10 0.05 0.03 0.25 0.26 0.20 0.34 0.10 0.26 0.21 0.21 0.36 0.07
0.11 0.15 0.09 0.15 0.19 0.14 0.15 0.15 0.23 0.18 0.16 0.29 0.11 0.17 0.13 0.17 0.15 0.36 0.12 0.22 0.09 0.23 0.11 0.13 0.16 0.30 0.04 0.18 0.06 0.04 0.05 0.21 0.18 0.21 0.08 0.23 0.16 0.21 0.17 0.23 0.15 0.20 0.17 0.13 0.07 0.25 0.00 0.15 0.09 0.24 0.07 0.25 0.28 0.17 0.12 0.19 0.14 0.24 0.16 0.22 0.12 0.20 0.12 0.15 0.05 0.17 0.24 0.15 0.11 0.27 0.21 0.21 0.26 0.09 0.27 0.22 0.17 0.17 0.04 0.17 0.14 0.17 0.15 0.14 0.12 0.17 0.14 0.15 0.30 0.26 0.05 0.14 0.05 0.09 0.17 0.13 0.04 0.04 0.11 0.22
0.19 0.07 0.19 0.14 0.04 0.29 0.10 0.07 0.17 0.17 0.09 0.16 0.23 0.15 0.27 0.10 0.24 0.20 0.28 0.07 0.15 0.13 0.09 0.06 0.15 0.15 0.18 0.04 0.12 0.19 0.20 0.20 0.04 0.21 0.23 0.09 0.30 0.23 0.25 0.08 0.29 0.12 0.03 0.04 0.17 0.12 0.15 0.00 0.24 0.13 0.22 0.17 0.12 0.28 0.26 0.06 0.08 0.10 0.04 0.17 0.18 0.07 0.12 0.11 0.19 0.30 0.10 0.01 0.25 0.16 0.07 0.24 0.12 0.11 0.11 0.14 0.08 0.02 0.15 0.21 0.28 0.17 0.06 0.19 0.03 0.02 0.28 0.07 0.15 0.14 0.15 0.16 0.13 0.24 0.21 0.16 0.14 0.12 0.26 0.18
0.20 0.25 0.17 0.11 0.28 0.18 0.14 0.24 0.32 0.28 0.15 0.38 0.20 0.13 0.18 0.27 0.24 0.45 0.03 0.31 0.18 0.32 0.15 0.22 0.25 0.39 0.11 0.24 0.15 0.11 0.09 0.30 0.21 0.31 0.15 0.19 0.20 0.30 0.26 0.21 0.20 0.15 0.25 0.20 0.15 0.34 0.09 0.24 0.00 0.33 0.04 0.34 0.37 0.26 0.21 0.28 0.23 0.23 0.21 0.31 0.08 0.29 0.21 0.24 0.13 0.26 0.24 0.24 0.17 0.36 0.23 0.30 0.22 0.13 0.36 0.31 0.26 0.27 0.13 0.27 0.23 0.26 0.18 0.23 0.21 0.27 0.18 0.25 0.39 0.35 0.09 0.10 0.14 0.04 0.26 0.09 0.14 0.13 0.02 0.31
0.13 0.09 0.15 0.22 0.12 0.17 0.19 0.10 0.04 0.06 0.18 0.05 0.13 0.24 0.15 0.07 0.11 0.12 0.36 0.12 0.15 0.01 0.17 0.11 0.08 0.06 0.22 0.17 0.18 0.23 0.24 0.07 0.17 0.08 0.18 0.22 0.17 0.10 0.12 0.21 0.16 0.21 0.15 0.13 0.17 0.01 0.24 0.13 0.33 0.00 0.31 0.04 0.06 0.15 0.13 0.07 0.10 0.22 0.15 0.04 0.27 0.05 0.12 0.09 0.20 0.17 0.23 0.13 0.16 0.03 0.20 0.11 0.25 0.20 0.04 0.02 0.07 0.12 0.20 0.09 0.15 0.07 0.15 0.11 0.12 0.14 0.15 0.09 0.06 0.02 0.24 0.25 0.19 0.33 0.09 0.25 0.20 0.20 0.35 0.06
0.18 0.22 0.15 0.15 0.26 0.14 0.15 0.21 0.29 0.25 0.17 0.36 0.18 0.17 0.16 0.24 0.22 0.42 0.06 0.29 0.16 0.30 0.13 0.20 0.23 0.37 0.09 0.21 0.12 0.08 0.07 0.28 0.19 0.28 0.12 0.24 0.17 0.28 0.23 0.23 0.18 0.20 0.23 0.18 0.13 0.32 0.07 0.22 0.04 0.31 0.00 0.32 0.35 0.24 0.18 0.26 0.21 0.24 0.18 0.29 0.12 0.27 0.18 0.21 0.11 0.23 0.25 0.21 0.15 0.34 0.21 0.27 0.26 0.11 0.33 0.29 0.24 0.24 0.11 0.24 0.21 0.23 0.16 0.20 0.19 0.24 0.16 0.22 0.37 0.32 0.07 0.14 0.12 0.02 0.24 0.14 0.11 0.11 0.04 0.29
0.14 0.11 0.17 0.23 0.16 0.18 0.20 0.11 0.03 0.07 0.19 0.04 0.14 0.25 0.16 0.07 0.10 0.11 0.37 0.17 0.16 0.04 0.18 0.12 0.09 0.10 0.23 0.21 0.20 0.24 0.25 0.04 0.21 0.04 0.19 0.26 0.15 0.06 0.09 0.26 0.14 0.23 0.20 0.16 0.18 0.06 0.25 0.17 0.34 0.04 0.32 0.00 0.11 0.11 0.13 0.12 0.11 0.27 0.19 0.03 0.28 0.10 0.13 0.10 0.21 0.12 0.27 0.17 0.17 0.02 0.24 0.07 0.29 0.21 0.09 0.04 0.09 0.16 0.21 0.07 0.11 0.09 0.18 0.12 0.15 0.18 0.16 0.11 0.09 0.03 0.25 0.26 0.20 0.34 0.08 0.26 0.21 0.21 0.36 0.03
0.17 0.12 0.19 0.26 0.09 0.22 0.23 0.13 0.10 0.11 0.21 0.09 0.17 0.28 0.21 0.10 0.17 0.08 0.40 0.06 0.18 0.07 0.21 0.15 0.12 0.03 0.26 0.13 0.22 0.26 0.28 0.14 0.15 0.14 0.22 0.18 0.24 0.17 0.18 0.15 0.22 0.25 0.12 0.17 0.21 0.05 0.28 0.12 0.37 0.06 0.35 0.11 0.00 0.22 0.20 0.09 0.14 0.16 0.16 0.11 0.31 0.08 0.16 0.13 0.24 0.23 0.17 0.13 0.20 0.10 0.14 0.17 0.18 0.24 0.02 0.07 0.11 0.10 0.24 0.15 0.21 0.11 0.19 0.14 0.16 0.10 0.21 0.12 0.02 0.08 0.28 0.28 0.23 0.37 0.15 0.29 0.23 0.24 0.38 0.12
0.09 0.21 0.10 0.29 0.27 0.10 0.29 0.21 0.12 0.11 0.30 0.12 0.06 0.31 0.08 0.18 0.04 0.18 0.29 0.28 0.13 0.15 0.25 0.22 0.13 0.21 0.15 0.33 0.16 0.15 0.17 0.08 0.32 0.07 0.11 0.37 0.07 0.05 0.04 0.37 0.06 0.34 0.31 0.27 0.12 0.17 0.17 0.28 0.26 0.15 0.24 0.11 0.22 0.00 0.05 0.23 0.20 0.38 0.30 0.11 0.26 0.21 0.16 0.17 0.13 0.02 0.38 0.28 0.09 0.12 0.35 0.04 0.40 0.23 0.20 0.15 0.20 0.27 0.14 0.07 0.03 0.11 0.30 0.10 0.26 0.30 0.08 0.21 0.20 0.14 0.19 0.28 0.15 0.26 0.07 0.27 0.15 0.18 0.28 0.10
0.07 0.19 0.07 0.27 0.25 0.05 0.27 0.19 0.11 0.09 0.28 0.17 0.04 0.29 0.03 0.16 0.04 0.24 0.24 0.26 0.11 0.13 0.22 0.20 0.11 0.18 0.10 0.30 0.14 0.10 0.12 0.10 0.30 0.10 0.06 0.35 0.04 0.10 0.05 0.34 0.03 0.31 0.29 0.25 0.09 0.15 0.12 0.26 0.21 0.13 0.18 0.13 0.20 0.05 0.00 0.21 0.18 0.36 0.28 0.10 0.24 0.18 0.14 0.15 0.07 0.05 0.36 0.26 0.04 0.15 0.33 0.09 0.38 0.21 0.17 0.12 0.18 0.25 0.12 0.06 0.02 0.09 0.27 0.07 0.23 0.27 0.03 0.19 0.18 0.14 0.17 0.25 0.13 0.21 0.05 0.25 0.12 0.16 0.22 0.11
0.14 0.04 0.13 0.17 0.04 0.23 0.14 0.05 0.11 0.12 0.13 0.10 0.17 0.20 0.21 0.04 0.18 0.16 0.32 0.05 0.10 0.07 0.13 0.07 0.10 0.11 0.17 0.10 0.14 0.18 0.19 0.15 0.09 0.15 0.17 0.15 0.25 0.17 0.19 0.14 0.23 0.16 0.08 0.08 0.13 0.06 0.19 0.06 0.28 0.07 0.26 0.12 0.09 0.23 0.21 0.00 0.06 0.15 0.07 0.12 0.23 0.02 0.07 0.06 0.15 0.24 0.15 0.06 0.20 0.11 0.12 0.18 0.17 0.15 0.07 0.08 0.03 0.04 0.15 0.16 0.22 0.12 0.10 0.13 0.07 0.07 0.22 0.04 0.11 0.09 0.19 0.20 0.14 0.28 0.16 0.20 0.15 0.15 0.30 0.13
0.11 0.02 0.11 0.12 0.07 0.21 0.09 0.01 0.09 0.09 0.10 0.15 0.15 0.14 0.19 0.04 0.16 0.22 0.26 0.08 0.07 0.09 0.07 0.02 0.07 0.17 0.12 0.12 0.08 0.12 0.14 0.12 0.12 0.13 0.15 0.17 0.22 0.15 0.17 0.16 0.21 0.13 0.11 0.07 0.09 0.12 0.14 0.08 0.23 0.10 0.21 0.11 0.14 0.20 0.18 0.06 0.00 0.17 0.10 0.09 0.17 0.06 0.04 0.03 0.11 0.22 0.18 0.08 0.17 0.13 0.15 0.16 0.20 0.10 0.13 0.08 0.03 0.07 0.10 0.13 0.20 0.09 0.09 0.11 0.05 0.09 0.20 0.02 0.16 0.12 0.14 0.14 0.09 0.23 0.14 0.15 0.09 0.10 0.24 0.11
0.29 0.16 0.28 0.12 0.11 0.38 0.09 0.16 0.26 0.27 0.07 0.25 0.32 0.14 0.37 0.19 0.34 0.22 0.26 0.10 0.25 0.23 0.13 0.15 0.25 0.17 0.28 0.05 0.22 0.28 0.29 0.30 0.06 0.30 0.32 0.04 0.40 0.33 0.34 0.01 0.38 0.11 0.07 0.11 0.26 0.21 0.24 0.10 0.23 0.22 0.24 0.27 0.16 0.38 0.36 0.15 0.17 0.00 0.07 0.27 0.17 0.17 0.22 0.21 0.29 0.39 0.02 0.10 0.35 0.26 0.03 0.33 0.04 0.15 0.18 0.23 0.17 0.11 0.24 0.31 0.37 0.27 0.08 0.28 0.12 0.08 0.37 0.16 0.18 0.24 0.19 0.14 0.22 0.24 0.31 0.15 0.23 0.20 0.24 0.28
0.21 0.09 0.21 0.10 0.07 0.31 0.07 0.09 0.19 0.19 0.06 0.18 0.25 0.12 0.29 0.12 0.26 0.24 0.24 0.10 0.17 0.15 0.06 0.08 0.17 0.18 0.20 0.03 0.14 0.21 0.21 0.22 0.02 0.23 0.25 0.07 0.32 0.25 0.27 0.06 0.31 0.09 0.04 0.04 0.19 0.14 0.16 0.04 0.21 0.15 0.18 0.19 0.16 0.30 0.28 0.07 0.10 0.07 0.00 0.19 0.15 0.10 0.15 0.13 0.21 0.32 0.08 0.03 0.27 0.18 0.05 0.26 0.10 0.07 0.15 0.15 0.10 0.06 0.17 0.23 0.30 0.19 0.03 0.21 0.05 0.06 0.30 0.09 0.18 0.16 0.12 0.12 0.15 0.21 0.24 0.12 0.16 0.12 0.22 0.21
0.11 0.10 0.13 0.20 0.16 0.15 0.18 0.10 0.01 0.03 0.19 0.07 0.11 0.22 0.12 0.07 0.07 0.14 0.34 0.17 0.12 0.04 0.15 0.11 0.06 0.10 0.20 0.21 0.16 0.20 0.21 0.03 0.21 0.04 0.16 0.26 0.13 0.06 0.08 0.25 0.12 0.22 0.20 0.15 0.15 0.06 0.22 0.17 0.31 0.04 0.29 0.03 0.11 0.11 0.10 0.12 0.09 0.27 0.19 0.00 0.25 0.10 0.10 0.07 0.17 0.13 0.27 0.17 0.14 0.05 0.24 0.07 0.29 0.17 0.08 0.04 0.09 0.16 0.18 0.04 0.11 0.05 0.18 0.08 0.14 0.18 0.13 0.10 0.08 0.04 0.22 0.22 0.17 0.31 0.05 0.23 0.17 0.18 0.32 0.02
0.17 0.19 0.17 0.05 0.22 0.27 0.08 0.18 0.26 0.22 0.10 0.32 0.21 0.04 0.25 0.21 0.22 0.39 0.09 0.25 0.14 0.26 0.10 0.16 0.20 0.34 0.16 0.18 0.10 0.17 0.17 0.25 0.16 0.25 0.21 0.13 0.28 0.25 0.23 0.16 0.27 0.07 0.19 0.15 0.15 0.29 0.12 0.18 0.08 0.27 0.12 0.28 0.31 0.26 0.24 0.23 0.17 0.17 0.15 0.25 0.00 0.23 0.15 0.18 0.17 0.28 0.18 0.18 0.23 0.30 0.17 0.24 0.14 0.07 0.30 0.25 0.20 0.21 0.12 0.21 0.26 0.20 0.12 0.17 0.15 0.21 0.26 0.19 0.33 0.29 0.07 0.03 0.11 0.12 0.20 0.03 0.12 0.08 0.09 0.26
0.12 0.04 0.11 0.18 0.07 0.21 0.15 0.05 0.09 0.10 0.14 0.09 0.15 0.20 0.20 0.02 0.17 0.16 0.32 0.07 0.11 0.06 0.13 0.07 0.08 0.11 0.18 0.12 0.14 0.18 0.20 0.12 0.11 0.13 0.15 0.17 0.23 0.15 0.17 0.16 0.21 0.17 0.10 0.09 0.13 0.06 0.20 0.07 0.29 0.05 0.27 0.10 0.08 0.21 0.18 0.02 0.06 0.17 0.10 0.10 0.23 0.00 0.08 0.05 0.15 0.22 0.17 0.07 0.18 0.09 0.15 0.16 0.19 0.15 0.07 0.06 0.03 0.06 0.16 0.14 0.20 0.10 0.11 0.11 0.08 0.09 0.20 0.04 0.10 0.07 0.20 0.20 0.15 0.29 0.14 0.21 0.15 0.16 0.30 0.11
0.07 0.06 0.06 0.13 0.12 0.16 0.13 0.06 0.11 0.07 0.15 0.17 0.10 0.15 0.15 0.06 0.12 0.24 0.24 0.12 0.03 0.11 0.09 0.07 0.04 0.18 0.10 0.17 0.06 0.10 0.12 0.10 0.16 0.10 0.10 0.21 0.17 0.11 0.12 0.21 0.16 0.18 0.15 0.11 0.05 0.14 0.12 0.12 0.21 0.12 0.18 0.13 0.16 0.16 0.14 0.07 0.04 0.22 0.15 0.10 0.15 0.08 0.00 0.03 0.07 0.17 0.23 0.12 0.13 0.15 0.20 0.11 0.24 0.07 0.15 0.10 0.05 0.11 0.08 0.09 0.15 0.05 0.14 0.06 0.10 0.14 0.15 0.06 0.18 0.14 0.12 0.12 0.07 0.21 0.09 0.12 0.07 0.08 0.22 0.11
0.08 0.04 0.08 0.13 0.10 0.17 0.12 0.04 0.08 0.06 0.13 0.14 0.12 0.15 0.16 0.03 0.13 0.21 0.27 0.11 0.06 0.08 0.08 0.05 0.04 0.15 0.13 0.15 0.09 0.13 0.15 0.09 0.15 0.10 0.12 0.20 0.19 0.12 0.14 0.19 0.18 0.16 0.14 0.10 0.08 0.11 0.15 0.11 0.24 0.09 0.21 0.10 0.13 0.17 0.15 0.06 0.03 0.21 0.13 0.07 0.18 0.05 0.03 0.00 0.11 0.19 0.21 0.11 0.14 0.12 0.18 0.13 0.23 0.11 0.12 0.07 0.03 0.10 0.11 0.10 0.17 0.06 0.12 0.08 0.08 0.12 0.17 0.04 0.15 0.11 0.15 0.15 0.10 0.24 0.11 0.15 0.10 0.11 0.25 0.07
0.07 0.12 0.04 0.20 0.18 0.10 0.20 0.12 0.18 0.14 0.21 0.25 0.07 0.21 0.08 0.13 0.11 0.31 0.17 0.18 0.05 0.18 0.15 0.13 0.12 0.26 0.02 0.23 0.07 0.03 0.04 0.17 0.23 0.17 0.04 0.28 0.11 0.17 0.12 0.27 0.10 0.24 0.21 0.17 0.02 0.21 0.05 0.19 0.13 0.20 0.11 0.21 0.24 0.13 0.07 0.15 0.11 0.29 0.21 0.17 0.17 0.15 0.07 0.11 0.00 0.12 0.29 0.19 0.06 0.23 0.26 0.16 0.31 0.14 0.22 0.17 0.12 0.18 0.04 0.13 0.10 0.12 0.20 0.09 0.16 0.20 0.09 0.12 0.26 0.21 0.10 0.18 0.06 0.13 0.12 0.18 0.05 0.09 0.15 0.18
0.11 0.23 0.11 0.30 0.29 0.10 0.31 0.23 0.13 0.12 0.32 0.14 0.07 0.32 0.07 0.20 0.06 0.20 0.29 0.29 0.14 0.17 0.26 0.24 0.14 0.22 0.15 0.34 0.17 0.15 0.16 0.10 0.34 0.09 0.11 0.39 0.06 0.07 0.05 0.38 0.06 0.35 0.32 0.28 0.13 0.18 0.17 0.30 0.26 0.17 0.23 0.12 0.23 0.02 0.05 0.24 0.22 0.39 0.32 0.13 0.28 0.22 0.17 0.19 0.12 0.00 0.40 0.30 0.09 0.14 0.37 0.06 0.42 0.25 0.21 0.16 0.22 0.29 0.15 0.09 0.03 0.12 0.31 0.11 0.27 0.31 0.07 0.23 0.21 0.15 0.21 0.29 0.17 0.25 0.08 0.29 0.16 0.20 0.27 0.11
0.29 0.17 0.29 0.14 0.11 0.39 0.10 0.17 0.27 0.27 0.09 0.26 0.33 0.15 0.37 0.20 0.34 0.20 0.28 0.11 0.26 0.23 0.14 0.16 0.26 0.17 0.28 0.06 0.22 0.29 0.30 0.30 0.06 0.31 0.33 0.06 0.40 0.33 0.35 0.03 0.39 0.12 0.07 0.12 0.27 0.21 0.24 0.10 0.24 0.23 0.25 0.27 0.17 0.38 0.36 0.15 0.18 0.02 0.08 0.27 0.18 0.17 0.23 0.21 0.29 0.40 0.00 0.10 0.35 0.26 0.03 0.34 0.06 0.15 0.19 0.24 0.18 0.11 0.25 0.31 0.38 0.27 0.09 0.29 0.13 0.09 0.38 0.17 0.19 0.24 0.19 0.16 0.23 0.24 0.32 0.16 0.24 0.20 0.26 0.29
0.19 0.07 0.19 0.13 0.04 0.29 0.10 0.07 0.17 0.17 0.09 0.16 0.23 0.15 0.27 0.10 0.24 0.21 0.27 0.07 0.15 0.13 0.08 0.06 0.15 0.15 0.18 0.04 0.12 0.19 0.20 0.20 0.04 0.21 0.23 0.09 0.30 0.23 0.25 0.08 0.29 0.12 0.03 0.04 0.17 0.12 0.15 0.01 0.24 0.13 0.21 0.17 0.13 0.28 0.26 0.06 0.08 0.10 0.03 0.17 0.18 0.07 0.12 0.11 0.19 0.30 0.10 0.00 0.25 0.16 0.07 0.24 0.12 0.11 0.12 0.14 0.08 0.03 0.15 0.21 0.28 0.17 0.06 0.19 0.03 0.03 0.28 0.07 0.15 0.14 0.15 0.15 0.13 0.24 0.21 0.15 0.14 0.11 0.25 0.18
0.06 0.18 0.07 0.26 0.24 0.03 0.26 0.18 0.15 0.11 0.27 0.21 0.03 0.28 0.02 0.15 0.07 0.28 0.20 0.25 0.10 0.15 0.21 0.19 0.10 0.22 0.07 0.30 0.13 0.07 0.08 0.13 0.29 0.14 0.03 0.34 0.05 0.13 0.09 0.34 0.04 0.31 0.28 0.24 0.09 0.17 0.11 0.25 0.17 0.16 0.15 0.17 0.20 0.09 0.04 0.20 0.17 0.35 0.27 0.14 0.23 0.18 0.13 0.14 0.06 0.09 0.35 0.25 0.00 0.19 0.32 0.12 0.37 0.20 0.18 0.14 0.17 0.24 0.11 0.10 0.06 0.09 0.27 0.07 0.23 0.27 0.03 0.18 0.22 0.17 0.16 0.25 0.12 0.17 0.09 0.24 0.12 0.15 0.18 0.14
0.15 0.11 0.18 0.25 0.15 0.20 0.22 0.12 0.04 0.08 0.21 0.02 0.15 0.27 0.17 0.09 0.12 0.09 0.39 0.15 0.17 0.04 0.20 0.14 0.11 0.09 0.25 0.20 0.21 0.25 0.27 0.06 0.20 0.05 0.21 0.25 0.17 0.07 0.10 0.24 0.16 0.24 0.18 0.15 0.20 0.04 0.27 0.16 0.36 0.03 0.34 0.02 0.10 0.12 0.15 0.11 0.13 0.26 0.18 0.05 0.30 0.09 0.15 0.12 0.23 0.14 0.26 0.16 0.19 0.00 0.23 0.08 0.28 0.23 0.07 0.05 0.10 0.15 0.23 0.09 0.13 0.10 0.18 0.13 0.15 0.17 0.18 0.11 0.07 0.02 0.27 0.27 0.22 0.36 0.10 0.28 0.22 0.23 0.37 0.04
0.26 0.14 0.26 0.12 0.08 0.36 0.09 0.14 0.24 0.24 0.07 0.23 0.30 0.14 0.34 0.17 0.31 0.22 0.26 0.08 0.23 0.20 0.11 0.13 0.23 0.17 0.25 0.03 0.19 0.26 0.27 0.27 0.03 0.28 0.30 0.04 0.37 0.30 0.32 0.01 0.36 0.11 0.04 0.09 0.24 0.18 0.21 0.07 0.23 0.20 0.21 0.24 0.14 0.35 0.33 0.12 0.15 0.03 0.05 0.24 0.17 0.15 0.20 0.18 0.26 0.37 0.03 0.07 0.32 0.23 0.00 0.31 0.05 0.12 0.16 0.21 0.15 0.08 0.21 0.28 0.35 0.24 0.06 0.26 0.10 0.06 0.35 0.14 0.16 0.21 0.16 0.14 0.20 0.23 0.29 0.15 0.21 0.17 0.24 0.26
0.09 0.17 0.12 0.24 0.23 0.14 0.25 0.17 0.07 0.07 0.26 0.09 0.09 0.26 0.11 0.14 0.05 0.15 0.33 0.23 0.11 0.11 0.20 0.18 0.08 0.16 0.18 0.28 0.15 0.19 0.20 0.04 0.28 0.03 0.15 0.33 0.10 0.01 0.04 0.32 0.10 0.29 0.26 0.22 0.14 0.12 0.21 0.24 0.30 0.11 0.27 0.07 0.17 0.04 0.09 0.18 0.16 0.33 0.26 0.07 0.24 0.16 0.11 0.13 0.16 0.06 0.34 0.24 0.12 0.08 0.31 0.00 0.36 0.19 0.15 0.10 0.16 0.23 0.17 0.03 0.07 0.07 0.25 0.07 0.21 0.25 0.12 0.17 0.15 0.10 0.21 0.23 0.15 0.29 0.04 0.23 0.16 0.17 0.31 0.05
0.31 0.18 0.31 0.11 0.13 0.40 0.11 0.18 0.29 0.29 0.10 0.28 0.34 0.10 0.39 0.21 0.36 0.26 0.22 0.12 0.27 0.25 0.15 0.18 0.27 0.21 0.30 0.07 0.24 0.31 0.31 0.32 0.08 0.33 0.34 0.03 0.42 0.35 0.37 0.04 0.40 0.07 0.09 0.13 0.29 0.23 0.26 0.12 0.22 0.25 0.26 0.29 0.18 0.40 0.38 0.17 0.20 0.04 0.10 0.29 0.14 0.19 0.24 0.23 0.31 0.42 0.06 0.12 0.37 0.28 0.05 0.36 0.00 0.17 0.21 0.25 0.20 0.13 0.26 0.33 0.39 0.29 0.11 0.31 0.15 0.11 0.40 0.18 0.21 0.26 0.21 0.12 0.25 0.26 0.33 0.13 0.26 0.22 0.23 0.30
0.14 0.11 0.14 0.06 0.15 0.24 0.06 0.10 0.18 0.14 0.07 0.25 0.17 0.07 0.22 0.13 0.19 0.31 0.17 0.17 0.11 0.18 0.02 0.09 0.12 0.26 0.13 0.10 0.07 0.14 0.15 0.17 0.09 0.17 0.17 0.14 0.25 0.18 0.20 0.13 0.24 0.10 0.12 0.07 0.12 0.21 0.09 0.11 0.13 0.20 0.11 0.21 0.24 0.23 0.21 0.15 0.10 0.15 0.07 0.17 0.07 0.15 0.07 0.11 0.14 0.25 0.15 0.11 0.20 0.23 0.12 0.19 0.17 0.00 0.22 0.17 0.12 0.13 0.10 0.16 0.23 0.12 0.06 0.14 0.08 0.13 0.23 0.11 0.26 0.21 0.04 0.05 0.08 0.13 0.17 0.05 0.09 0.05 0.15 0.18
0.15 0.11 0.18 0.25 0.08 0.20 0.21 0.12 0.08 0.09 0.20 0.07 0.15 0.27 0.18 0.09 0.15 0.09 0.39 0.08 0.17 0.04 0.20 0.14 0.10 0.04 0.25 0.13 0.21 0.25 0.26 0.11 0.14 0.12 0.21 0.18 0.21 0.14 0.16 0.17 0.20 0.24 0.11 0.15 0.20 0.03 0.27 0.11 0.36 0.04 0.33 0.09 0.02 0.20 0.17 0.07 0.13 0.18 0.15 0.08 0.30 0.07 0.15 0.12 0.22 0.21 0.19 0.12 0.18 0.07 0.16 0.15 0.21 0.22 0.00 0.05 0.10 0.09 0.23 0.12 0.19 0.10 0.17 0.13 0.15 0.10 0.19 0.11 0.04 0.06 0.27 0.27 0.21 0.35 0.13 0.27 0.22 0.23 0.37 0.10
0.11 0.07 0.13 0.20 0.12 0.15 0.17 0.07 0.03 0.04 0.15 0.07 0.11 0.22 0.14 0.04 0.11 0.14 0.34 0.13 0.12 0.01 0.15 0.09 0.06 0.09 0.20 0.18 0.16 0.20 0.21 0.07 0.17 0.07 0.16 0.23 0.17 0.10 0.11 0.22 0.15 0.19 0.16 0.12 0.15 0.04 0.22 0.14 0.31 0.02 0.29 0.04 0.07 0.15 0.12 0.08 0.08 0.23 0.15 0.04 0.25 0.06 0.10 0.07 0.17 0.16 0.24 0.14 0.14 0.05 0.21 0.10 0.25 0.17 0.05 0.00 0.06 0.12 0.18 0.08 0.14 0.05 0.15 0.08 0.11 0.15 0.14 0.07 0.08 0.04 0.22 0.22 0.17 0.31 0.08 0.23 0.17 0.18 0.32 0.05
0.11 0.01 0.11 0.15 0.07 0.21 0.12 0.02 0.09 0.09 0.11 0.12 0.15 0.17 0.19 0.02 0.16 0.19 0.29 0.07 0.07 0.06 0.10 0.04 0.07 0.14 0.15 0.12 0.11 0.15 0.17 0.12 0.12 0.13 0.15 0.17 0.22 0.15 0.17 0.16 0.21 0.14 0.11 0.07 0.10 0.09 0.17 0.08 0.26 0.07 0.24 0.09 0.11 0.20 0.18 0.03 0.03 0.17 0.10 0.09 0.20 0.03 0.05 0.03 0.12 0.22 0.18 0.08 0.17 0.10 0.15 0.16 0.20 0.12 0.10 0.06 0.00 0.07 0.13 0.13 0.20 0.09 0.09 0.11 0.05 0.09 0.20 0.01 0.13 0.09 0.17 0.17 0.12 0.26 0.14 0.17 0.12 0.13 0.27 0.11
0.18 0.06 0.17 0.16 0.01 0.27 0.12 0.06 0.15 0.16 0.11 0.15 0.21 0.18 0.26 0.09 0.23 0.18 0.30 0.04 0.14 0.12 0.11 0.05 0.14 0.13 0.17 0.06 0.12 0.17 0.18 0.19 0.05 0.20 0.21 0.10 0.29 0.22 0.24 0.10 0.28 0.15 0.04 0.06 0.15 0.10 0.17 0.02 0.27 0.12 0.24 0.16 0.10 0.27 0.25 0.04 0.07 0.11 0.06 0.16 0.21 0.06 0.11 0.10 0.18 0.29 0.11 0.03 0.24 0.15 0.08 0.23 0.13 0.13 0.09 0.12 0.07 0.00 0.14 0.20 0.26 0.16 0.09 0.17 0.06 0.03 0.27 0.06 0.12 0.13 0.17 0.18 0.12 0.26 0.20 0.18 0.13 0.14 0.28 0.17
0.07 0.12 0.05 0.15 0.15 0.14 0.15 0.11 0.19 0.15 0.17 0.25 0.08 0.17 0.12 0.14 0.12 0.32 0.16 0.18 0.06 0.19 0.11 0.09 0.12 0.27 0.04 0.19 0.02 0.04 0.05 0.17 0.18 0.18 0.08 0.24 0.15 0.17 0.13 0.23 0.14 0.20 0.17 0.13 0.03 0.21 0.04 0.15 0.13 0.20 0.11 0.21 0.24 0.14 0.12 0.15 0.10 0.24 0.17 0.18 0.12 0.16 0.08 0.11 0.04 0.15 0.25 0.15 0.11 0.23 0.21 0.17 0.26 0.10 0.23 0.18 0.13 0.14 0.00 0.14 0.13 0.13 0.16 0.10 0.12 0.16 0.13 0.12 0.26 0.22 0.05 0.14 0.02 0.12 0.13 0.14 0.01 0.04 0.14 0.18
0.06 0.15 0.09 0.22 0.20 0.11 0.22 0.15 0.05 0.04 0.23 0.12 0.06 0.24 0.08 0.12 0.03 0.18 0.30 0.21 0.08 0.08 0.17 0.15 0.06 0.14 0.15 0.26 0.12 0.16 0.17 0.04 0.25 0.04 0.12 0.30 0.09 0.04 0.04 0.30 0.07 0.27 0.24 0.20 0.11 0.10 0.17 0.21 0.27 0.09 0.24 0.07 0.15 0.07 0.06 0.16 0.13 0.31 0.23 0.04 0.21 0.14 0.09 0.10 0.13 0.09 0.31 0.21 0.10 0.09 0.28 0.03 0.33 0.16 0.12 0.08 0.13 0.20 0.14 0.00 0.06 0.04 0.23 0.04 0.18 0.23 0.09 0.15 0.12 0.08 0.17 0.21 0.12 0.26 0.01 0.20 0.13 0.14 0.28 0.05
0.09 0.21 0.09 0.28 0.27 0.07 0.28 0.21 0.11 0.10 0.30 0.15 0.05 0.30 0.04 0.18 0.04 0.22 0.26 0.27 0.12 0.15 0.24 0.21 0.12 0.20 0.12 0.32 0.15 0.12 0.14 0.07 0.31 0.08 0.08 0.37 0.04 0.07 0.03 0.36 0.03 0.33 0.30 0.26 0.11 0.16 0.14 0.28 0.23 0.15 0.21 0.11 0.21 0.03 0.02 0.22 0.20 0.37 0.30 0.11 0.26 0.20 0.15 0.17 0.10 0.03 0.38 0.28 0.06 0.13 0.35 0.07 0.39 0.23 0.19 0.14 0.20 0.26 0.13 0.06 0.00 0.10 0.29 0.09 0.25 0.29 0.05 0.21 0.19 0.13 0.18 0.27 0.15 0.23 0.06 0.27 0.14 0.17 0.24 0.09
0.05 0.11 0.08 0.18 0.16 0.11 0.18 0.11 0.06 0.02 0.19 0.12 0.05 0.20 0.10 0.07 0.07 0.19 0.29 0.17 0.07 0.06 0.14 0.11 0.02 0.14 0.15 0.21 0.11 0.15 0.16 0.05 0.21 0.05 0.11 0.26 0.13 0.06 0.07 0.26 0.12 0.23 0.20 0.16 0.10 0.09 0.17 0.17 0.26 0.07 0.23 0.09 0.11 0.11 0.09 0.12 0.09 0.27 0.19 0.05 0.20 0.10 0.05 0.06 0.12 0.12 0.27 0.17 0.09 0.10 0.24 0.07 0.29 0.12 0.10 0.05 0.09 0.16 0.13 0.04 0.10 0.00 0.18 0.03 0.15 0.18 0.11 0.11 0.14 0.09 0.17 0.17 0.12 0.25 0.04 0.17 0.12 0.13 0.27 0.06
0.20 0.08 0.20 0.07 0.10 0.30 0.04 0.08 0.18 0.18 0.03 0.20 0.24 0.09 0.28 0.11 0.25 0.27 0.21 0.13 0.17 0.14 0.05 0.07 0.17 0.21 0.20 0.06 0.14 0.20 0.21 0.21 0.04 0.22 0.24 0.08 0.31 0.24 0.26 0.07 0.30 0.06 0.07 0.03 0.18 0.16 0.15 0.06 0.18 0.15 0.16 0.18 0.19 0.30 0.27 0.10 0.09 0.08 0.03 0.18 0.12 0.11 0.14 0.12 0.20 0.31 0.09 0.06 0.27 0.18 0.06 0.25 0.11 0.06 0.17 0.15 0.09 0.09 0.16 0.23 0.29 0.18 0.00 0.20 0.04 0.09 0.29 0.08 0.21 0.17 0.11 0.10 0.14 0.18 0.23 0.10 0.15 0.11 0.20 0.20
0.02 0.12 0.05 0.19 0.18 0.10 0.20 0.12 0.09 0.05 0.21 0.15 0.04 0.21 0.08 0.09 0.05 0.22 0.26 0.18 0.04 0.09 0.15 0.13 0.03 0.17 0.12 0.23 0.08 0.12 0.13 0.08 0.23 0.08 0.08 0.28 0.11 0.08 0.06 0.27 0.10 0.24 0.21 0.17 0.07 0.12 0.14 0.19 0.23 0.11 0.20 0.12 0.14 0.10 0.07 0.13 0.11 0.28 0.21 0.08 0.17 0.11 0.06 0.08 0.09 0.11 0.29 0.19 0.07 0.13 0.26 0.07 0.31 0.14 0.13 0.08 0.11 0.17 0.10 0.04 0.09 0.03 0.20 0.00 0.16 0.20 0.09 0.12 0.17 0.12 0.14 0.18 0.09 0.22 0.03 0.18 0.09 0.10 0.24 0.09
0.16 0.04 0.16 0.10 0.07 0.26 0.07 0.04 0.14 0.15 0.06 0.17 0.20 0.12 0.24 0.07 0.21 0.24 0.24 0.10 0.13 0.11 0.06 0.03 0.13 0.18 0.15 0.07 0.10 0.16 0.17 0.17 0.07 0.18 0.20 0.12 0.27 0.20 0.22 0.11 0.26 0.09 0.05 0.01 0.14 0.13 0.12 0.03 0.21 0.12 0.19 0.15 0.16 0.26 0.23 0.07 0.05 0.12 0.05 0.14 0.15 0.08 0.10 0.08 0.16 0.27 0.13 0.03 0.23 0.15 0.10 0.21 0.15 0.08 0.15 0.11 0.05 0.06 0.12 0.18 0.25 0.15 0.04 0.16 0.00 0.06 0.25 0.04 0.18 0.14 0.12 0.12 0.10 0.21 0.19 0.13 0.11 0.08 0.23 0.16
0.20 0.08 0.20 0.16 0.02 0.30 0.12 0.08 0.18 0.18 0.11 0.17 0.24 0.18 0.28 0.11 0.25 0.18 0.30 0.04 0.17 0.14 0.11 0.07 0.17 0.13 0.20 0.03 0.14 0.20 0.21 0.21 0.05 0.22 0.24 0.08 0.31 0.24 0.26 0.07 0.30 0.15 0.02 0.06 0.18 0.13 0.17 0.02 0.27 0.14 0.24 0.18 0.10 0.30 0.27 0.07 0.09 0.08 0.06 0.18 0.21 0.09 0.14 0.12 0.20 0.31 0.09 0.03 0.27 0.17 0.06 0.25 0.11 0.13 0.10 0.15 0.09 0.03 0.16 0.23 0.29 0.18 0.09 0.20 0.06 0.00 0.29 0.08 0.12 0.15 0.17 0.18 0.14 0.26 0.23 0.18 0.15 0.14 0.28 0.20
0.09 0.21 0.09 0.28 0.27 0.02 0.29 0.21 0.14 0.11 0.30 0.20 0.05 0.30 0.01 0.18 0.06 0.27 0.21 0.27 0.12 0.15 0.24 0.22 0.12 0.21 0.10 0.32 0.15 0.09 0.09 0.12 0.32 0.12 0.05 0.37 0.02 0.12 0.07 0.36 0.02 0.33 0.30 0.26 0.11 0.16 0.14 0.28 0.18 0.15 0.16 0.16 0.21 0.08 0.03 0.22 0.20 0.37 0.30 0.13 0.26 0.20 0.15 0.17 0.09 0.07 0.38 0.28 0.03 0.18 0.35 0.12 0.40 0.23 0.19 0.14 0.20 0.27 0.13 0.09 0.05 0.11 0.29 0.09 0.25 0.29 0.00 0.21 0.21 0.17 0.18 0.27 0.15 0.18 0.08 0.27 0.14 0.18 0.20 0.13
0.12 0.00 0.12 0.14 0.06 0.22 0.11 0.01 0.10 0.11 0.09 0.14 0.16 0.16 0.20 0.03 0.17 0.20 0.28 0.06 0.09 0.07 0.09 0.03 0.09 0.15 0.14 0.11 0.10 0.14 0.15 0.13 0.11 0.14 0.16 0.16 0.23 0.16 0.18 0.15 0.22 0.12 0.09 0.05 0.10 0.10 0.15 0.07 0.25 0.09 0.22 0.11 0.12 0.21 0.19 0.04 0.02 0.16 0.09 0.10 0.19 0.04 0.06 0.04 0.12 0.23 0.17 0.07 0.18 0.11 0.14 0.17 0.18 0.11 0.11 0.07 0.01 0.06 0.12 0.15 0.21 0.11 0.08 0.12 0.04 0.08 0.21 0.00 0.15 0.10 0.15 0.16 0.11 0.24 0.15 0.16 0.11 0.12 0.26 0.12
0.19 0.15 0.21 0.28 0.11 0.23 0.25 0.15 0.08 0.12 0.24 0.07 0.19 0.30 0.21 0.12 0.15 0.06 0.42 0.08 0.21 0.07 0.24 0.17 0.14 0.01 0.28 0.15 0.25 0.29 0.30 0.11 0.17 0.12 0.24 0.20 0.21 0.14 0.16 0.17 0.20 0.27 0.14 0.19 0.24 0.05 0.30 0.15 0.39 0.06 0.37 0.09 0.02 0.20 0.18 0.11 0.16 0.18 0.18 0.08 0.33 0.10 0.18 0.15 0.26 0.21 0.19 0.15 0.22 0.07 0.16 0.15 0.21 0.26 0.04 0.08 0.13 0.12 0.26 0.12 0.19 0.14 0.21 0.17 0.18 0.12 0.21 0.15 0.00 0.06 0.30 0.31 0.25 0.39 0.13 0.31 0.26 0.26 0.40 0.10
0.14 0.10 0.17 0.24 0.13 0.19 0.21 0.11 0.03 0.07 0.19 0.04 0.14 0.26 0.16 0.08 0.10 0.10 0.38 0.14 0.16 0.03 0.19 0.13 0.09 0.07 0.24 0.18 0.20 0.24 0.25 0.06 0.18 0.07 0.20 0.23 0.16 0.09 0.11 0.23 0.15 0.23 0.17 0.14 0.19 0.03 0.26 0.14 0.35 0.02 0.32 0.03 0.08 0.14 0.14 0.09 0.12 0.24 0.16 0.04 0.29 0.07 0.14 0.11 0.21 0.15 0.24 0.14 0.17 0.02 0.21 0.10 0.26 0.21 0.06 0.04 0.09 0.13 0.22 0.08 0.13 0.09 0.17 0.12 0.14 0.15 0.17 0.10 0.06 0.00 0.26 0.26 0.21 0.34 0.09 0.26 0.21 0.22 0.36 0.04
0.11 0.15 0.10 0.10 0.19 0.19 0.10 0.15 0.23 0.18 0.11 0.29 0.13 0.12 0.18 0.17 0.15 0.36 0.12 0.22 0.09 0.23 0.07 0.13 0.16 0.30 0.09 0.15 0.06 0.10 0.10 0.21 0.13 0.21 0.13 0.18 0.21 0.21 0.17 0.17 0.20 0.15 0.16 0.11 0.07 0.25 0.05 0.15 0.09 0.24 0.07 0.25 0.28 0.19 0.17 0.19 0.14 0.19 0.12 0.22 0.07 0.20 0.12 0.15 0.10 0.21 0.19 0.15 0.16 0.27 0.16 0.21 0.21 0.04 0.27 0.22 0.17 0.17 0.05 0.17 0.18 0.17 0.11 0.14 0.12 0.17 0.18 0.15 0.30 0.26 0.00 0.09 0.05 0.09 0.17 0.08 0.04 0.04 0.11 0.22
0.18 0.16 0.18 0.02 0.19 0.28 0.06 0.15 0.23 0.19 0.07 0.30 0.22 0.03 0.26 0.18 0.23 0.36 0.12 0.22 0.15 0.23 0.07 0.13 0.17 0.31 0.17 0.15 0.12 0.18 0.19 0.22 0.13 0.22 0.22 0.10 0.29 0.22 0.24 0.13 0.28 0.06 0.16 0.12 0.16 0.26 0.14 0.16 0.10 0.25 0.14 0.26 0.28 0.28 0.25 0.20 0.14 0.14 0.12 0.22 0.03 0.20 0.12 0.15 0.18 0.29 0.16 0.15 0.25 0.27 0.14 0.23 0.12 0.05 0.27 0.22 0.17 0.18 0.14 0.21 0.27 0.17 0.10 0.18 0.12 0.18 0.27 0.16 0.31 0.26 0.09 0.00 0.12 0.13 0.21 0.00 0.13 0.09 0.10 0.23
0.06 0.11 0.06 0.13 0.14 0.16 0.14 0.10 0.17 0.14 0.15 0.24 0.10 0.15 0.14 0.12 0.11 0.31 0.17 0.17 0.04 0.18 0.09 0.08 0.11 0.25 0.06 0.17 0.01 0.06 0.07 0.16 0.17 0.17 0.10 0.22 0.17 0.16 0.12 0.21 0.16 0.18 0.15 0.11 0.04 0.20 0.05 0.13 0.14 0.19 0.12 0.20 0.23 0.15 0.13 0.14 0.09 0.22 0.15 0.17 0.11 0.15 0.07 0.10 0.06 0.17 0.23 0.13 0.12 0.22 0.20 0.15 0.25 0.08 0.21 0.17 0.12 0.12 0.02 0.12 0.15 0.12 0.14 0.09 0.10 0.14 0.15 0.11 0.25 0.21 0.05 0.12 0.00 0.14 0.12 0.12 0.01 0.03 0.15 0.17
0.20 0.24 0.17 0.15 0.28 0.15 0.15 0.23 0.31 0.27 0.16 0.38 0.20 0.17 0.18 0.26 0.24 0.44 0.04 0.31 0.18 0.32 0.15 0.21 0.25 0.39 0.11 0.23 0.14 0.10 0.09 0.30 0.21 0.30 0.15 0.23 0.19 0.30 0.25 0.22 0.20 0.19 0.25 0.20 0.15 0.34 0.09 0.24 0.04 0.33 0.02 0.34 0.37 0.26 0.21 0.28 0.23 0.24 0.21 0.31 0.12 0.29 0.21 0.24 0.13 0.25 0.24 0.24 0.17 0.36 0.23 0.29 0.26 0.13 0.35 0.31 0.26 0.26 0.12 0.26 0.23 0.25 0.18 0.22 0.21 0.26 0.18 0.24 0.39 0.34 0.09 0.13 0.14 0.00 0.26 0.13 0.13 0.12 0.03 0.31
0.06 0.15 0.08 0.22 0.21 0.10 0.22 0.15 0.06 0.04 0.24 0.12 0.06 0.24 0.07 0.12 0.03 0.19 0.29 0.21 0.07 0.09 0.18 0.15 0.06 0.14 0.15 0.26 0.11 0.15 0.17 0.04 0.25 0.05 0.11 0.31 0.09 0.04 0.03 0.30 0.07 0.27 0.24 0.20 0.10 0.10 0.17 0.21 0.26 0.09 0.24 0.08 0.15 0.07 0.05 0.16 0.14 0.31 0.24 0.05 0.20 0.14 0.09 0.11 0.12 0.08 0.32 0.21 0.09 0.10 0.29 0.04 0.33 0.17 0.13 0.08 0.14 0.20 0.13 0.01 0.06 0.04 0.23 0.03 0.19 0.23 0.08 0.15 0.13 0.09 0.17 0.21 0.12 0.26 0.00 0.21 0.12 0.13 0.27 0.06
0.18 0.16 0.18 0.03 0.20 0.28 0.06 0.15 0.23 0.19 0.07 0.30 0.21 0.04 0.26 0.18 0.23 0.36 0.12 0.23 0.15 0.24 0.07 0.14 0.17 0.31 0.17 0.15 0.11 0.18 0.18 0.22 0.13 0.22 0.21 0.11 0.29 0.22 0.24 0.13 0.28 0.06 0.17 0.12 0.16 0.26 0.13 0.16 0.09 0.25 0.14 0.26 0.29 0.27 0.25 0.20 0.15 0.15 0.12 0.23 0.03 0.21 0.12 0.15 0.18 0.29 0.16 0.15 0.24 0.28 0.15 0.23 0.13 0.05 0.27 0.23 0.17 0.18 0.14 0.20 0.27 0.17 0.10 0.18 0.13 0.18 0.27 0.16 0.31 0.26 0.08 0.00 0.12 0.13 0.21 0.00 0.13 0.09 0.10 0.23
0.07 0.11 0.05 0.14 0.14 0.15 0.15 0.10 0.18 0.14 0.16 0.25 0.09 0.16 0.13 0.13 0.11 0.31 0.17 0.17 0.05 0.18 0.10 0.08 0.12 0.26 0.04 0.18 0.02 0.05 0.06 0.17 0.17 0.17 0.09 0.23 0.16 0.17 0.12 0.22 0.15 0.19 0.16 0.12 0.03 0.21 0.04 0.14 0.14 0.20 0.11 0.21 0.23 0.15 0.12 0.15 0.09 0.23 0.16 0.17 0.12 0.15 0.07 0.10 0.05 0.16 0.24 0.14 0.12 0.22 0.21 0.16 0.26 0.09 0.22 0.17 0.12 0.13 0.01 0.13 0.14 0.12 0.15 0.09 0.11 0.15 0.14 0.11 0.26 0.21 0.04 0.13 0.01 0.13 0.12 0.13 0.00 0.04 0.15 0.18
0.09 0.12 0.09 0.11 0.15 0.18 0.11 0.11 0.19 0.15 0.12 0.25 0.12 0.12 0.17 0.14 0.14 0.32 0.16 0.18 0.06 0.19 0.06 0.09 0.12 0.27 0.08 0.14 0.02 0.09 0.10 0.17 0.14 0.18 0.12 0.19 0.20 0.17 0.15 0.18 0.19 0.15 0.12 0.09 0.07 0.21 0.04 0.12 0.13 0.20 0.11 0.21 0.24 0.18 0.16 0.15 0.10 0.20 0.12 0.18 0.08 0.16 0.08 0.11 0.09 0.20 0.20 0.11 0.15 0.23 0.17 0.17 0.22 0.05 0.23 0.18 0.13 0.14 0.04 0.14 0.17 0.13 0.11 0.10 0.08 0.14 0.18 0.12 0.26 0.22 0.04 0.09 0.03 0.12 0.13 0.09 0.04 0.00 0.14 0.18
0.22 0.26 0.19 0.12 0.29 0.18 0.15 0.25 0.33 0.29 0.17 0.40 0.22 0.13 0.20 0.28 0.26 0.46 0.02 0.32 0.20 0.33 0.17 0.23 0.27 0.41 0.12 0.25 0.16 0.12 0.11 0.32 0.23 0.32 0.16 0.20 0.21 0.32 0.27 0.23 0.21 0.16 0.26 0.22 0.17 0.36 0.11 0.26 0.02 0.35 0.04 0.36 0.38 0.28 0.22 0.30 0.24 0.24 0.22 0.32 0.09 0.30 0.22 0.25 0.15 0.27 0.26 0.25 0.18 0.37 0.24 0.31 0.23 0.15 0.37 0.32 0.27 0.28 0.14 0.28 0.24 0.27 0.20 0.24 0.23 0.28 0.20 0.26 0.40 0.36 0.11 0.10 0.15 0.03 0.27 0.10 0.15 0.14 0.00 0.33
0.11 0.12 0.14 0.21 0.17 0.15 0.19 0.12 0.02 0.04 0.21 0.07 0.11 0.23 0.13 0.09 0.07 0.13 0.35 0.18 0.13 0.06 0.16 0.12 0.06 0.11 0.20 0.23 0.17 0.21 0.22 0.02 0.22 0.02 0.17 0.28 0.12 0.04 0.06 0.27 0.11 0.24 0.21 0.17 0.16 0.07 0.22 0.18 0.31 0.06 0.29 0.03 0.12 0.10 0.11 0.13 0.11 0.28 0.21 0.02 0.26 0.11 0.11 0.07 0.18 0.11 0.29 0.18 0.14 0.04 0.26 0.05 0.30 0.18 0.10 0.05 0.11 0.17 0.18 0.05 0.09 0.06 0.20 0.09 0.16 0.20 0.13 0.12 0.10 0.04 0.22 0.23 0.17 0.31 0.06 0.23 0.18 0.18 0.33 0.00
Team_tasks_times:
Team 0:
1: 3.00 3.00 0.75
2: 0.75 2.00 3.00 4.00 0.50
3: 3.00 3.00 0.75
4: 3.00 3.00 0.75
5: 3.00 3.00 0.75
6: 1000.00
7: 1000.00
8: 1000.00
9: 1000.00
10: 3.00 3.00 0.75
11: 1000.00
12: 1000.00
13: 1000.00
14: 0.75 2.00 3.00 4.00 0.50
15: 1000.00
16: 0.75 2.00 3.00 4.00 0.50
17: 0.75 2.00 3.00 4.00 0.50
18: 0.75 2.00 3.00 4.00 0.50
19: 1000.00
20: 0.75 2.00 3.00 4.00 0.50
21: 3.00 3.00 0.75
22: 3.00 3.00 0.75
23: 0.75 2.00 3.00 4.00 0.50
24: 1000.00
25: 0.75 2.00 3.00 4.00 0.50
26: 0.75 2.00 3.00 4.00 0.50
27: 0.75 2.00 3.00 4.00 0.50
28: 0.75 2.00 3.00 4.00 0.50
29: 0.75 2.00 3.00 4.00 0.50
30: 1000.00
31: 0.75 2.00 3.00 4.00 0.50
32: 1000.00
33: 3.00 3.00 0.75
34: 0.75 2.00 3.00 4.00 0.50
35: 3.00 3.00 0.75
36: 0.75 2.00 3.00 4.00 0.50
37: 0.75 2.00 3.00 4.00 0.50
38: 0.75 2.00 3.00 4.00 0.50
39: 1000.00
40: 1000.00
41: 3.00 3.00 0.75
42: 0.75 2.00 3.00 4.00 0.50
43: 3.00 3.00 0.75
44: 1000.00
45: 0.75 2.00 3.00 4.00 0.50
46: 3.00 3.00 0.75
47: 3.00 3.00 0.75
48: 1000.00
49: 0.75 2.00 3.00 4.00 0.50
50: 3.00 3.00 0.75
51: 1000.00
52: 0.75 2.00 3.00 4.00 0.50
53: 3.00 3.00 0.75
54: 0.75 2.00 3.00 4.00 0.50
55: 3.00 3.00 0.75
56: 0.75 2.00 3.00 4.00 0.50
57: 3.00 3.00 0.75
58: 0.75 2.00 3.00 4.00 0.50
59: 3.00 3.00 0.75
60: 0.75 2.00 3.00 4.00 0.50
61: 3.00 3.00 0.75
62: 3.00 3.00 0.75
63: 0.75 2.00 3.00 4.00 0.50
64: 1000.00
65: 1000.00
66: 3.00 3.00 0.75
67: 3.00 3.00 0.75
68: 3.00 3.00 0.75
69: 0.75 2.00 3.00 4.00 0.50
70: 3.00 3.00 0.75
71: 1000.00
72: 3.00 3.00 0.75
73: 3.00 3.00 0.75
74: 0.75 2.00 3.00 4.00 0.50
75: 3.00 3.00 0.75
76: 0.75 2.00 3.00 4.00 0.50
77: 0.75 2.00 3.00 4.00 0.50
78: 0.75 2.00 3.00 4.00 0.50
79: 0.75 2.00 3.00 4.00 0.50
80: 3.00 3.00 0.75
81: 0.75 2.00 3.00 4.00 0.50
82: 0.75 2.00 3.00 4.00 0.50
83: 0.75 2.00 3.00 4.00 0.50
84: 3.00 3.00 0.75
85: 0.75 2.00 3.00 4.00 0.50
86: 3.00 3.00 0.75
87: 1000.00
88: 3.00 3.00 0.75
89: 0.75 2.00 3.00 4.00 0.50
90: 0.75 2.00 3.00 4.00 0.50
91: 1000.00
92: 3.00 3.00 0.75
93: 1000.00
94: 1000.00
95: 3.00 3.00 0.75
96: 0.75 2.00 3.00 4.00 0.50
97: 3.00 3.00 0.75
98: 3.00 3.00 0.75
99: 1000.00
Team 1:
1: 4.00 0.25 1.50
2: 2000.00 3.00 0.25 4.00 1.00
3: 4.00 0.25 1.50
4: 4.00 0.25 1.50
5: 4.00 0.25 1.50
6: 0.25
7: 0.25
8: 0.25
9: 0.25
10: 4.00 0.25 1.50
11: 0.25
12: 0.25
13: 0.25
14: 2000.00 3.00 0.25 4.00 1.00
15: 0.25
16: 2000.00 3.00 0.25 4.00 1.00
17: 2000.00 3.00 0.25 4.00 1.00
18: 2000.00 3.00 0.25 4.00 1.00
19: 0.25
20: 2000.00 3.00 0.25 4.00 1.00
21: 4.00 0.25 1.50
22: 4.00 0.25 1.50
23: 2000.00 3.00 0.25 4.00 1.00
24: 0.25
25: 2000.00 3.00 0.25 4.00 1.00
26: 2000.00 3.00 0.25 4.00 1.00
27: 2000.00 3.00 0.25 4.00 1.00
28: 2000.00 3.00 0.25 4.00 1.00
29: 2000.00 3.00 0.25 4.00 1.00
30: 0.25
31: 2000.00 3.00 0.25 4.00 1.00
32: 0.25
33: 4.00 0.25 1.50
34: 2000.00 3.00 0.25 4.00 1.00
35: 4.00 0.25 1.50
36: 2000.00 3.00 0.25 4.00 1.00
37: 2000.00 3.00 0.25 4.00 1.00
38: 2000.00 3.00 0.25 4.00 1.00
39: 0.25
40: 0.25
41: 4.00 0.25 1.50
42: 2000.00 3.00 0.25 4.00 1.00
43: 4.00 0.25 1.50
44: 0.25
45: 2000.00 3.00 0.25 4.00 1.00
46: 4.00 0.25 1.50
47: 4.00 0.25 1.50
48: 0.25
49: 2000.00 3.00 0.25 4.00 1.00
50: 4.00 0.25 1.50
51: 0.25
52: 2000.00 3.00 0.25 4.00 1.00
53: 4.00 0.25 1.50
54: 2000.00 3.00 0.25 4.00 1.00
55: 4.00 0.25 1.50
56: 2000.00 3.00 0.25 4.00 1.00
57: 4.00 0.25 1.50
58: 2000.00 3.00 0.25 4.00 1.00
59: 4.00 0.25 1.50
60: 2000.00 3.00 0.25 4.00 1.00
61: 4.00 0.25 1.50
62: 4.00 0.25 1.50
63: 2000.00 3.00 0.25 4.00 1.00
64: 0.25
65: 0.25
66: 4.00 0.25 1.50
67: 4.00 0.25 1.50
68: 4.00 0.25 1.50
69: 2000.00 3.00 0.25 4.00 1.00
70: 4.00 0.25 1.50
71: 0.25
72: 4.00 0.25 1.50
73: 4.00 0.25 1.50
74: 2000.00 3.00 0.25 4.00 1.00
75: 4.00 0.25 1.50
76: 2000.00 3.00 0.25 4.00 1.00
77: 2000.00 3.00 0.25 4.00 1.00
78: 2000.00 3.00 0.25 4.00 1.00
79: 2000.00 3.00 0.25 4.00 1.00
80: 4.00 0.25 1.50
81: 2000.00 3.00 0.25 4.00 1.00
82: 2000.00 3.00 0.25 4.00 1.00
83: 2000.00 3.00 0.25 4.00 1.00
84: 4.00 0.25 1.50
85: 2000.00 3.00 0.25 4.00 1.00
86: 4.00 0.25 1.50
87: 0.25
88: 4.00 0.25 1.50
89: 2000.00 3.00 0.25 4.00 1.00
90: 2000.00 3.00 0.25 4.00 1.00
91: 0.25
92: 4.00 0.25 1.50
93: 0.25
94: 0.25
95: 4.00 0.25 1.50
96: 2000.00 3.00 0.25 4.00 1.00
97: 4.00 0.25 1.50
98: 4.00 0.25 1.50
99: 0.25
Team 2:
1: 0.75 1.50 3.00
2: 2000.00 3.00 0.75 1.00 0.50
3: 0.75 1.50 3.00
4: 0.75 1.50 3.00
5: 0.75 1.50 3.00
6: 2000.00
7: 2000.00
8: 2000.00
9: 2000.00
10: 0.75 1.50 3.00
11: 2000.00
12: 2000.00
13: 2000.00
14: 2000.00 3.00 0.75 1.00 0.50
15: 2000.00
16: 2000.00 3.00 0.75 1.00 0.50
17: 2000.00 3.00 0.75 1.00 0.50
18: 2000.00 3.00 0.75 1.00 0.50
19: 2000.00
20: 2000.00 3.00 0.75 1.00 0.50
21: 0.75 1.50 3.00
22: 0.75 1.50 3.00
23: 2000.00 3.00 0.75 1.00 0.50
24: 2000.00
25: 2000.00 3.00 0.75 1.00 0.50
26: 2000.00 3.00 0.75 1.00 0.50
27: 2000.00 3.00 0.75 1.00 0.50
28: 2000.00 3.00 0.75 1.00 0.50
29: 2000.00 3.00 0.75 1.00 0.50
30: 2000.00
31: 2000.00 3.00 0.75 1.00 0.50
32: 2000.00
33: 0.75 1.50 3.00
34: 2000.00 3.00 0.75 1.00 0.50
35: 0.75 1.50 3.00
36: 2000.00 3.00 0.75 1.00 0.50
37: 2000.00 3.00 0.75 1.00 0.50
38: 2000.00 3.00 0.75 1.00 0.50
39: 2000.00
40: 2000.00
41: 0.75 1.50 3.00
42: 2000.00 3.00 0.75 1.00 0.50
43: 0.75 1.50 3.00
44: 2000.00
45: 2000.00 3.00 0.75 1.00 0.50
46: 0.75 1.50 3.00
47: 0.75 1.50 3.00
48: 2000.00
49: 2000.00 3.00 0.75 1.00 0.50
50: 0.75 1.50 3.00
51: 2000.00
52: 2000.00 3.00 0.75 1.00 0.50
53: 0.75 1.50 3.00
54: 2000.00 3.00 0.75 1.00 0.50
55: 0.75 1.50 3.00
56: 2000.00 3.00 0.75 1.00 0.50
57: 0.75 1.50 3.00
58: 2000.00 3.00 0.75 1.00 0.50
59: 0.75 1.50 3.00
60: 2000.00 3.00 0.75 1.00 0.50
61: 0.75 1.50 3.00
62: 0.75 1.50 3.00
63: 2000.00 3.00 0.75 1.00 0.50
64: 2000.00
65: 2000.00
66: 0.75 1.50 3.00
67: 0.75 1.50 3.00
68: 0.75 1.50 3.00
69: 2000.00 3.00 0.75 1.00 0.50
70: 0.75 1.50 3.00
71: 2000.00
72: 0.75 1.50 3.00
73: 0.75 1.50 3.00
74: 2000.00 3.00 0.75 1.00 0.50
75: 0.75 1.50 3.00
76: 2000.00 3.00 0.75 1.00 0.50
77: 2000.00 3.00 0.75 1.00 0.50
78: 2000.00 3.00 0.75 1.00 0.50
79: 2000.00 3.00 0.75 1.00 0.50
80: 0.75 1.50 3.00
81: 2000.00 3.00 0.75 1.00 0.50
82: 2000.00 3.00 0.75 1.00 0.50
83: 2000.00 3.00 0.75 1.00 0.50
84: 0.75 1.50 3.00
85: 2000.00 3.00 0.75 1.00 0.50
86: 0.75 1.50 3.00
87: 2000.00
88: 0.75 1.50 3.00
89: 2000.00 3.00 0.75 1.00 0.50
90: 2000.00 3.00 0.75 1.00 0.50
91: 2000.00
92: 0.75 1.50 3.00
93: 2000.00
94: 2000.00
95: 0.75 1.50 3.00
96: 2000.00 3.00 0.75 1.00 0.50
97: 0.75 1.50 3.00
98: 0.75 1.50 3.00
99: 2000.00
