Number_of_customers: 100
Number_of_teams: 3
Number_of_services: 3
Customers_requested_services:
1 1 0 1 0 1 2 0 2 1 2 2 2 2 0 1 1 0 1 0 2 0 1 1 2 1 2 1 1 2 0 2 2 1 1 1 1 0 1 2 2 0 0 1 2 0 1 2 0 0 2 2 1 2 1 2 1 1 0 0 0 0 0 2 1 0 1 1 0 2 0 0 0 2 2 1 2 1 2 1 0 0 0 2 2 0 1 2 1 2 0 0 1 0 2 0 1 1 0
Daily_available_time: 8
Service 0:
Number_of_tasks: 1
Dependencies:
0: 
Service 1:
Number_of_tasks: 3
Dependencies:
0: 1
1: 
2: 0
Service 2:
Number_of_tasks: 5
Dependencies:
0: 2 3 4
1: 2 3 4
2: 
3: 
4: 
Travel_times:
0.00 0.19 0.19 0.14 0.35 0.04 0.09 0.24 0.35 0.12 0.14 0.44 0.23 0.09 0.11 0.13 0.06 0.27 0.09 0.29 0.23 0.14 0.25 0.27 0.21 0.28 0.27 0.04 0.29 0.16 0.21 0.16 0.24 0.23 0.06 0.14 0.29 0.12 0.10 0.20 0.20 0.02 0.17 0.39 0.30 0.15 0.38 0.17 0.16 0.15 0.23 0.21 0.09 0.15 0.16 0.07 0.27 0.11 0.23 0.18 0.03 0.16 0.17 0.33 0.20 0.31 0.21 0.27 0.17 0.22 0.23 0.10 0.42 0.15 0.18 0.15 0.17 0.22 0.23 0.24 0.17 0.17 0.14 0.17 0.33 0.29 0.14 0.37 0.27 0.09 0.22 0.05 0.04 0.25 0.11 0.12 0.28 0.31 0.22 0.28
0.19 0.00 0.10 0.05 0.15 0.21 0.15 0.04 0.16 0.09 0.06 0.25 0.18 0.10 0.15 0.06 0.14 0.08 0.10 0.18 0.17 0.10 0.12 0.15 0.15 0.12 0.10 0.15 0.10 0.03 0.15 0.03 0.05 0.14 0.13 0.05 0.10 0.14 0.11 0.14 0.07 0.18 0.04 0.20 0.11 0.04 0.19 0.11 0.10 0.04 0.04 0.10 0.11 0.10 0.10 0.17 0.18 0.08 0.13 0.23 0.16 0.20 0.11 0.14 0.09 0.12 0.07 0.08 0.12 0.16 0.08 0.10 0.23 0.09 0.21 0.04 0.11 0.12 0.10 0.05 0.07 0.12 0.11 0.04 0.14 0.10 0.05 0.17 0.08 0.10 0.08 0.14 0.21 0.19 0.08 0.07 0.14 0.12 0.11 0.19
0.19 0.10 0.00 0.12 0.16 0.21 0.15 0.07 0.17 0.09 0.12 0.25 0.28 0.19 0.14 0.15 0.20 0.08 0.10 0.28 0.27 0.20 0.22 0.25 0.06 0.10 0.20 0.15 0.10 0.11 0.05 0.08 0.08 0.23 0.12 0.15 0.15 0.14 0.21 0.04 0.17 0.18 0.14 0.20 0.11 0.12 0.20 0.04 0.20 0.06 0.12 0.03 0.11 0.07 0.07 0.16 0.28 0.08 0.23 0.32 0.16 0.30 0.07 0.14 0.19 0.14 0.03 0.08 0.07 0.07 0.18 0.17 0.23 0.19 0.31 0.05 0.21 0.04 0.04 0.12 0.16 0.22 0.11 0.05 0.14 0.10 0.10 0.18 0.08 0.12 0.17 0.15 0.20 0.10 0.13 0.11 0.09 0.12 0.03 0.29
0.14 0.05 0.12 0.00 0.20 0.16 0.10 0.09 0.21 0.09 0.01 0.30 0.16 0.07 0.10 0.04 0.09 0.12 0.06 0.16 0.15 0.08 0.11 0.12 0.18 0.14 0.13 0.10 0.15 0.02 0.17 0.04 0.10 0.11 0.08 0.03 0.15 0.10 0.09 0.16 0.06 0.13 0.02 0.25 0.15 0.01 0.24 0.13 0.08 0.07 0.09 0.12 0.06 0.12 0.12 0.12 0.16 0.04 0.11 0.20 0.11 0.18 0.14 0.19 0.07 0.17 0.09 0.12 0.14 0.18 0.09 0.05 0.28 0.07 0.19 0.07 0.09 0.14 0.12 0.10 0.04 0.10 0.10 0.07 0.18 0.14 0.03 0.22 0.13 0.06 0.07 0.10 0.16 0.21 0.03 0.02 0.17 0.17 0.13 0.17
0.35 0.15 0.16 0.20 0.00 0.36 0.31 0.11 0.15 0.25 0.21 0.10 0.26 0.25 0.30 0.22 0.29 0.08 0.26 0.26 0.25 0.21 0.20 0.22 0.17 0.06 0.18 0.30 0.06 0.19 0.13 0.18 0.11 0.21 0.28 0.21 0.13 0.30 0.25 0.20 0.15 0.34 0.18 0.17 0.05 0.20 0.04 0.20 0.19 0.19 0.12 0.13 0.26 0.23 0.23 0.32 0.26 0.24 0.21 0.30 0.32 0.28 0.23 0.07 0.17 0.12 0.14 0.08 0.23 0.13 0.16 0.25 0.13 0.20 0.29 0.20 0.19 0.12 0.11 0.11 0.17 0.20 0.27 0.18 0.02 0.06 0.21 0.10 0.07 0.26 0.15 0.30 0.36 0.15 0.24 0.22 0.07 0.08 0.13 0.27
0.04 0.21 0.21 0.16 0.36 0.00 0.06 0.25 0.37 0.12 0.15 0.46 0.25 0.11 0.07 0.15 0.09 0.28 0.11 0.31 0.24 0.16 0.27 0.29 0.20 0.30 0.29 0.06 0.31 0.17 0.23 0.18 0.26 0.24 0.08 0.16 0.31 0.07 0.12 0.16 0.21 0.06 0.18 0.41 0.32 0.17 0.40 0.17 0.17 0.17 0.25 0.23 0.10 0.13 0.14 0.04 0.28 0.12 0.25 0.21 0.05 0.19 0.14 0.35 0.22 0.33 0.22 0.28 0.14 0.24 0.25 0.11 0.44 0.17 0.20 0.17 0.19 0.24 0.25 0.26 0.19 0.19 0.10 0.18 0.35 0.30 0.15 0.38 0.29 0.11 0.24 0.07 0.00 0.21 0.13 0.14 0.30 0.33 0.24 0.30
0.09 0.15 0.15 0.10 0.31 0.06 0.00 0.20 0.31 0.06 0.10 0.40 0.22 0.13 0.02 0.09 0.14 0.23 0.05 0.25 0.21 0.14 0.21 0.23 0.14 0.24 0.23 0.09 0.25 0.12 0.17 0.12 0.20 0.18 0.05 0.10 0.25 0.03 0.15 0.11 0.16 0.11 0.12 0.35 0.26 0.11 0.34 0.11 0.14 0.11 0.19 0.17 0.04 0.07 0.08 0.03 0.23 0.07 0.19 0.26 0.08 0.24 0.08 0.29 0.16 0.27 0.17 0.23 0.08 0.18 0.19 0.11 0.38 0.12 0.25 0.11 0.15 0.18 0.19 0.20 0.14 0.15 0.04 0.12 0.29 0.25 0.10 0.33 0.23 0.06 0.18 0.09 0.06 0.16 0.07 0.09 0.24 0.27 0.18 0.24
0.24 0.04 0.07 0.09 0.11 0.25 0.20 0.00 0.12 0.14 0.10 0.21 0.21 0.14 0.19 0.11 0.18 0.05 0.15 0.21 0.20 0.13 0.15 0.18 0.12 0.09 0.13 0.19 0.06 0.08 0.12 0.07 0.01 0.17 0.17 0.10 0.09 0.19 0.14 0.11 0.10 0.23 0.07 0.15 0.06 0.09 0.15 0.09 0.13 0.08 0.05 0.07 0.15 0.12 0.12 0.21 0.21 0.13 0.16 0.26 0.21 0.23 0.12 0.10 0.12 0.07 0.04 0.05 0.12 0.13 0.11 0.14 0.18 0.12 0.24 0.09 0.14 0.09 0.07 0.05 0.10 0.15 0.15 0.07 0.09 0.05 0.10 0.13 0.04 0.15 0.11 0.19 0.25 0.16 0.12 0.11 0.11 0.07 0.08 0.22
0.35 0.16 0.17 0.21 0.15 0.37 0.31 0.12 0.00 0.25 0.21 0.09 0.12 0.26 0.31 0.22 0.30 0.15 0.26 0.11 0.12 0.21 0.10 0.08 0.23 0.19 0.08 0.31 0.11 0.19 0.22 0.19 0.11 0.12 0.29 0.21 0.06 0.30 0.25 0.21 0.15 0.34 0.18 0.04 0.16 0.20 0.11 0.20 0.19 0.20 0.12 0.18 0.27 0.24 0.23 0.33 0.11 0.24 0.12 0.17 0.32 0.19 0.23 0.08 0.15 0.04 0.15 0.15 0.23 0.24 0.12 0.26 0.07 0.20 0.17 0.20 0.18 0.19 0.18 0.11 0.17 0.18 0.27 0.18 0.16 0.10 0.21 0.05 0.10 0.26 0.13 0.30 0.37 0.27 0.24 0.23 0.22 0.07 0.18 0.12
0.12 0.09 0.09 0.09 0.25 0.12 0.06 0.14 0.25 0.00 0.09 0.34 0.25 0.16 0.05 0.12 0.17 0.17 0.06 0.25 0.24 0.17 0.19 0.21 0.09 0.18 0.17 0.12 0.19 0.07 0.12 0.06 0.14 0.20 0.09 0.12 0.19 0.05 0.18 0.07 0.14 0.14 0.11 0.29 0.20 0.09 0.29 0.05 0.17 0.06 0.13 0.12 0.04 0.03 0.04 0.07 0.25 0.04 0.20 0.29 0.11 0.27 0.04 0.23 0.16 0.21 0.11 0.17 0.05 0.12 0.15 0.14 0.32 0.16 0.28 0.05 0.18 0.12 0.14 0.14 0.13 0.19 0.02 0.07 0.23 0.19 0.07 0.27 0.17 0.10 0.15 0.12 0.11 0.12 0.10 0.08 0.18 0.21 0.12 0.26
0.14 0.06 0.12 0.01 0.21 0.15 0.10 0.10 0.21 0.09 0.00 0.31 0.16 0.07 0.09 0.03 0.08 0.13 0.05 0.16 0.15 0.07 0.12 0.13 0.18 0.15 0.14 0.09 0.15 0.02 0.17 0.04 0.10 0.11 0.07 0.03 0.15 0.09 0.09 0.17 0.06 0.12 0.03 0.26 0.16 0.01 0.25 0.14 0.08 0.07 0.09 0.13 0.06 0.12 0.13 0.11 0.16 0.05 0.11 0.20 0.11 0.18 0.14 0.20 0.07 0.17 0.10 0.13 0.14 0.19 0.10 0.04 0.29 0.07 0.18 0.07 0.09 0.14 0.13 0.10 0.04 0.10 0.11 0.07 0.19 0.15 0.03 0.23 0.14 0.05 0.08 0.09 0.15 0.22 0.03 0.01 0.17 0.17 0.13 0.17
0.44 0.25 0.25 0.30 0.10 0.46 0.40 0.21 0.09 0.34 0.31 0.00 0.21 0.35 0.40 0.31 0.39 0.17 0.35 0.17 0.21 0.30 0.19 0.17 0.26 0.16 0.17 0.40 0.15 0.28 0.23 0.28 0.20 0.21 0.38 0.30 0.15 0.39 0.34 0.30 0.24 0.43 0.28 0.08 0.14 0.29 0.06 0.29 0.28 0.29 0.21 0.23 0.36 0.33 0.32 0.42 0.17 0.33 0.21 0.26 0.41 0.28 0.32 0.11 0.24 0.13 0.24 0.17 0.32 0.22 0.21 0.35 0.04 0.29 0.26 0.29 0.27 0.22 0.21 0.20 0.27 0.27 0.36 0.28 0.11 0.15 0.30 0.07 0.17 0.35 0.22 0.39 0.45 0.25 0.33 0.32 0.16 0.13 0.22 0.18
0.23 0.18 0.28 0.16 0.26 0.25 0.22 0.21 0.12 0.25 0.16 0.21 0.00 0.14 0.24 0.12 0.17 0.26 0.20 0.06 0.01 0.09 0.06 0.04 0.34 0.30 0.08 0.18 0.21 0.17 0.33 0.20 0.20 0.05 0.17 0.13 0.13 0.25 0.13 0.32 0.11 0.22 0.14 0.16 0.27 0.17 0.22 0.29 0.08 0.23 0.16 0.29 0.21 0.28 0.29 0.20 0.04 0.21 0.05 0.04 0.20 0.07 0.30 0.19 0.09 0.14 0.25 0.26 0.30 0.35 0.10 0.13 0.19 0.09 0.04 0.23 0.07 0.30 0.29 0.16 0.12 0.06 0.26 0.23 0.27 0.21 0.18 0.16 0.20 0.15 0.11 0.18 0.24 0.38 0.15 0.17 0.33 0.18 0.29 0.05
0.09 0.10 0.19 0.07 0.25 0.11 0.13 0.14 0.26 0.16 0.07 0.35 0.14 0.00 0.15 0.04 0.04 0.17 0.11 0.20 0.13 0.05 0.16 0.17 0.25 0.21 0.18 0.05 0.20 0.09 0.24 0.11 0.15 0.13 0.07 0.05 0.20 0.15 0.02 0.23 0.11 0.08 0.07 0.30 0.21 0.07 0.29 0.20 0.07 0.14 0.14 0.20 0.12 0.19 0.20 0.10 0.17 0.12 0.14 0.13 0.06 0.11 0.21 0.24 0.11 0.21 0.16 0.17 0.21 0.26 0.14 0.02 0.33 0.06 0.12 0.14 0.08 0.21 0.20 0.15 0.08 0.08 0.17 0.14 0.24 0.19 0.10 0.27 0.18 0.07 0.12 0.04 0.11 0.29 0.06 0.08 0.24 0.22 0.20 0.18
0.11 0.15 0.14 0.10 0.30 0.07 0.02 0.19 0.31 0.05 0.09 0.40 0.24 0.15 0.00 0.11 0.16 0.22 0.04 0.25 0.23 0.15 0.21 0.22 0.14 0.24 0.23 0.11 0.25 0.11 0.17 0.12 0.19 0.19 0.07 0.11 0.25 0.01 0.17 0.10 0.15 0.13 0.12 0.35 0.25 0.10 0.34 0.11 0.16 0.11 0.18 0.17 0.04 0.07 0.07 0.04 0.24 0.06 0.18 0.28 0.10 0.26 0.07 0.29 0.15 0.26 0.16 0.22 0.07 0.17 0.19 0.12 0.38 0.15 0.27 0.11 0.17 0.18 0.19 0.19 0.13 0.17 0.04 0.12 0.28 0.24 0.09 0.32 0.23 0.08 0.17 0.11 0.07 0.15 0.09 0.08 0.23 0.27 0.17 0.25
0.13 0.06 0.15 0.04 0.22 0.15 0.09 0.11 0.22 0.12 0.03 0.31 0.12 0.04 0.11 0.00 0.07 0.14 0.07 0.16 0.11 0.04 0.12 0.14 0.21 0.17 0.15 0.08 0.16 0.05 0.21 0.08 0.11 0.10 0.07 0.01 0.16 0.12 0.05 0.20 0.07 0.12 0.04 0.26 0.17 0.04 0.26 0.17 0.04 0.10 0.10 0.16 0.09 0.15 0.16 0.10 0.14 0.08 0.10 0.17 0.10 0.15 0.17 0.20 0.07 0.18 0.13 0.14 0.17 0.22 0.11 0.03 0.29 0.03 0.15 0.10 0.06 0.17 0.16 0.11 0.05 0.06 0.14 0.10 0.20 0.16 0.06 0.24 0.14 0.04 0.09 0.08 0.14 0.25 0.03 0.04 0.20 0.18 0.17 0.15
0.06 0.14 0.20 0.09 0.29 0.09 0.14 0.18 0.30 0.17 0.08 0.39 0.17 0.04 0.16 0.07 0.00 0.21 0.12 0.24 0.17 0.09 0.20 0.21 0.26 0.23 0.22 0.05 0.24 0.10 0.25 0.12 0.18 0.17 0.09 0.09 0.24 0.17 0.04 0.25 0.14 0.04 0.11 0.34 0.24 0.09 0.33 0.21 0.10 0.15 0.17 0.21 0.14 0.20 0.21 0.12 0.21 0.13 0.17 0.13 0.06 0.11 0.22 0.28 0.15 0.25 0.17 0.21 0.22 0.27 0.18 0.04 0.37 0.10 0.13 0.15 0.12 0.22 0.21 0.18 0.12 0.12 0.18 0.15 0.27 0.23 0.11 0.31 0.21 0.08 0.16 0.05 0.09 0.30 0.07 0.09 0.25 0.26 0.21 0.22
0.27 0.08 0.08 0.12 0.08 0.28 0.23 0.05 0.15 0.17 0.13 0.17 0.26 0.17 0.22 0.14 0.21 0.00 0.18 0.27 0.25 0.18 0.20 0.23 0.09 0.04 0.18 0.22 0.05 0.11 0.07 0.11 0.06 0.21 0.20 0.13 0.14 0.22 0.19 0.12 0.15 0.26 0.12 0.17 0.03 0.12 0.12 0.12 0.18 0.11 0.10 0.05 0.18 0.15 0.15 0.24 0.27 0.16 0.21 0.31 0.24 0.28 0.15 0.07 0.17 0.12 0.06 0.00 0.15 0.08 0.16 0.17 0.15 0.17 0.29 0.12 0.19 0.04 0.03 0.10 0.15 0.20 0.18 0.10 0.06 0.06 0.13 0.11 0.06 0.18 0.16 0.22 0.28 0.11 0.15 0.14 0.06 0.09 0.05 0.27
0.09 0.10 0.10 0.06 0.26 0.11 0.05 0.15 0.26 0.06 0.05 0.35 0.20 0.11 0.04 0.07 0.12 0.18 0.00 0.20 0.18 0.11 0.17 0.18 0.14 0.20 0.18 0.07 0.20 0.07 0.14 0.07 0.15 0.15 0.03 0.06 0.20 0.05 0.12 0.13 0.11 0.09 0.08 0.30 0.21 0.06 0.30 0.10 0.12 0.07 0.14 0.12 0.02 0.09 0.09 0.06 0.20 0.02 0.14 0.24 0.06 0.21 0.10 0.24 0.11 0.22 0.12 0.18 0.11 0.15 0.15 0.08 0.33 0.10 0.22 0.06 0.12 0.14 0.15 0.15 0.09 0.13 0.07 0.08 0.24 0.20 0.05 0.28 0.18 0.04 0.13 0.07 0.10 0.18 0.04 0.04 0.19 0.22 0.13 0.21
0.29 0.18 0.28 0.16 0.26 0.31 0.25 0.21 0.11 0.25 0.16 0.17 0.06 0.20 0.25 0.16 0.24 0.27 0.20 0.00 0.07 0.15 0.06 0.04 0.34 0.30 0.08 0.25 0.21 0.18 0.33 0.21 0.20 0.07 0.23 0.15 0.13 0.25 0.19 0.33 0.11 0.28 0.14 0.10 0.27 0.17 0.22 0.30 0.13 0.23 0.16 0.29 0.22 0.28 0.29 0.27 0.03 0.21 0.06 0.11 0.26 0.13 0.30 0.19 0.10 0.14 0.26 0.27 0.30 0.35 0.10 0.20 0.13 0.14 0.11 0.23 0.12 0.30 0.29 0.16 0.12 0.12 0.27 0.23 0.27 0.21 0.19 0.16 0.21 0.20 0.11 0.24 0.31 0.38 0.18 0.17 0.33 0.18 0.29 0.01
0.23 0.17 0.27 0.15 0.25 0.24 0.21 0.20 0.12 0.24 0.15 0.21 0.01 0.13 0.23 0.11 0.17 0.25 0.18 0.07 0.00 0.09 0.05 0.04 0.33 0.29 0.07 0.18 0.20 0.16 0.32 0.19 0.19 0.04 0.16 0.12 0.12 0.23 0.12 0.31 0.10 0.21 0.12 0.17 0.26 0.15 0.21 0.28 0.07 0.21 0.15 0.27 0.20 0.27 0.27 0.20 0.04 0.19 0.04 0.06 0.20 0.06 0.28 0.17 0.08 0.13 0.24 0.25 0.29 0.33 0.09 0.13 0.20 0.08 0.04 0.21 0.06 0.29 0.27 0.15 0.11 0.06 0.25 0.21 0.25 0.20 0.17 0.15 0.19 0.14 0.09 0.18 0.24 0.36 0.14 0.15 0.31 0.17 0.28 0.05
0.14 0.10 0.20 0.08 0.21 0.16 0.14 0.13 0.21 0.17 0.07 0.30 0.09 0.05 0.15 0.04 0.09 0.18 0.11 0.15 0.09 0.00 0.11 0.13 0.26 0.22 0.13 0.10 0.15 0.09 0.25 0.12 0.12 0.09 0.08 0.05 0.15 0.16 0.04 0.24 0.06 0.13 0.06 0.25 0.19 0.08 0.24 0.21 0.02 0.14 0.09 0.20 0.13 0.20 0.20 0.12 0.12 0.12 0.09 0.12 0.11 0.10 0.21 0.19 0.06 0.17 0.17 0.18 0.22 0.26 0.09 0.04 0.28 0.01 0.11 0.15 0.03 0.22 0.20 0.10 0.04 0.03 0.18 0.15 0.19 0.15 0.10 0.23 0.13 0.07 0.08 0.09 0.15 0.29 0.07 0.09 0.24 0.17 0.21 0.14
0.25 0.12 0.22 0.11 0.20 0.27 0.21 0.15 0.10 0.19 0.12 0.19 0.06 0.16 0.21 0.12 0.20 0.20 0.17 0.06 0.05 0.11 0.00 0.03 0.28 0.24 0.02 0.21 0.15 0.12 0.27 0.14 0.14 0.03 0.19 0.11 0.07 0.21 0.15 0.26 0.06 0.24 0.09 0.14 0.21 0.11 0.16 0.23 0.10 0.17 0.10 0.23 0.17 0.22 0.23 0.23 0.06 0.15 0.02 0.10 0.22 0.09 0.24 0.13 0.05 0.08 0.19 0.20 0.24 0.29 0.04 0.16 0.17 0.10 0.09 0.17 0.08 0.24 0.23 0.10 0.08 0.08 0.20 0.17 0.21 0.15 0.12 0.11 0.14 0.17 0.04 0.21 0.27 0.32 0.14 0.13 0.27 0.12 0.23 0.07
0.27 0.15 0.25 0.12 0.22 0.29 0.23 0.18 0.08 0.21 0.13 0.17 0.04 0.17 0.22 0.14 0.21 0.23 0.18 0.04 0.04 0.13 0.03 0.00 0.30 0.27 0.04 0.22 0.18 0.14 0.30 0.17 0.17 0.04 0.21 0.13 0.09 0.22 0.17 0.29 0.07 0.26 0.10 0.12 0.24 0.13 0.18 0.26 0.11 0.19 0.12 0.25 0.18 0.25 0.25 0.24 0.04 0.17 0.04 0.08 0.24 0.11 0.26 0.15 0.07 0.11 0.22 0.23 0.27 0.31 0.07 0.17 0.15 0.12 0.08 0.19 0.10 0.27 0.25 0.12 0.09 0.10 0.23 0.19 0.23 0.17 0.15 0.12 0.17 0.18 0.07 0.22 0.28 0.34 0.16 0.14 0.29 0.14 0.26 0.04
0.21 0.15 0.06 0.18 0.17 0.20 0.14 0.12 0.23 0.09 0.18 0.26 0.34 0.25 0.14 0.21 0.26 0.09 0.14 0.34 0.33 0.26 0.28 0.30 0.00 0.10 0.26 0.21 0.12 0.16 0.03 0.14 0.14 0.29 0.17 0.21 0.21 0.13 0.27 0.04 0.23 0.23 0.20 0.25 0.12 0.17 0.20 0.04 0.26 0.11 0.18 0.05 0.12 0.07 0.06 0.15 0.34 0.13 0.29 0.38 0.20 0.36 0.06 0.15 0.25 0.20 0.09 0.09 0.06 0.04 0.24 0.23 0.24 0.25 0.37 0.11 0.27 0.04 0.05 0.18 0.22 0.28 0.10 0.11 0.15 0.13 0.15 0.18 0.14 0.18 0.23 0.21 0.20 0.04 0.18 0.17 0.10 0.16 0.05 0.35
0.28 0.12 0.10 0.14 0.06 0.30 0.24 0.09 0.19 0.18 0.15 0.16 0.30 0.21 0.24 0.17 0.23 0.04 0.20 0.30 0.29 0.22 0.24 0.27 0.10 0.00 0.22 0.24 0.09 0.12 0.07 0.12 0.10 0.25 0.22 0.17 0.17 0.24 0.23 0.14 0.19 0.27 0.16 0.21 0.03 0.14 0.10 0.13 0.22 0.13 0.14 0.07 0.20 0.17 0.17 0.26 0.30 0.17 0.25 0.34 0.25 0.32 0.17 0.11 0.21 0.16 0.08 0.04 0.17 0.07 0.20 0.19 0.17 0.21 0.33 0.13 0.23 0.06 0.05 0.14 0.18 0.24 0.20 0.12 0.04 0.09 0.15 0.14 0.10 0.20 0.20 0.24 0.30 0.09 0.17 0.16 0.03 0.12 0.07 0.31
0.27 0.10 0.20 0.13 0.18 0.29 0.23 0.13 0.08 0.17 0.14 0.17 0.08 0.18 0.23 0.15 0.22 0.18 0.18 0.08 0.07 0.13 0.02 0.04 0.26 0.22 0.00 0.23 0.13 0.12 0.25 0.12 0.12 0.05 0.21 0.13 0.05 0.23 0.17 0.24 0.07 0.26 0.11 0.12 0.19 0.12 0.14 0.21 0.12 0.15 0.08 0.21 0.19 0.20 0.21 0.25 0.08 0.17 0.04 0.12 0.24 0.11 0.21 0.11 0.07 0.06 0.17 0.18 0.22 0.27 0.04 0.18 0.15 0.12 0.11 0.15 0.10 0.22 0.21 0.08 0.10 0.10 0.19 0.15 0.18 0.13 0.14 0.09 0.12 0.18 0.06 0.23 0.29 0.30 0.16 0.15 0.25 0.10 0.21 0.09
0.04 0.15 0.15 0.10 0.30 0.06 0.09 0.19 0.31 0.12 0.09 0.40 0.18 0.05 0.11 0.08 0.05 0.22 0.07 0.25 0.18 0.10 0.21 0.22 0.21 0.24 0.23 0.00 0.25 0.11 0.20 0.12 0.19 0.18 0.04 0.10 0.25 0.12 0.06 0.20 0.15 0.04 0.12 0.35 0.25 0.10 0.34 0.17 0.11 0.11 0.18 0.17 0.09 0.15 0.16 0.07 0.22 0.08 0.18 0.17 0.02 0.15 0.17 0.29 0.15 0.26 0.16 0.22 0.17 0.22 0.19 0.05 0.38 0.11 0.15 0.11 0.13 0.18 0.19 0.19 0.13 0.12 0.14 0.12 0.28 0.24 0.09 0.32 0.23 0.04 0.17 0.00 0.06 0.25 0.07 0.08 0.23 0.27 0.17 0.23
0.29 0.10 0.10 0.15 0.06 0.31 0.25 0.06 0.11 0.19 0.15 0.15 0.21 0.20 0.25 0.16 0.24 0.05 0.20 0.21 0.20 0.15 0.15 0.18 0.12 0.09 0.13 0.25 0.00 0.13 0.12 0.13 0.05 0.17 0.23 0.15 0.09 0.24 0.19 0.15 0.10 0.28 0.12 0.12 0.06 0.14 0.09 0.14 0.13 0.14 0.06 0.08 0.21 0.18 0.17 0.27 0.21 0.18 0.16 0.26 0.26 0.23 0.17 0.04 0.12 0.07 0.09 0.05 0.17 0.13 0.11 0.20 0.13 0.14 0.24 0.14 0.14 0.09 0.07 0.05 0.12 0.15 0.21 0.12 0.05 0.01 0.15 0.07 0.02 0.20 0.11 0.24 0.31 0.16 0.18 0.17 0.11 0.04 0.08 0.22
0.16 0.03 0.11 0.02 0.19 0.17 0.12 0.08 0.19 0.07 0.02 0.28 0.17 0.09 0.11 0.05 0.10 0.11 0.07 0.18 0.16 0.09 0.12 0.14 0.16 0.12 0.12 0.11 0.13 0.00 0.15 0.03 0.08 0.13 0.10 0.04 0.13 0.11 0.10 0.15 0.07 0.15 0.04 0.23 0.14 0.01 0.23 0.12 0.10 0.05 0.07 0.11 0.07 0.11 0.11 0.13 0.18 0.05 0.12 0.22 0.13 0.20 0.12 0.17 0.08 0.15 0.08 0.11 0.12 0.17 0.07 0.06 0.26 0.08 0.20 0.05 0.11 0.12 0.11 0.08 0.06 0.11 0.09 0.05 0.17 0.13 0.02 0.21 0.11 0.07 0.07 0.11 0.17 0.20 0.05 0.03 0.15 0.15 0.12 0.18
0.21 0.15 0.05 0.17 0.13 0.23 0.17 0.12 0.22 0.12 0.17 0.23 0.33 0.24 0.17 0.21 0.25 0.07 0.14 0.33 0.32 0.25 0.27 0.30 0.03 0.07 0.25 0.20 0.12 0.15 0.00 0.13 0.13 0.28 0.17 0.20 0.20 0.17 0.26 0.07 0.22 0.22 0.19 0.24 0.09 0.17 0.17 0.06 0.25 0.11 0.17 0.04 0.13 0.10 0.10 0.19 0.33 0.12 0.28 0.37 0.19 0.35 0.10 0.14 0.24 0.19 0.08 0.07 0.10 0.02 0.23 0.22 0.21 0.24 0.36 0.10 0.26 0.03 0.04 0.17 0.21 0.27 0.13 0.10 0.12 0.12 0.15 0.17 0.13 0.17 0.23 0.20 0.23 0.04 0.18 0.16 0.07 0.15 0.04 0.34
0.16 0.03 0.08 0.04 0.18 0.18 0.12 0.07 0.19 0.06 0.04 0.28 0.20 0.11 0.12 0.08 0.12 0.11 0.07 0.21 0.19 0.12 0.14 0.17 0.14 0.12 0.12 0.12 0.13 0.03 0.13 0.00 0.08 0.15 0.10 0.07 0.13 0.11 0.13 0.12 0.09 0.15 0.07 0.23 0.14 0.04 0.22 0.09 0.12 0.02 0.07 0.08 0.08 0.08 0.08 0.14 0.21 0.05 0.15 0.25 0.13 0.22 0.09 0.17 0.11 0.15 0.05 0.11 0.10 0.14 0.10 0.09 0.26 0.11 0.23 0.03 0.13 0.10 0.08 0.08 0.09 0.14 0.08 0.03 0.17 0.12 0.02 0.21 0.11 0.07 0.10 0.11 0.17 0.17 0.05 0.04 0.12 0.15 0.09 0.21
0.24 0.05 0.08 0.10 0.11 0.26 0.20 0.01 0.11 0.14 0.10 0.20 0.20 0.15 0.19 0.11 0.18 0.06 0.15 0.20 0.19 0.12 0.14 0.17 0.14 0.10 0.12 0.19 0.05 0.08 0.13 0.08 0.00 0.15 0.17 0.10 0.07 0.19 0.14 0.12 0.09 0.23 0.07 0.15 0.07 0.09 0.15 0.09 0.12 0.09 0.04 0.09 0.15 0.12 0.12 0.21 0.20 0.13 0.15 0.24 0.21 0.22 0.12 0.09 0.11 0.07 0.05 0.06 0.12 0.15 0.10 0.14 0.18 0.11 0.23 0.09 0.13 0.10 0.09 0.04 0.08 0.14 0.16 0.07 0.09 0.05 0.10 0.13 0.03 0.15 0.10 0.19 0.25 0.17 0.13 0.11 0.12 0.07 0.09 0.21
0.23 0.14 0.23 0.11 0.21 0.24 0.18 0.17 0.12 0.20 0.11 0.21 0.05 0.13 0.19 0.10 0.17 0.21 0.15 0.07 0.04 0.09 0.03 0.04 0.29 0.25 0.05 0.18 0.17 0.13 0.28 0.15 0.15 0.00 0.16 0.09 0.08 0.20 0.12 0.28 0.06 0.21 0.09 0.17 0.22 0.12 0.17 0.25 0.07 0.18 0.11 0.24 0.17 0.23 0.24 0.20 0.05 0.16 0.01 0.09 0.20 0.07 0.25 0.14 0.04 0.09 0.21 0.21 0.25 0.30 0.05 0.13 0.20 0.07 0.07 0.18 0.05 0.25 0.24 0.11 0.07 0.06 0.21 0.18 0.22 0.16 0.14 0.14 0.15 0.14 0.06 0.18 0.24 0.33 0.12 0.12 0.28 0.13 0.24 0.06
0.06 0.13 0.12 0.08 0.28 0.08 0.05 0.17 0.29 0.09 0.07 0.38 0.17 0.07 0.07 0.07 0.09 0.20 0.03 0.23 0.16 0.08 0.19 0.21 0.17 0.22 0.21 0.04 0.23 0.10 0.17 0.10 0.17 0.16 0.00 0.08 0.23 0.08 0.09 0.16 0.14 0.06 0.10 0.33 0.24 0.09 0.32 0.13 0.10 0.09 0.17 0.15 0.05 0.12 0.12 0.04 0.20 0.04 0.17 0.21 0.03 0.18 0.13 0.27 0.14 0.25 0.14 0.20 0.14 0.18 0.17 0.05 0.36 0.09 0.19 0.09 0.11 0.16 0.17 0.17 0.11 0.11 0.10 0.10 0.27 0.22 0.07 0.30 0.21 0.03 0.15 0.04 0.08 0.21 0.05 0.06 0.21 0.25 0.15 0.21
0.14 0.05 0.15 0.03 0.21 0.16 0.10 0.10 0.21 0.12 0.03 0.30 0.13 0.05 0.11 0.01 0.09 0.13 0.06 0.15 0.12 0.05 0.11 0.13 0.21 0.17 0.13 0.10 0.15 0.04 0.20 0.07 0.10 0.09 0.08 0.00 0.15 0.11 0.06 0.19 0.06 0.13 0.03 0.25 0.16 0.03 0.24 0.16 0.05 0.09 0.09 0.15 0.08 0.15 0.15 0.12 0.14 0.07 0.09 0.17 0.11 0.15 0.16 0.19 0.06 0.17 0.12 0.13 0.17 0.21 0.09 0.04 0.28 0.04 0.16 0.10 0.06 0.17 0.15 0.10 0.04 0.07 0.13 0.10 0.19 0.15 0.05 0.23 0.13 0.05 0.08 0.09 0.15 0.24 0.03 0.04 0.19 0.17 0.16 0.14
0.29 0.10 0.15 0.15 0.13 0.31 0.25 0.09 0.06 0.19 0.15 0.15 0.13 0.20 0.25 0.16 0.24 0.14 0.20 0.13 0.12 0.15 0.07 0.09 0.21 0.17 0.05 0.25 0.09 0.13 0.20 0.13 0.07 0.08 0.23 0.15 0.00 0.24 0.19 0.20 0.09 0.28 0.12 0.10 0.14 0.14 0.09 0.17 0.13 0.14 0.06 0.16 0.21 0.18 0.17 0.27 0.13 0.18 0.07 0.17 0.26 0.15 0.17 0.06 0.09 0.02 0.12 0.14 0.17 0.22 0.06 0.20 0.13 0.14 0.15 0.14 0.12 0.17 0.16 0.05 0.12 0.12 0.21 0.12 0.14 0.08 0.15 0.07 0.07 0.20 0.07 0.24 0.31 0.25 0.18 0.17 0.20 0.05 0.16 0.14
0.12 0.14 0.14 0.10 0.30 0.07 0.03 0.19 0.30 0.05 0.09 0.39 0.25 0.15 0.01 0.12 0.17 0.22 0.05 0.25 0.23 0.16 0.21 0.22 0.13 0.24 0.23 0.12 0.24 0.11 0.17 0.11 0.19 0.20 0.08 0.11 0.24 0.00 0.17 0.10 0.15 0.14 0.12 0.34 0.25 0.10 0.34 0.10 0.17 0.11 0.18 0.17 0.04 0.07 0.07 0.05 0.25 0.06 0.19 0.29 0.11 0.27 0.07 0.28 0.15 0.26 0.16 0.22 0.07 0.17 0.18 0.13 0.37 0.15 0.27 0.10 0.17 0.17 0.18 0.19 0.13 0.18 0.03 0.12 0.28 0.24 0.09 0.32 0.22 0.09 0.17 0.12 0.08 0.15 0.09 0.08 0.23 0.26 0.17 0.26
0.10 0.11 0.21 0.09 0.25 0.12 0.15 0.14 0.25 0.18 0.09 0.34 0.13 0.02 0.17 0.05 0.04 0.19 0.12 0.19 0.12 0.04 0.15 0.17 0.27 0.23 0.17 0.06 0.19 0.10 0.26 0.13 0.14 0.12 0.09 0.06 0.19 0.17 0.00 0.25 0.10 0.09 0.07 0.29 0.20 0.09 0.28 0.22 0.06 0.15 0.13 0.21 0.14 0.21 0.21 0.12 0.17 0.13 0.13 0.12 0.07 0.09 0.22 0.23 0.10 0.21 0.18 0.19 0.23 0.27 0.13 0.04 0.32 0.05 0.10 0.15 0.07 0.23 0.21 0.14 0.07 0.07 0.19 0.15 0.23 0.18 0.11 0.27 0.17 0.08 0.12 0.06 0.12 0.30 0.08 0.10 0.25 0.21 0.22 0.18
0.20 0.14 0.04 0.16 0.20 0.16 0.11 0.11 0.21 0.07 0.17 0.30 0.32 0.23 0.10 0.20 0.25 0.12 0.13 0.33 0.31 0.24 0.26 0.29 0.04 0.14 0.24 0.20 0.15 0.15 0.07 0.12 0.12 0.28 0.16 0.19 0.20 0.10 0.25 0.00 0.21 0.21 0.18 0.25 0.15 0.16 0.24 0.03 0.24 0.10 0.16 0.07 0.11 0.04 0.04 0.13 0.33 0.12 0.27 0.37 0.18 0.34 0.03 0.18 0.23 0.18 0.07 0.12 0.03 0.07 0.22 0.21 0.28 0.23 0.35 0.10 0.25 0.08 0.09 0.16 0.21 0.26 0.07 0.10 0.18 0.14 0.14 0.22 0.12 0.17 0.22 0.19 0.16 0.05 0.17 0.15 0.13 0.17 0.07 0.33
0.20 0.07 0.17 0.06 0.15 0.21 0.16 0.10 0.15 0.14 0.06 0.24 0.11 0.11 0.15 0.07 0.14 0.15 0.11 0.11 0.10 0.06 0.06 0.07 0.23 0.19 0.07 0.15 0.10 0.07 0.22 0.09 0.09 0.06 0.14 0.06 0.09 0.15 0.10 0.21 0.00 0.19 0.03 0.19 0.16 0.06 0.18 0.18 0.04 0.12 0.05 0.17 0.12 0.17 0.17 0.17 0.11 0.10 0.06 0.15 0.17 0.13 0.18 0.13 0.02 0.11 0.14 0.15 0.19 0.24 0.04 0.10 0.22 0.05 0.14 0.12 0.04 0.19 0.17 0.05 0.02 0.05 0.15 0.12 0.15 0.10 0.07 0.17 0.09 0.11 0.02 0.15 0.21 0.27 0.09 0.07 0.21 0.11 0.18 0.12
0.02 0.18 0.18 0.13 0.34 0.06 0.11 0.23 0.34 0.14 0.12 0.43 0.22 0.08 0.13 0.12 0.04 0.26 0.09 0.28 0.21 0.13 0.24 0.26 0.23 0.27 0.26 0.04 0.28 0.15 0.22 0.15 0.23 0.21 0.06 0.13 0.28 0.14 0.09 0.21 0.19 0.00 0.15 0.38 0.29 0.14 0.37 0.18 0.15 0.14 0.22 0.20 0.11 0.17 0.18 0.09 0.26 0.10 0.22 0.17 0.03 0.15 0.19 0.32 0.19 0.30 0.20 0.26 0.19 0.24 0.22 0.09 0.41 0.14 0.17 0.14 0.16 0.21 0.22 0.23 0.17 0.16 0.15 0.15 0.32 0.28 0.13 0.36 0.26 0.08 0.21 0.04 0.06 0.27 0.10 0.12 0.27 0.30 0.21 0.27
0.17 0.04 0.14 0.02 0.18 0.18 0.12 0.07 0.18 0.11 0.03 0.28 0.14 0.07 0.12 0.04 0.11 0.12 0.08 0.14 0.12 0.06 0.09 0.10 0.20 0.16 0.11 0.12 0.12 0.04 0.19 0.07 0.07 0.09 0.10 0.03 0.12 0.12 0.07 0.18 0.03 0.15 0.00 0.23 0.13 0.03 0.22 0.15 0.06 0.09 0.06 0.15 0.08 0.14 0.15 0.14 0.14 0.07 0.09 0.18 0.14 0.16 0.16 0.17 0.04 0.14 0.12 0.12 0.16 0.21 0.07 0.07 0.26 0.04 0.17 0.09 0.07 0.16 0.15 0.07 0.02 0.07 0.12 0.09 0.16 0.12 0.05 0.20 0.11 0.08 0.05 0.12 0.18 0.24 0.06 0.04 0.19 0.15 0.15 0.15
0.39 0.20 0.20 0.25 0.17 0.41 0.35 0.15 0.04 0.29 0.26 0.08 0.16 0.30 0.35 0.26 0.34 0.17 0.30 0.10 0.17 0.25 0.14 0.12 0.25 0.21 0.12 0.35 0.12 0.23 0.24 0.23 0.15 0.17 0.33 0.25 0.10 0.34 0.29 0.25 0.19 0.38 0.23 0.00 0.18 0.24 0.13 0.24 0.23 0.24 0.16 0.19 0.31 0.28 0.27 0.37 0.12 0.28 0.16 0.21 0.36 0.23 0.27 0.10 0.19 0.08 0.18 0.17 0.27 0.25 0.16 0.30 0.04 0.24 0.21 0.24 0.22 0.21 0.19 0.15 0.21 0.22 0.31 0.23 0.17 0.12 0.25 0.07 0.12 0.30 0.17 0.34 0.40 0.28 0.28 0.27 0.23 0.09 0.20 0.11
0.30 0.11 0.11 0.15 0.05 0.32 0.26 0.06 0.16 0.20 0.16 0.14 0.27 0.21 0.25 0.17 0.24 0.03 0.21 0.27 0.26 0.19 0.21 0.24 0.12 0.03 0.19 0.25 0.06 0.14 0.09 0.14 0.07 0.22 0.24 0.16 0.14 0.25 0.20 0.15 0.16 0.29 0.13 0.18 0.00 0.15 0.09 0.15 0.19 0.15 0.11 0.09 0.21 0.18 0.18 0.27 0.27 0.19 0.22 0.31 0.27 0.29 0.18 0.08 0.18 0.13 0.09 0.03 0.18 0.08 0.17 0.20 0.14 0.18 0.30 0.15 0.20 0.07 0.07 0.11 0.15 0.21 0.22 0.13 0.03 0.06 0.16 0.11 0.07 0.21 0.17 0.25 0.31 0.11 0.19 0.17 0.06 0.09 0.08 0.28
0.15 0.04 0.12 0.01 0.20 0.17 0.11 0.09 0.20 0.09 0.01 0.29 0.17 0.07 0.10 0.04 0.09 0.12 0.06 0.17 0.15 0.08 0.11 0.13 0.17 0.14 0.12 0.10 0.14 0.01 0.17 0.04 0.09 0.12 0.09 0.03 0.14 0.10 0.09 0.16 0.06 0.14 0.03 0.24 0.15 0.00 0.24 0.13 0.09 0.06 0.08 0.12 0.07 0.12 0.12 0.12 0.17 0.04 0.11 0.21 0.12 0.18 0.13 0.18 0.07 0.16 0.09 0.12 0.14 0.18 0.09 0.05 0.27 0.07 0.19 0.06 0.10 0.14 0.12 0.09 0.05 0.10 0.10 0.06 0.18 0.14 0.02 0.22 0.12 0.06 0.07 0.10 0.16 0.21 0.04 0.02 0.16 0.16 0.12 0.17
0.38 0.19 0.20 0.24 0.04 0.40 0.34 0.15 0.11 0.29 0.25 0.06 0.22 0.29 0.34 0.26 0.33 0.12 0.30 0.22 0.21 0.24 0.16 0.18 0.20 0.10 0.14 0.34 0.09 0.23 0.17 0.22 0.15 0.17 0.32 0.24 0.09 0.34 0.28 0.24 0.18 0.37 0.22 0.13 0.09 0.24 0.00 0.23 0.23 0.23 0.15 0.17 0.30 0.27 0.27 0.36 0.22 0.28 0.17 0.26 0.35 0.24 0.27 0.05 0.18 0.08 0.18 0.12 0.27 0.17 0.15 0.29 0.09 0.23 0.25 0.23 0.21 0.16 0.15 0.15 0.21 0.21 0.30 0.22 0.06 0.10 0.25 0.06 0.11 0.30 0.17 0.34 0.40 0.19 0.27 0.26 0.11 0.07 0.17 0.23
0.17 0.11 0.04 0.13 0.20 0.17 0.11 0.09 0.20 0.05 0.14 0.29 0.29 0.20 0.11 0.17 0.21 0.12 0.10 0.30 0.28 0.21 0.23 0.26 0.04 0.13 0.21 0.17 0.14 0.12 0.06 0.09 0.09 0.25 0.13 0.16 0.17 0.10 0.22 0.03 0.18 0.18 0.15 0.24 0.15 0.13 0.23 0.00 0.21 0.07 0.13 0.06 0.08 0.04 0.03 0.12 0.30 0.09 0.24 0.34 0.15 0.31 0.03 0.18 0.20 0.16 0.06 0.12 0.03 0.07 0.19 0.18 0.27 0.20 0.32 0.07 0.22 0.07 0.08 0.13 0.17 0.23 0.07 0.07 0.18 0.14 0.11 0.21 0.12 0.14 0.19 0.16 0.17 0.08 0.14 0.12 0.13 0.16 0.07 0.30
0.16 0.10 0.20 0.08 0.19 0.17 0.14 0.13 0.19 0.17 0.08 0.28 0.08 0.07 0.16 0.04 0.10 0.18 0.12 0.13 0.07 0.02 0.10 0.11 0.26 0.22 0.12 0.11 0.13 0.10 0.25 0.12 0.12 0.07 0.10 0.05 0.13 0.17 0.06 0.24 0.04 0.15 0.06 0.23 0.19 0.09 0.23 0.21 0.00 0.15 0.08 0.21 0.14 0.20 0.21 0.13 0.11 0.12 0.07 0.12 0.13 0.10 0.21 0.17 0.04 0.15 0.17 0.18 0.22 0.27 0.07 0.06 0.26 0.01 0.11 0.15 0.02 0.22 0.21 0.08 0.04 0.02 0.18 0.15 0.18 0.13 0.11 0.21 0.12 0.07 0.06 0.11 0.17 0.30 0.07 0.09 0.25 0.15 0.21 0.12
0.15 0.04 0.06 0.07 0.19 0.17 0.11 0.08 0.20 0.06 0.07 0.29 0.23 0.14 0.11 0.10 0.15 0.11 0.07 0.23 0.21 0.14 0.17 0.19 0.11 0.13 0.15 0.11 0.14 0.05 0.11 0.02 0.09 0.18 0.09 0.09 0.14 0.11 0.15 0.10 0.12 0.14 0.09 0.24 0.15 0.06 0.23 0.07 0.15 0.00 0.07 0.06 0.07 0.06 0.06 0.13 0.23 0.04 0.17 0.27 0.12 0.25 0.07 0.18 0.13 0.15 0.05 0.11 0.07 0.12 0.12 0.11 0.27 0.13 0.25 0.00 0.15 0.07 0.08 0.09 0.11 0.16 0.07 0.01 0.17 0.13 0.04 0.21 0.12 0.07 0.12 0.11 0.17 0.15 0.07 0.06 0.12 0.16 0.07 0.24
0.23 0.04 0.12 0.09 0.12 0.25 0.19 0.05 0.12 0.13 0.09 0.21 0.16 0.14 0.18 0.10 0.17 0.10 0.14 0.16 0.15 0.09 0.10 0.12 0.18 0.14 0.08 0.18 0.06 0.07 0.17 0.07 0.04 0.11 0.17 0.09 0.06 0.18 0.13 0.16 0.05 0.22 0.06 0.16 0.11 0.08 0.15 0.13 0.08 0.07 0.00 0.12 0.15 0.12 0.12 0.20 0.16 0.12 0.11 0.20 0.20 0.18 0.14 0.10 0.07 0.08 0.09 0.10 0.14 0.18 0.06 0.13 0.19 0.08 0.19 0.08 0.09 0.14 0.12 0.01 0.05 0.10 0.15 0.07 0.11 0.06 0.09 0.14 0.04 0.14 0.06 0.18 0.24 0.21 0.12 0.10 0.17 0.08 0.13 0.17
0.21 0.10 0.03 0.12 0.13 0.23 0.17 0.07 0.18 0.12 0.13 0.23 0.29 0.20 0.17 0.16 0.21 0.05 0.12 0.29 0.27 0.20 0.23 0.25 0.05 0.07 0.21 0.17 0.08 0.11 0.04 0.08 0.09 0.24 0.15 0.15 0.16 0.17 0.21 0.07 0.17 0.20 0.15 0.19 0.09 0.12 0.17 0.06 0.21 0.06 0.12 0.00 0.13 0.10 0.10 0.19 0.29 0.11 0.23 0.33 0.18 0.31 0.10 0.12 0.19 0.15 0.03 0.05 0.10 0.06 0.18 0.17 0.21 0.19 0.31 0.06 0.21 0.02 0.02 0.12 0.17 0.22 0.13 0.06 0.12 0.08 0.10 0.15 0.08 0.13 0.18 0.17 0.23 0.09 0.13 0.12 0.07 0.11 0.01 0.30
0.09 0.11 0.11 0.06 0.26 0.10 0.04 0.15 0.27 0.04 0.06 0.36 0.21 0.12 0.04 0.09 0.14 0.18 0.02 0.22 0.20 0.13 0.17 0.18 0.12 0.20 0.19 0.09 0.21 0.07 0.13 0.08 0.15 0.17 0.05 0.08 0.21 0.04 0.14 0.11 0.12 0.11 0.08 0.31 0.21 0.07 0.30 0.08 0.14 0.07 0.15 0.13 0.00 0.07 0.07 0.06 0.22 0.03 0.16 0.26 0.08 0.24 0.08 0.25 0.12 0.23 0.12 0.18 0.09 0.14 0.15 0.10 0.34 0.12 0.24 0.07 0.15 0.14 0.15 0.15 0.10 0.15 0.05 0.08 0.25 0.20 0.06 0.28 0.19 0.06 0.14 0.09 0.10 0.16 0.06 0.05 0.20 0.23 0.14 0.23
0.15 0.10 0.07 0.12 0.23 0.13 0.07 0.12 0.24 0.03 0.12 0.33 0.28 0.19 0.07 0.15 0.20 0.15 0.09 0.28 0.27 0.20 0.22 0.25 0.07 0.17 0.20 0.15 0.18 0.11 0.10 0.08 0.12 0.23 0.12 0.15 0.18 0.07 0.21 0.04 0.17 0.17 0.14 0.28 0.18 0.12 0.27 0.04 0.20 0.06 0.12 0.10 0.07 0.00 0.01 0.09 0.28 0.07 0.23 0.32 0.14 0.30 0.02 0.22 0.19 0.20 0.09 0.15 0.02 0.11 0.18 0.17 0.31 0.19 0.31 0.05 0.21 0.11 0.12 0.12 0.16 0.22 0.03 0.05 0.21 0.17 0.10 0.25 0.16 0.12 0.17 0.15 0.13 0.10 0.13 0.11 0.17 0.20 0.11 0.29
0.16 0.10 0.07 0.12 0.23 0.14 0.08 0.12 0.23 0.04 0.13 0.32 0.29 0.20 0.07 0.16 0.21 0.15 0.09 0.29 0.27 0.20 0.23 0.25 0.06 0.17 0.21 0.16 0.17 0.11 0.10 0.08 0.12 0.24 0.12 0.15 0.17 0.07 0.21 0.04 0.17 0.18 0.15 0.27 0.18 0.12 0.27 0.03 0.21 0.06 0.12 0.10 0.07 0.01 0.00 0.09 0.29 0.08 0.23 0.33 0.15 0.31 0.01 0.21 0.19 0.19 0.09 0.15 0.02 0.10 0.18 0.17 0.30 0.19 0.31 0.06 0.21 0.11 0.12 0.12 0.17 0.22 0.04 0.06 0.21 0.17 0.10 0.25 0.15 0.13 0.18 0.15 0.13 0.09 0.13 0.12 0.16 0.19 0.10 0.30
0.07 0.17 0.16 0.12 0.32 0.04 0.03 0.21 0.33 0.07 0.11 0.42 0.20 0.10 0.04 0.10 0.12 0.24 0.06 0.27 0.20 0.12 0.23 0.24 0.15 0.26 0.25 0.07 0.27 0.13 0.19 0.14 0.21 0.20 0.04 0.12 0.27 0.05 0.12 0.13 0.17 0.09 0.14 0.37 0.27 0.12 0.36 0.12 0.13 0.13 0.20 0.19 0.06 0.09 0.09 0.00 0.24 0.08 0.21 0.24 0.06 0.21 0.10 0.31 0.17 0.28 0.18 0.24 0.11 0.19 0.21 0.08 0.40 0.12 0.22 0.12 0.15 0.20 0.21 0.21 0.15 0.15 0.07 0.14 0.30 0.26 0.11 0.34 0.25 0.06 0.19 0.06 0.04 0.18 0.09 0.10 0.25 0.29 0.19 0.25
0.27 0.18 0.28 0.16 0.26 0.28 0.23 0.21 0.11 0.25 0.16 0.17 0.04 0.17 0.24 0.14 0.21 0.27 0.20 0.03 0.04 0.12 0.06 0.04 0.34 0.30 0.08 0.22 0.21 0.18 0.33 0.21 0.20 0.05 0.20 0.14 0.13 0.25 0.17 0.33 0.11 0.26 0.14 0.12 0.27 0.17 0.22 0.30 0.11 0.23 0.16 0.29 0.22 0.28 0.29 0.24 0.00 0.21 0.06 0.08 0.24 0.10 0.30 0.19 0.10 0.14 0.26 0.27 0.30 0.35 0.10 0.17 0.15 0.12 0.08 0.23 0.09 0.30 0.29 0.16 0.12 0.10 0.27 0.23 0.27 0.21 0.19 0.16 0.21 0.18 0.11 0.22 0.28 0.38 0.15 0.17 0.33 0.18 0.29 0.01
0.11 0.08 0.08 0.04 0.24 0.12 0.07 0.13 0.24 0.04 0.05 0.33 0.21 0.12 0.06 0.08 0.13 0.16 0.02 0.21 0.19 0.12 0.15 0.17 0.13 0.17 0.17 0.08 0.18 0.05 0.12 0.05 0.13 0.16 0.04 0.07 0.18 0.06 0.13 0.12 0.10 0.10 0.07 0.28 0.19 0.04 0.28 0.09 0.12 0.04 0.12 0.11 0.03 0.07 0.08 0.08 0.21 0.00 0.15 0.25 0.08 0.23 0.09 0.22 0.11 0.20 0.10 0.16 0.10 0.14 0.12 0.09 0.31 0.11 0.23 0.04 0.14 0.12 0.12 0.13 0.09 0.14 0.06 0.06 0.22 0.18 0.03 0.26 0.16 0.05 0.11 0.07 0.12 0.17 0.05 0.04 0.17 0.20 0.11 0.21
0.23 0.13 0.23 0.11 0.21 0.25 0.19 0.16 0.12 0.20 0.11 0.21 0.05 0.14 0.18 0.10 0.17 0.21 0.14 0.06 0.04 0.09 0.02 0.04 0.29 0.25 0.04 0.18 0.16 0.12 0.28 0.15 0.15 0.01 0.17 0.09 0.07 0.19 0.13 0.27 0.06 0.22 0.09 0.16 0.22 0.11 0.17 0.24 0.07 0.17 0.11 0.23 0.16 0.23 0.23 0.21 0.06 0.15 0.00 0.10 0.20 0.07 0.24 0.14 0.04 0.09 0.20 0.21 0.25 0.29 0.05 0.14 0.19 0.08 0.08 0.17 0.06 0.25 0.23 0.11 0.07 0.06 0.21 0.17 0.21 0.15 0.13 0.14 0.15 0.14 0.05 0.18 0.25 0.32 0.12 0.12 0.27 0.12 0.24 0.06
0.18 0.23 0.32 0.20 0.30 0.21 0.26 0.26 0.17 0.29 0.20 0.26 0.04 0.13 0.28 0.17 0.13 0.31 0.24 0.11 0.06 0.12 0.10 0.08 0.38 0.34 0.12 0.17 0.26 0.22 0.37 0.25 0.24 0.09 0.21 0.17 0.17 0.29 0.12 0.37 0.15 0.17 0.18 0.21 0.31 0.21 0.26 0.34 0.12 0.27 0.20 0.33 0.26 0.32 0.33 0.24 0.08 0.25 0.10 0.00 0.18 0.02 0.34 0.23 0.14 0.18 0.30 0.31 0.34 0.39 0.14 0.15 0.24 0.14 0.02 0.27 0.11 0.34 0.33 0.20 0.16 0.11 0.31 0.27 0.31 0.25 0.23 0.20 0.25 0.20 0.15 0.17 0.21 0.42 0.20 0.21 0.37 0.22 0.33 0.09
0.03 0.16 0.16 0.11 0.32 0.05 0.08 0.21 0.32 0.11 0.11 0.41 0.20 0.06 0.10 0.10 0.06 0.24 0.06 0.26 0.20 0.11 0.22 0.24 0.20 0.25 0.24 0.02 0.26 0.13 0.19 0.13 0.21 0.20 0.03 0.11 0.26 0.11 0.07 0.18 0.17 0.03 0.14 0.36 0.27 0.12 0.35 0.15 0.13 0.12 0.20 0.18 0.08 0.14 0.15 0.06 0.24 0.08 0.20 0.18 0.00 0.16 0.16 0.30 0.17 0.28 0.17 0.24 0.16 0.21 0.20 0.07 0.39 0.12 0.17 0.12 0.14 0.19 0.20 0.21 0.15 0.14 0.12 0.14 0.30 0.26 0.11 0.34 0.24 0.06 0.19 0.02 0.04 0.24 0.08 0.10 0.25 0.28 0.19 0.25
0.16 0.20 0.30 0.18 0.28 0.19 0.24 0.23 0.19 0.27 0.18 0.28 0.07 0.11 0.26 0.15 0.11 0.28 0.21 0.13 0.06 0.10 0.09 0.11 0.36 0.32 0.11 0.15 0.23 0.20 0.35 0.22 0.22 0.07 0.18 0.15 0.15 0.27 0.09 0.34 0.13 0.15 0.16 0.23 0.29 0.18 0.24 0.31 0.10 0.25 0.18 0.31 0.24 0.30 0.31 0.21 0.10 0.23 0.07 0.02 0.16 0.00 0.32 0.21 0.11 0.16 0.27 0.28 0.32 0.37 0.12 0.13 0.26 0.11 0.02 0.25 0.09 0.32 0.31 0.18 0.14 0.08 0.28 0.25 0.29 0.23 0.21 0.20 0.22 0.17 0.12 0.15 0.19 0.40 0.17 0.19 0.35 0.20 0.31 0.12
0.17 0.11 0.07 0.14 0.23 0.14 0.08 0.12 0.23 0.04 0.14 0.32 0.30 0.21 0.07 0.17 0.22 0.15 0.10 0.30 0.28 0.21 0.24 0.26 0.06 0.17 0.21 0.17 0.17 0.12 0.10 0.09 0.12 0.25 0.13 0.16 0.17 0.07 0.22 0.03 0.18 0.19 0.16 0.27 0.18 0.13 0.27 0.03 0.21 0.07 0.14 0.10 0.08 0.02 0.01 0.10 0.30 0.09 0.24 0.34 0.16 0.32 0.00 0.21 0.20 0.19 0.09 0.15 0.01 0.10 0.20 0.18 0.30 0.20 0.32 0.07 0.23 0.11 0.12 0.14 0.18 0.23 0.04 0.07 0.21 0.17 0.11 0.25 0.15 0.14 0.19 0.17 0.13 0.08 0.14 0.13 0.16 0.19 0.10 0.31
0.33 0.14 0.14 0.19 0.07 0.35 0.29 0.10 0.08 0.23 0.20 0.11 0.19 0.24 0.29 0.20 0.28 0.07 0.24 0.19 0.17 0.19 0.13 0.15 0.15 0.11 0.11 0.29 0.04 0.17 0.14 0.17 0.09 0.14 0.27 0.19 0.06 0.28 0.23 0.18 0.13 0.32 0.17 0.10 0.08 0.18 0.05 0.18 0.17 0.18 0.10 0.12 0.25 0.22 0.21 0.31 0.19 0.22 0.14 0.23 0.30 0.21 0.21 0.00 0.13 0.05 0.12 0.07 0.21 0.16 0.10 0.24 0.09 0.18 0.21 0.18 0.16 0.11 0.10 0.09 0.15 0.16 0.25 0.17 0.08 0.04 0.19 0.04 0.06 0.24 0.11 0.28 0.35 0.19 0.22 0.21 0.14 0.02 0.11 0.20
0.20 0.09 0.19 0.07 0.17 0.22 0.16 0.12 0.15 0.16 0.07 0.24 0.09 0.11 0.15 0.07 0.15 0.17 0.11 0.10 0.08 0.06 0.05 0.07 0.25 0.21 0.07 0.15 0.12 0.08 0.24 0.11 0.11 0.04 0.14 0.06 0.09 0.15 0.10 0.23 0.02 0.19 0.04 0.19 0.18 0.07 0.18 0.20 0.04 0.13 0.07 0.19 0.12 0.19 0.19 0.17 0.10 0.11 0.04 0.14 0.17 0.11 0.20 0.13 0.00 0.11 0.16 0.17 0.21 0.25 0.03 0.11 0.22 0.05 0.12 0.14 0.03 0.21 0.19 0.07 0.03 0.03 0.17 0.14 0.17 0.12 0.09 0.17 0.11 0.11 0.02 0.15 0.21 0.28 0.09 0.07 0.23 0.11 0.20 0.10
0.31 0.12 0.14 0.17 0.12 0.33 0.27 0.07 0.04 0.21 0.17 0.13 0.14 0.21 0.26 0.18 0.25 0.12 0.22 0.14 0.13 0.17 0.08 0.11 0.20 0.16 0.06 0.26 0.07 0.15 0.19 0.15 0.07 0.09 0.25 0.17 0.02 0.26 0.21 0.18 0.11 0.30 0.14 0.08 0.13 0.16 0.08 0.16 0.15 0.15 0.08 0.15 0.23 0.20 0.19 0.28 0.14 0.20 0.09 0.18 0.28 0.16 0.19 0.05 0.11 0.00 0.11 0.12 0.19 0.21 0.07 0.21 0.11 0.16 0.17 0.16 0.14 0.16 0.15 0.07 0.13 0.14 0.23 0.14 0.12 0.07 0.17 0.06 0.06 0.22 0.09 0.26 0.32 0.24 0.20 0.18 0.18 0.04 0.15 0.15
0.21 0.07 0.03 0.09 0.14 0.22 0.17 0.04 0.15 0.11 0.10 0.24 0.25 0.16 0.16 0.13 0.17 0.06 0.12 0.26 0.24 0.17 0.19 0.22 0.09 0.08 0.17 0.16 0.09 0.08 0.08 0.05 0.05 0.21 0.14 0.12 0.12 0.16 0.18 0.07 0.14 0.20 0.12 0.18 0.09 0.09 0.18 0.06 0.17 0.05 0.09 0.03 0.12 0.09 0.09 0.18 0.26 0.10 0.20 0.30 0.17 0.27 0.09 0.12 0.16 0.11 0.00 0.06 0.09 0.09 0.15 0.14 0.21 0.16 0.28 0.06 0.18 0.05 0.03 0.09 0.14 0.19 0.12 0.04 0.12 0.08 0.07 0.16 0.07 0.12 0.15 0.16 0.22 0.12 0.10 0.09 0.07 0.11 0.04 0.26
0.27 0.08 0.08 0.12 0.08 0.28 0.23 0.05 0.15 0.17 0.13 0.17 0.26 0.17 0.22 0.14 0.21 0.00 0.18 0.27 0.25 0.18 0.20 0.23 0.09 0.04 0.18 0.22 0.05 0.11 0.07 0.11 0.06 0.21 0.20 0.13 0.14 0.22 0.19 0.12 0.15 0.26 0.12 0.17 0.03 0.12 0.12 0.12 0.18 0.11 0.10 0.05 0.18 0.15 0.15 0.24 0.27 0.16 0.21 0.31 0.24 0.28 0.15 0.07 0.17 0.12 0.06 0.00 0.15 0.08 0.16 0.17 0.15 0.17 0.29 0.12 0.19 0.04 0.03 0.10 0.15 0.20 0.18 0.10 0.06 0.06 0.13 0.11 0.06 0.18 0.16 0.22 0.28 0.11 0.15 0.14 0.06 0.09 0.05 0.27
0.17 0.12 0.07 0.14 0.23 0.14 0.08 0.12 0.23 0.05 0.14 0.32 0.30 0.21 0.07 0.17 0.22 0.15 0.11 0.30 0.29 0.22 0.24 0.27 0.06 0.17 0.22 0.17 0.17 0.12 0.10 0.10 0.12 0.25 0.14 0.17 0.17 0.07 0.23 0.03 0.19 0.19 0.16 0.27 0.18 0.14 0.27 0.03 0.22 0.07 0.14 0.10 0.09 0.02 0.02 0.11 0.30 0.10 0.25 0.34 0.16 0.32 0.01 0.21 0.21 0.19 0.09 0.15 0.00 0.10 0.20 0.19 0.30 0.21 0.33 0.07 0.23 0.11 0.12 0.14 0.18 0.24 0.04 0.07 0.21 0.17 0.12 0.25 0.15 0.15 0.20 0.17 0.13 0.07 0.15 0.13 0.16 0.19 0.10 0.31
0.22 0.16 0.07 0.18 0.13 0.24 0.18 0.13 0.24 0.12 0.19 0.22 0.35 0.26 0.17 0.22 0.27 0.08 0.15 0.35 0.33 0.26 0.29 0.31 0.04 0.07 0.27 0.22 0.13 0.17 0.02 0.14 0.15 0.30 0.18 0.21 0.22 0.17 0.27 0.07 0.24 0.24 0.21 0.25 0.08 0.18 0.17 0.07 0.27 0.12 0.18 0.06 0.14 0.11 0.10 0.19 0.35 0.14 0.29 0.39 0.21 0.37 0.10 0.16 0.25 0.21 0.09 0.08 0.10 0.00 0.25 0.23 0.22 0.25 0.37 0.12 0.28 0.04 0.06 0.18 0.23 0.28 0.14 0.12 0.11 0.14 0.16 0.19 0.14 0.19 0.24 0.21 0.23 0.03 0.19 0.18 0.06 0.17 0.06 0.36
0.23 0.08 0.18 0.09 0.16 0.25 0.19 0.11 0.12 0.15 0.10 0.21 0.10 0.14 0.19 0.11 0.18 0.16 0.15 0.10 0.09 0.09 0.04 0.07 0.24 0.20 0.04 0.19 0.11 0.07 0.23 0.10 0.10 0.05 0.17 0.09 0.06 0.18 0.13 0.22 0.04 0.22 0.07 0.16 0.17 0.09 0.15 0.19 0.07 0.12 0.06 0.18 0.15 0.18 0.18 0.21 0.10 0.12 0.05 0.14 0.20 0.12 0.20 0.10 0.03 0.07 0.15 0.16 0.20 0.25 0.00 0.14 0.19 0.08 0.13 0.13 0.06 0.20 0.18 0.06 0.06 0.06 0.16 0.13 0.17 0.11 0.10 0.13 0.10 0.15 0.02 0.18 0.25 0.28 0.12 0.11 0.23 0.08 0.19 0.11
0.10 0.10 0.17 0.05 0.25 0.11 0.11 0.14 0.26 0.14 0.04 0.35 0.13 0.02 0.12 0.03 0.04 0.17 0.08 0.20 0.13 0.04 0.16 0.17 0.23 0.19 0.18 0.05 0.20 0.06 0.22 0.09 0.14 0.13 0.05 0.04 0.20 0.13 0.04 0.21 0.10 0.09 0.07 0.30 0.20 0.05 0.29 0.18 0.06 0.11 0.13 0.17 0.10 0.17 0.17 0.08 0.17 0.09 0.14 0.15 0.07 0.13 0.18 0.24 0.11 0.21 0.14 0.17 0.19 0.23 0.14 0.00 0.33 0.06 0.14 0.12 0.08 0.19 0.17 0.14 0.08 0.07 0.15 0.12 0.23 0.19 0.07 0.27 0.17 0.04 0.12 0.05 0.11 0.26 0.04 0.06 0.21 0.21 0.18 0.18
0.42 0.23 0.23 0.28 0.13 0.44 0.38 0.18 0.07 0.32 0.29 0.04 0.19 0.33 0.38 0.29 0.37 0.15 0.33 0.13 0.20 0.28 0.17 0.15 0.24 0.17 0.15 0.38 0.13 0.26 0.21 0.26 0.18 0.20 0.36 0.28 0.13 0.37 0.32 0.28 0.22 0.41 0.26 0.04 0.14 0.27 0.09 0.27 0.26 0.27 0.19 0.21 0.34 0.31 0.30 0.40 0.15 0.31 0.19 0.24 0.39 0.26 0.30 0.09 0.22 0.11 0.21 0.15 0.30 0.22 0.19 0.33 0.00 0.27 0.24 0.27 0.25 0.20 0.19 0.18 0.25 0.25 0.34 0.26 0.14 0.14 0.28 0.06 0.15 0.33 0.20 0.37 0.44 0.25 0.31 0.30 0.20 0.11 0.20 0.14
0.15 0.09 0.19 0.07 0.20 0.17 0.12 0.12 0.20 0.16 0.07 0.29 0.09 0.06 0.15 0.03 0.10 0.17 0.10 0.14 0.08 0.01 0.10 0.12 0.25 0.21 0.12 0.11 0.14 0.08 0.24 0.11 0.11 0.07 0.09 0.04 0.14 0.15 0.05 0.23 0.05 0.14 0.04 0.24 0.18 0.07 0.23 0.20 0.01 0.13 0.08 0.19 0.12 0.19 0.19 0.12 0.12 0.11 0.08 0.14 0.12 0.11 0.20 0.18 0.05 0.16 0.16 0.17 0.21 0.25 0.08 0.06 0.27 0.00 0.12 0.14 0.02 0.21 0.19 0.09 0.03 0.03 0.17 0.14 0.18 0.14 0.09 0.21 0.12 0.06 0.07 0.10 0.17 0.28 0.06 0.07 0.23 0.16 0.20 0.13
0.18 0.21 0.31 0.19 0.29 0.20 0.25 0.24 0.17 0.28 0.18 0.26 0.04 0.12 0.27 0.15 0.13 0.29 0.22 0.11 0.04 0.11 0.09 0.08 0.37 0.33 0.11 0.15 0.24 0.20 0.36 0.23 0.23 0.07 0.19 0.16 0.15 0.27 0.10 0.35 0.14 0.17 0.17 0.21 0.30 0.19 0.25 0.32 0.11 0.25 0.19 0.31 0.24 0.31 0.31 0.22 0.08 0.23 0.08 0.02 0.17 0.02 0.32 0.21 0.12 0.17 0.28 0.29 0.33 0.37 0.13 0.14 0.24 0.12 0.00 0.26 0.10 0.33 0.31 0.19 0.15 0.09 0.29 0.26 0.29 0.24 0.21 0.18 0.23 0.18 0.13 0.16 0.20 0.40 0.18 0.20 0.35 0.21 0.32 0.09
0.15 0.04 0.05 0.07 0.20 0.17 0.11 0.09 0.20 0.05 0.07 0.29 0.23 0.14 0.11 0.10 0.15 0.12 0.06 0.23 0.21 0.15 0.17 0.19 0.11 0.13 0.15 0.11 0.14 0.05 0.10 0.03 0.09 0.18 0.09 0.10 0.14 0.10 0.15 0.10 0.12 0.14 0.09 0.24 0.15 0.06 0.23 0.07 0.15 0.00 0.08 0.06 0.07 0.05 0.06 0.12 0.23 0.04 0.17 0.27 0.12 0.25 0.07 0.18 0.14 0.16 0.06 0.12 0.07 0.12 0.13 0.12 0.27 0.14 0.26 0.00 0.16 0.07 0.08 0.09 0.11 0.17 0.07 0.02 0.18 0.14 0.04 0.21 0.12 0.07 0.12 0.10 0.17 0.15 0.07 0.06 0.13 0.16 0.07 0.24
0.17 0.11 0.21 0.09 0.19 0.19 0.15 0.14 0.18 0.18 0.09 0.27 0.07 0.08 0.17 0.06 0.12 0.19 0.12 0.12 0.06 0.03 0.08 0.10 0.27 0.23 0.10 0.13 0.14 0.11 0.26 0.13 0.13 0.05 0.11 0.06 0.12 0.17 0.07 0.25 0.04 0.16 0.07 0.22 0.20 0.10 0.21 0.22 0.02 0.15 0.09 0.21 0.15 0.21 0.21 0.15 0.09 0.14 0.06 0.11 0.14 0.09 0.23 0.16 0.03 0.14 0.18 0.19 0.23 0.28 0.06 0.08 0.25 0.02 0.10 0.16 0.00 0.23 0.21 0.09 0.05 0.01 0.19 0.16 0.20 0.14 0.12 0.19 0.13 0.09 0.04 0.12 0.19 0.31 0.08 0.10 0.26 0.14 0.22 0.11
0.22 0.12 0.04 0.14 0.12 0.24 0.18 0.09 0.19 0.12 0.14 0.22 0.30 0.21 0.18 0.17 0.22 0.04 0.14 0.30 0.29 0.22 0.24 0.27 0.04 0.06 0.22 0.18 0.09 0.12 0.03 0.10 0.10 0.25 0.16 0.17 0.17 0.17 0.23 0.08 0.19 0.21 0.16 0.21 0.07 0.14 0.16 0.07 0.22 0.07 0.14 0.02 0.14 0.11 0.11 0.20 0.30 0.12 0.25 0.34 0.19 0.32 0.11 0.11 0.21 0.16 0.05 0.04 0.11 0.04 0.20 0.19 0.20 0.21 0.33 0.07 0.23 0.00 0.02 0.14 0.18 0.24 0.14 0.07 0.11 0.09 0.12 0.14 0.10 0.15 0.20 0.17 0.24 0.07 0.15 0.13 0.06 0.12 0.01 0.31
0.23 0.10 0.04 0.12 0.11 0.25 0.19 0.07 0.18 0.14 0.13 0.21 0.29 0.20 0.19 0.16 0.21 0.03 0.15 0.29 0.27 0.20 0.23 0.25 0.05 0.05 0.21 0.19 0.07 0.11 0.04 0.08 0.09 0.24 0.17 0.15 0.16 0.18 0.21 0.09 0.17 0.22 0.15 0.19 0.07 0.12 0.15 0.08 0.21 0.08 0.12 0.02 0.15 0.12 0.12 0.21 0.29 0.12 0.23 0.33 0.20 0.31 0.12 0.10 0.19 0.15 0.03 0.03 0.12 0.06 0.18 0.17 0.19 0.19 0.31 0.08 0.21 0.02 0.00 0.12 0.17 0.22 0.15 0.07 0.10 0.08 0.10 0.13 0.08 0.15 0.18 0.18 0.25 0.09 0.13 0.12 0.04 0.11 0.02 0.30
0.24 0.05 0.12 0.10 0.11 0.26 0.20 0.05 0.11 0.14 0.10 0.20 0.16 0.15 0.19 0.11 0.18 0.10 0.15 0.16 0.15 0.10 0.10 0.12 0.18 0.14 0.08 0.19 0.05 0.08 0.17 0.08 0.04 0.11 0.17 0.10 0.05 0.19 0.14 0.16 0.05 0.23 0.07 0.15 0.11 0.09 0.15 0.13 0.08 0.09 0.01 0.12 0.15 0.12 0.12 0.21 0.16 0.13 0.11 0.20 0.21 0.18 0.14 0.09 0.07 0.07 0.09 0.10 0.14 0.18 0.06 0.14 0.18 0.09 0.19 0.09 0.09 0.14 0.12 0.00 0.06 0.10 0.16 0.07 0.11 0.05 0.10 0.13 0.04 0.15 0.06 0.19 0.25 0.21 0.13 0.11 0.17 0.07 0.13 0.17
0.17 0.07 0.16 0.04 0.17 0.19 0.14 0.10 0.17 0.13 0.04 0.27 0.12 0.08 0.13 0.05 0.12 0.15 0.09 0.12 0.11 0.04 0.08 0.09 0.22 0.18 0.10 0.13 0.12 0.06 0.21 0.09 0.08 0.07 0.11 0.04 0.12 0.13 0.07 0.21 0.02 0.17 0.02 0.21 0.15 0.05 0.21 0.17 0.04 0.11 0.05 0.17 0.10 0.16 0.17 0.15 0.12 0.09 0.07 0.16 0.15 0.14 0.18 0.15 0.03 0.13 0.14 0.15 0.18 0.23 0.06 0.08 0.25 0.03 0.15 0.11 0.05 0.18 0.17 0.06 0.00 0.06 0.15 0.11 0.15 0.11 0.07 0.19 0.10 0.09 0.04 0.13 0.19 0.26 0.07 0.05 0.21 0.14 0.17 0.13
0.17 0.12 0.22 0.10 0.20 0.19 0.15 0.15 0.18 0.19 0.10 0.27 0.06 0.08 0.17 0.06 0.12 0.20 0.13 0.12 0.06 0.03 0.08 0.10 0.28 0.24 0.10 0.12 0.15 0.11 0.27 0.14 0.14 0.06 0.11 0.07 0.12 0.18 0.07 0.26 0.05 0.16 0.07 0.22 0.21 0.10 0.21 0.23 0.02 0.16 0.10 0.22 0.15 0.22 0.22 0.15 0.10 0.14 0.06 0.11 0.14 0.08 0.23 0.16 0.03 0.14 0.19 0.20 0.24 0.28 0.06 0.07 0.25 0.03 0.09 0.17 0.01 0.24 0.22 0.10 0.06 0.00 0.20 0.17 0.20 0.15 0.12 0.20 0.14 0.09 0.05 0.12 0.18 0.31 0.09 0.11 0.26 0.14 0.23 0.11
0.14 0.11 0.11 0.10 0.27 0.10 0.04 0.15 0.27 0.02 0.11 0.36 0.26 0.17 0.04 0.14 0.18 0.18 0.07 0.27 0.25 0.18 0.20 0.23 0.10 0.20 0.19 0.14 0.21 0.09 0.13 0.08 0.16 0.21 0.10 0.13 0.21 0.03 0.19 0.07 0.15 0.15 0.12 0.31 0.22 0.10 0.30 0.07 0.18 0.07 0.15 0.13 0.05 0.03 0.04 0.07 0.27 0.06 0.21 0.31 0.12 0.28 0.04 0.25 0.17 0.23 0.12 0.18 0.04 0.14 0.16 0.15 0.34 0.17 0.29 0.07 0.19 0.14 0.15 0.16 0.15 0.20 0.00 0.09 0.25 0.21 0.08 0.29 0.19 0.11 0.16 0.13 0.10 0.11 0.11 0.10 0.20 0.23 0.14 0.27
0.17 0.04 0.05 0.07 0.18 0.18 0.12 0.07 0.18 0.07 0.07 0.28 0.23 0.14 0.12 0.10 0.15 0.10 0.08 0.23 0.21 0.15 0.17 0.19 0.11 0.12 0.15 0.12 0.12 0.05 0.10 0.03 0.07 0.18 0.10 0.10 0.12 0.12 0.15 0.10 0.12 0.15 0.09 0.23 0.13 0.06 0.22 0.07 0.15 0.01 0.07 0.06 0.08 0.05 0.06 0.14 0.23 0.06 0.17 0.27 0.14 0.25 0.07 0.17 0.14 0.14 0.04 0.10 0.07 0.12 0.13 0.12 0.26 0.14 0.26 0.02 0.16 0.07 0.07 0.07 0.11 0.17 0.09 0.00 0.16 0.12 0.04 0.20 0.11 0.08 0.12 0.12 0.18 0.15 0.07 0.06 0.11 0.15 0.06 0.24
0.33 0.14 0.14 0.18 0.02 0.35 0.29 0.09 0.16 0.23 0.19 0.11 0.27 0.24 0.28 0.20 0.27 0.06 0.24 0.27 0.25 0.19 0.21 0.23 0.15 0.04 0.18 0.28 0.05 0.17 0.12 0.17 0.09 0.22 0.27 0.19 0.14 0.28 0.23 0.18 0.15 0.32 0.16 0.17 0.03 0.18 0.06 0.18 0.18 0.17 0.11 0.12 0.25 0.21 0.21 0.30 0.27 0.22 0.21 0.31 0.30 0.29 0.21 0.08 0.17 0.12 0.12 0.06 0.21 0.11 0.17 0.23 0.14 0.18 0.29 0.18 0.20 0.11 0.10 0.11 0.15 0.20 0.25 0.16 0.00 0.06 0.19 0.11 0.06 0.24 0.16 0.28 0.34 0.14 0.22 0.20 0.06 0.09 0.11 0.28
0.29 0.10 0.10 0.14 0.06 0.30 0.25 0.05 0.10 0.19 0.15 0.15 0.21 0.19 0.24 0.16 0.23 0.06 0.20 0.21 0.20 0.15 0.15 0.17 0.13 0.09 0.13 0.24 0.01 0.13 0.12 0.12 0.05 0.16 0.22 0.15 0.08 0.24 0.18 0.14 0.10 0.28 0.12 0.12 0.06 0.14 0.10 0.14 0.13 0.13 0.06 0.08 0.20 0.17 0.17 0.26 0.21 0.18 0.15 0.25 0.26 0.23 0.17 0.04 0.12 0.07 0.08 0.06 0.17 0.14 0.11 0.19 0.14 0.14 0.24 0.14 0.14 0.09 0.08 0.05 0.11 0.15 0.21 0.12 0.06 0.00 0.15 0.08 0.02 0.20 0.10 0.24 0.30 0.17 0.17 0.16 0.12 0.03 0.08 0.22
0.14 0.05 0.10 0.03 0.21 0.15 0.10 0.10 0.21 0.07 0.03 0.30 0.18 0.10 0.09 0.06 0.11 0.13 0.05 0.19 0.17 0.10 0.12 0.15 0.15 0.15 0.14 0.09 0.15 0.02 0.15 0.02 0.10 0.14 0.07 0.05 0.15 0.09 0.11 0.14 0.07 0.13 0.05 0.25 0.16 0.02 0.25 0.11 0.11 0.04 0.09 0.10 0.06 0.10 0.10 0.11 0.19 0.03 0.13 0.23 0.11 0.21 0.11 0.19 0.09 0.17 0.07 0.13 0.12 0.16 0.10 0.07 0.28 0.09 0.21 0.04 0.12 0.12 0.10 0.10 0.07 0.12 0.08 0.04 0.19 0.15 0.00 0.23 0.13 0.05 0.08 0.09 0.15 0.19 0.03 0.02 0.14 0.17 0.11 0.20
0.37 0.17 0.18 0.22 0.10 0.38 0.33 0.13 0.05 0.27 0.23 0.07 0.16 0.27 0.32 0.24 0.31 0.11 0.28 0.16 0.15 0.23 0.11 0.12 0.18 0.14 0.09 0.32 0.07 0.21 0.17 0.21 0.13 0.14 0.30 0.23 0.07 0.32 0.27 0.22 0.17 0.36 0.20 0.07 0.11 0.22 0.06 0.21 0.21 0.21 0.14 0.15 0.28 0.25 0.25 0.34 0.16 0.26 0.14 0.20 0.34 0.20 0.25 0.04 0.17 0.06 0.16 0.11 0.25 0.19 0.13 0.27 0.06 0.21 0.18 0.21 0.19 0.14 0.13 0.13 0.19 0.20 0.29 0.20 0.11 0.08 0.23 0.00 0.10 0.28 0.15 0.32 0.38 0.22 0.26 0.24 0.17 0.06 0.15 0.17
0.27 0.08 0.08 0.13 0.07 0.29 0.23 0.04 0.10 0.17 0.14 0.17 0.20 0.18 0.23 0.14 0.21 0.06 0.18 0.21 0.19 0.13 0.14 0.17 0.14 0.10 0.12 0.23 0.02 0.11 0.13 0.11 0.03 0.15 0.21 0.13 0.07 0.22 0.17 0.12 0.09 0.26 0.11 0.12 0.07 0.12 0.11 0.12 0.12 0.12 0.04 0.08 0.19 0.16 0.15 0.25 0.21 0.16 0.15 0.25 0.24 0.22 0.15 0.06 0.11 0.06 0.07 0.06 0.15 0.14 0.10 0.17 0.15 0.12 0.23 0.12 0.13 0.10 0.08 0.04 0.10 0.14 0.19 0.11 0.06 0.02 0.13 0.10 0.00 0.18 0.10 0.22 0.29 0.17 0.16 0.15 0.12 0.04 0.09 0.21
0.09 0.10 0.12 0.06 0.26 0.11 0.06 0.15 0.26 0.10 0.05 0.35 0.15 0.07 0.08 0.04 0.08 0.18 0.04 0.20 0.14 0.07 0.17 0.18 0.18 0.20 0.18 0.04 0.20 0.07 0.17 0.07 0.15 0.14 0.03 0.05 0.20 0.09 0.08 0.17 0.11 0.08 0.08 0.30 0.21 0.06 0.30 0.14 0.07 0.07 0.14 0.13 0.06 0.12 0.13 0.06 0.18 0.05 0.14 0.20 0.06 0.17 0.14 0.24 0.11 0.22 0.12 0.18 0.15 0.19 0.15 0.04 0.33 0.06 0.18 0.07 0.09 0.15 0.15 0.15 0.09 0.09 0.11 0.08 0.24 0.20 0.05 0.28 0.18 0.00 0.13 0.04 0.10 0.22 0.02 0.04 0.19 0.22 0.14 0.19
0.22 0.08 0.17 0.07 0.15 0.24 0.18 0.11 0.13 0.15 0.08 0.22 0.11 0.12 0.17 0.09 0.16 0.16 0.13 0.11 0.09 0.08 0.04 0.07 0.23 0.20 0.06 0.17 0.11 0.07 0.23 0.10 0.10 0.06 0.15 0.08 0.07 0.17 0.12 0.22 0.02 0.21 0.05 0.17 0.17 0.07 0.17 0.19 0.06 0.12 0.06 0.18 0.14 0.17 0.18 0.19 0.11 0.11 0.05 0.15 0.19 0.12 0.19 0.11 0.02 0.09 0.15 0.16 0.20 0.24 0.02 0.12 0.20 0.07 0.13 0.12 0.04 0.20 0.18 0.06 0.04 0.05 0.16 0.12 0.16 0.10 0.08 0.15 0.10 0.13 0.00 0.17 0.23 0.27 0.11 0.09 0.22 0.09 0.18 0.12
0.05 0.14 0.15 0.10 0.30 0.07 0.09 0.19 0.30 0.12 0.09 0.39 0.18 0.04 0.11 0.08 0.05 0.22 0.07 0.24 0.18 0.09 0.21 0.22 0.21 0.24 0.23 0.00 0.24 0.11 0.20 0.11 0.19 0.18 0.04 0.09 0.24 0.12 0.06 0.19 0.15 0.04 0.12 0.34 0.25 0.10 0.34 0.16 0.11 0.11 0.18 0.17 0.09 0.15 0.15 0.06 0.22 0.07 0.18 0.17 0.02 0.15 0.17 0.28 0.15 0.26 0.16 0.22 0.17 0.21 0.18 0.05 0.37 0.10 0.16 0.10 0.12 0.17 0.18 0.19 0.13 0.12 0.13 0.12 0.28 0.24 0.09 0.32 0.22 0.04 0.17 0.00 0.06 0.25 0.06 0.08 0.23 0.26 0.17 0.23
0.04 0.21 0.20 0.16 0.36 0.00 0.06 0.25 0.37 0.11 0.15 0.45 0.24 0.11 0.07 0.14 0.09 0.28 0.10 0.31 0.24 0.15 0.27 0.28 0.20 0.30 0.29 0.06 0.31 0.17 0.23 0.17 0.25 0.24 0.08 0.15 0.31 0.08 0.12 0.16 0.21 0.06 0.18 0.40 0.31 0.16 0.40 0.17 0.17 0.17 0.24 0.23 0.10 0.13 0.13 0.04 0.28 0.12 0.25 0.21 0.04 0.19 0.13 0.35 0.21 0.32 0.22 0.28 0.13 0.23 0.25 0.11 0.44 0.17 0.20 0.17 0.19 0.24 0.25 0.25 0.19 0.18 0.10 0.18 0.34 0.30 0.15 0.38 0.29 0.10 0.23 0.06 0.00 0.21 0.12 0.14 0.29 0.33 0.23 0.29
0.25 0.19 0.10 0.21 0.15 0.21 0.16 0.16 0.27 0.12 0.22 0.25 0.38 0.29 0.15 0.25 0.30 0.11 0.18 0.38 0.36 0.29 0.32 0.34 0.04 0.09 0.30 0.25 0.16 0.20 0.04 0.17 0.17 0.33 0.21 0.24 0.25 0.15 0.30 0.05 0.27 0.27 0.24 0.28 0.11 0.21 0.19 0.08 0.30 0.15 0.21 0.09 0.16 0.10 0.09 0.18 0.38 0.17 0.32 0.42 0.24 0.40 0.08 0.19 0.28 0.24 0.12 0.11 0.07 0.03 0.28 0.26 0.25 0.28 0.40 0.15 0.31 0.07 0.09 0.21 0.26 0.31 0.11 0.15 0.14 0.17 0.19 0.22 0.17 0.22 0.27 0.25 0.21 0.00 0.22 0.21 0.09 0.20 0.09 0.39
0.11 0.08 0.13 0.03 0.24 0.13 0.07 0.12 0.24 0.10 0.03 0.33 0.15 0.06 0.09 0.03 0.07 0.15 0.04 0.18 0.14 0.07 0.14 0.16 0.18 0.17 0.16 0.07 0.18 0.05 0.18 0.05 0.13 0.12 0.05 0.03 0.18 0.09 0.08 0.17 0.09 0.10 0.06 0.28 0.19 0.04 0.27 0.14 0.07 0.07 0.12 0.13 0.06 0.13 0.13 0.09 0.15 0.05 0.12 0.20 0.08 0.17 0.14 0.22 0.09 0.20 0.10 0.15 0.15 0.19 0.12 0.04 0.31 0.06 0.18 0.07 0.08 0.15 0.13 0.13 0.07 0.09 0.11 0.07 0.22 0.17 0.03 0.26 0.16 0.02 0.11 0.06 0.12 0.22 0.00 0.02 0.17 0.20 0.14 0.17
0.12 0.07 0.11 0.02 0.22 0.14 0.09 0.11 0.23 0.08 0.01 0.32 0.17 0.08 0.08 0.04 0.09 0.14 0.04 0.17 0.15 0.09 0.13 0.14 0.17 0.16 0.15 0.08 0.17 0.03 0.16 0.04 0.11 0.12 0.06 0.04 0.17 0.08 0.10 0.15 0.07 0.12 0.04 0.27 0.17 0.02 0.26 0.12 0.09 0.06 0.10 0.12 0.05 0.11 0.12 0.10 0.17 0.04 0.12 0.21 0.10 0.19 0.13 0.21 0.07 0.18 0.09 0.14 0.13 0.18 0.11 0.06 0.30 0.07 0.20 0.06 0.10 0.13 0.12 0.11 0.05 0.11 0.10 0.06 0.20 0.16 0.02 0.24 0.15 0.04 0.09 0.08 0.14 0.21 0.02 0.00 0.16 0.18 0.12 0.18
0.28 0.14 0.09 0.17 0.07 0.30 0.24 0.11 0.22 0.18 0.17 0.16 0.33 0.24 0.23 0.20 0.25 0.06 0.19 0.33 0.31 0.24 0.27 0.29 0.10 0.03 0.25 0.23 0.11 0.15 0.07 0.12 0.12 0.28 0.21 0.19 0.20 0.23 0.25 0.13 0.21 0.27 0.19 0.23 0.06 0.16 0.11 0.13 0.25 0.12 0.17 0.07 0.20 0.17 0.16 0.25 0.33 0.17 0.27 0.37 0.25 0.35 0.16 0.14 0.23 0.18 0.07 0.06 0.16 0.06 0.23 0.21 0.20 0.23 0.35 0.13 0.26 0.06 0.04 0.17 0.21 0.26 0.20 0.11 0.06 0.12 0.14 0.17 0.12 0.19 0.22 0.23 0.29 0.09 0.17 0.16 0.00 0.15 0.06 0.34
0.31 0.12 0.12 0.17 0.08 0.33 0.27 0.07 0.07 0.21 0.17 0.13 0.18 0.22 0.27 0.18 0.26 0.09 0.22 0.18 0.17 0.17 0.12 0.14 0.16 0.12 0.10 0.27 0.04 0.15 0.15 0.15 0.07 0.13 0.25 0.17 0.05 0.26 0.21 0.17 0.11 0.30 0.15 0.09 0.09 0.16 0.07 0.16 0.15 0.16 0.08 0.11 0.23 0.20 0.19 0.29 0.18 0.20 0.12 0.22 0.28 0.20 0.19 0.02 0.11 0.04 0.11 0.09 0.19 0.17 0.08 0.21 0.11 0.16 0.21 0.16 0.14 0.12 0.11 0.07 0.14 0.14 0.23 0.15 0.09 0.03 0.17 0.06 0.04 0.22 0.09 0.26 0.33 0.20 0.20 0.18 0.15 0.00 0.11 0.19
0.22 0.11 0.03 0.13 0.13 0.24 0.18 0.08 0.18 0.12 0.13 0.22 0.29 0.20 0.17 0.17 0.21 0.05 0.13 0.29 0.28 0.21 0.23 0.26 0.05 0.07 0.21 0.17 0.08 0.12 0.04 0.09 0.09 0.24 0.15 0.16 0.16 0.17 0.22 0.07 0.18 0.21 0.15 0.20 0.08 0.12 0.17 0.07 0.21 0.07 0.13 0.01 0.14 0.11 0.10 0.19 0.29 0.11 0.24 0.33 0.19 0.31 0.10 0.11 0.20 0.15 0.04 0.05 0.10 0.06 0.19 0.18 0.20 0.20 0.32 0.07 0.22 0.01 0.02 0.13 0.17 0.23 0.14 0.06 0.11 0.08 0.11 0.15 0.09 0.14 0.18 0.17 0.23 0.09 0.14 0.12 0.06 0.11 0.00 0.30
0.28 0.19 0.29 0.17 0.27 0.30 0.24 0.22 0.12 0.26 0.17 0.18 0.05 0.18 0.25 0.15 0.22 0.27 0.21 0.01 0.05 0.14 0.07 0.04 0.35 0.31 0.09 0.23 0.22 0.18 0.34 0.21 0.21 0.06 0.21 0.14 0.14 0.26 0.18 0.33 0.12 0.27 0.15 0.11 0.28 0.17 0.23 0.30 0.12 0.24 0.17 0.30 0.23 0.29 0.30 0.25 0.01 0.21 0.06 0.09 0.25 0.12 0.31 0.20 0.10 0.15 0.26 0.27 0.31 0.36 0.11 0.18 0.14 0.13 0.09 0.24 0.11 0.31 0.30 0.17 0.13 0.11 0.27 0.24 0.28 0.22 0.20 0.17 0.21 0.19 0.12 0.23 0.29 0.39 0.17 0.18 0.34 0.19 0.30 0.00
Team_tasks_times:
Team 0:
1: 4.00 4.00 0.50
2: 4.00 4.00 0.50
3: 1.00
4: 4.00 4.00 0.50
5: 1.00
6: 4.00 4.00 0.50
7: 1.50 1.00 1.00 2.00 1.00
8: 1.00
9: 1.50 1.00 1.00 2.00 1.00
10: 4.00 4.00 0.50
11: 1.50 1.00 1.00 2.00 1.00
12: 1.50 1.00 1.00 2.00 1.00
13: 1.50 1.00 1.00 2.00 1.00
14: 1.50 1.00 1.00 2.00 1.00
15: 1.00
16: 4.00 4.00 0.50
17: 4.00 4.00 0.50
18: 1.00
19: 4.00 4.00 0.50
20: 1.00
21: 1.50 1.00 1.00 2.00 1.00
22: 1.00
23: 4.00 4.00 0.50
24: 4.00 4.00 0.50
25: 1.50 1.00 1.00 2.00 1.00
26: 4.00 4.00 0.50
27: 1.50 1.00 1.00 2.00 1.00
28: 4.00 4.00 0.50
29: 4.00 4.00 0.50
30: 1.50 1.00 1.00 2.00 1.00
31: 1.00
32: 1.50 1.00 1.00 2.00 1.00
33: 1.50 1.00 1.00 2.00 1.00
34: 4.00 4.00 0.50
35: 4.00 4.00 0.50
36: 4.00 4.00 0.50
37: 4.00 4.00 0.50
38: 1.00
39: 4.00 4.00 0.50
40: 1.50 1.00 1.00 2.00 1.00
41: 1.50 1.00 1.00 2.00 1.00
42: 1.00
43: 1.00
44: 4.00 4.00 0.50
45: 1.50 1.00 1.00 2.00 1.00
46: 1.00
47: 4.00 4.00 0.50
48: 1.50 1.00 1.00 2.00 1.00
49: 1.00
50: 1.00
51: 1.50 1.00 1.00 2.00 1.00
52: 1.50 1.00 1.00 2.00 1.00
53: 4.00 4.00 0.50
54: 1.50 1.00 1.00 2.00 1.00
55: 4.00 4.00 0.50
56: 1.50 1.00 1.00 2.00 1.00
57: 4.00 4.00 0.50
58: 4.00 4.00 0.50
59: 1.00
60: 1.00
61: 1.00
62: 1.00
63: 1.00
64: 1.50 1.00 1.00 2.00 1.00
65: 4.00 4.00 0.50
66: 1.00
67: 4.00 4.00 0.50
68: 4.00 4.00 0.50
69: 1.00
70: 1.50 1.00 1.00 2.00 1.00
71: 1.00
72: 1.00
73: 1.00
74: 1.50 1.00 1.00 2.00 1.00
75: 1.50 1.00 1.00 2.00 1.00
76: 4.00 4.00 0.50
77: 1.50 1.00 1.00 2.00 1.00
78: 4.00 4.00 0.50
79: 1.50 1.00 1.00 2.00 1.00
80: 4.00 4.00 0.50
81: 1.00
82: 1.00
83: 1.00
84: 1.50 1.00 1.00 2.00 1.00
85: 1.50 1.00 1.00 2.00 1.00
86: 1.00
87: 4.00 4.00 0.50
88: 1.50 1.00 1.00 2.00 1.00
89: 4.00 4.00 0.50
90: 1.50 1.00 1.00 2.00 1.00
91: 1.00
92: 1.00
93: 4.00 4.00 0.50
94: 1.00
95: 1.50 1.00 1.00 2.00 1.00
96: 1.00
97: 4.00 4.00 0.50
98: 4.00 4.00 0.50
99: 1.00
Team 1:
1: 4.00 1.00 2.00
2: 4.00 1.00 2.00
3: 0.50
4: 4.00 1.00 2.00
5: 0.50
6: 4.00 1.00 2.00
7: 0.75 2.00 1.00 2.00 4.00
8: 0.50
9: 0.75 2.00 1.00 2.00 4.00
10: 4.00 1.00 2.00
11: 0.75 2.00 1.00 2.00 4.00
12: 0.75 2.00 1.00 2.00 4.00
13: 0.75 2.00 1.00 2.00 4.00
14: 0.75 2.00 1.00 2.00 4.00
15: 0.50
16: 4.00 1.00 2.00
17: 4.00 1.00 2.00
18: 0.50
19: 4.00 1.00 2.00
20: 0.50
21: 0.75 2.00 1.00 2.00 4.00
22: 0.50
23: 4.00 1.00 2.00
24: 4.00 1.00 2.00
25: 0.75 2.00 1.00 2.00 4.00
26: 4.00 1.00 2.00
27: 0.75 2.00 1.00 2.00 4.00
28: 4.00 1.00 2.00
29: 4.00 1.00 2.00
30: 0.75 2.00 1.00 2.00 4.00
31: 0.50
32: 0.75 2.00 1.00 2.00 4.00
33: 0.75 2.00 1.00 2.00 4.00
34: 4.00 1.00 2.00
35: 4.00 1.00 2.00
36: 4.00 1.00 2.00
37: 4.00 1.00 2.00
38: 0.50
39: 4.00 1.00 2.00
40: 0.75 2.00 1.00 2.00 4.00
41: 0.75 2.00 1.00 2.00 4.00
42: 0.50
43: 0.50
44: 4.00 1.00 2.00
45: 0.75 2.00 1.00 2.00 4.00
46: 0.50
47: 4.00 1.00 2.00
48: 0.75 2.00 1.00 2.00 4.00
49: 0.50
50: 0.50
51: 0.75 2.00 1.00 2.00 4.00
52: 0.75 2.00 1.00 2.00 4.00
53: 4.00 1.00 2.00
54: 0.75 2.00 1.00 2.00 4.00
55: 4.00 1.00 2.00
56: 0.75 2.00 1.00 2.00 4.00
57: 4.00 1.00 2.00
58: 4.00 1.00 2.00
59: 0.50
60: 0.50
61: 0.50
62: 0.50
63: 0.50
64: 0.75 2.00 1.00 2.00 4.00
65: 4.00 1.00 2.00
66: 0.50
67: 4.00 1.00 2.00
68: 4.00 1.00 2.00
69: 0.50
70: 0.75 2.00 1.00 2.00 4.00
71: 0.50
72: 0.50
73: 0.50
74: 0.75 2.00 1.00 2.00 4.00
75: 0.75 2.00 1.00 2.00 4.00
76: 4.00 1.00 2.00
77: 0.75 2.00 1.00 2.00 4.00
78: 4.00 1.00 2.00
79: 0.75 2.00 1.00 2.00 4.00
80: 4.00 1.00 2.00
81: 0.50
82: 0.50
83: 0.50
84: 0.75 2.00 1.00 2.00 4.00
85: 0.75 2.00 1.00 2.00 4.00
86: 0.50
87: 4.00 1.00 2.00
88: 0.75 2.00 1.00 2.00 4.00
89: 4.00 1.00 2.00
90: 0.75 2.00 1.00 2.00 4.00
91: 0.50
92: 0.50
93: 4.00 1.00 2.00
94: 0.50
95: 0.75 2.00 1.00 2.00 4.00
96: 0.50
97: 4.00 1.00 2.00
98: 4.00 1.00 2.00
99: 0.50
Team 2:
1: 4.00 2.00 2.00
2: 4.00 2.00 2.00
3: 0.25
4: 4.00 2.00 2.00
5: 0.25
6: 4.00 2.00 2.00
7: 3.00 1.00 2.00 2.00 2.00
8: 0.25
9: 3.00 1.00 2.00 2.00 2.00
10: 4.00 2.00 2.00
11: 3.00 1.00 2.00 2.00 2.00
12: 3.00 1.00 2.00 2.00 2.00
13: 3.00 1.00 2.00 2.00 2.00
14: 3.00 1.00 2.00 2.00 2.00
15: 0.25
16: 4.00 2.00 2.00
17: 4.00 2.00 2.00
18: 0.25
19: 4.00 2.00 2.00
20: 0.25
21: 3.00 1.00 2.00 2.00 2.00
22: 0.25
23: 4.00 2.00 2.00
24: 4.00 2.00 2.00
25: 3.00 1.00 2.00 2.00 2.00
26: 4.00 2.00 2.00
27: 3.00 1.00 2.00 2.00 2.00
28: 4.00 2.00 2.00
29: 4.00 2.00 2.00
30: 3.00 1.00 2.00 2.00 2.00
31: 0.25
32: 3.00 1.00 2.00 2.00 2.00
33: 3.00 1.00 2.00 2.00 2.00
34: 4.00 2.00 2.00
35: 4.00 2.00 2.00
36: 4.00 2.00 2.00
37: 4.00 2.00 2.00
38: 0.25
39: 4.00 2.00 2.00
40: 3.00 1.00 2.00 2.00 2.00
41: 3.00 1.00 2.00 2.00 2.00
42: 0.25
43: 0.25
44: 4.00 2.00 2.00
45: 3.00 1.00 2.00 2.00 2.00
46: 0.25
47: 4.00 2.00 2.00
48: 3.00 1.00 2.00 2.00 2.00
49: 0.25
50: 0.25
51: 3.00 1.00 2.00 2.00 2.00
52: 3.00 1.00 2.00 2.00 2.00
53: 4.00 2.00 2.00
54: 3.00 1.00 2.00 2.00 2.00
55: 4.00 2.00 2.00
56: 3.00 1.00 2.00 2.00 2.00
57: 4.00 2.00 2.00
58: 4.00 2.00 2.00
59: 0.25
60: 0.25
61: 0.25
62: 0.25
63: 0.25
64: 3.00 1.00 2.00 2.00 2.00
65: 4.00 2.00 2.00
66: 0.25
67: 4.00 2.00 2.00
68: 4.00 2.00 2.00
69: 0.25
70: 3.00 1.00 2.00 2.00 2.00
71: 0.25
72: 0.25
73: 0.25
74: 3.00 1.00 2.00 2.00 2.00
75: 3.00 1.00 2.00 2.00 2.00
76: 4.00 2.00 2.00
77: 3.00 1.00 2.00 2.00 2.00
78: 4.00 2.00 2.00
79: 3.00 1.00 2.00 2.00 2.00
80: 4.00 2.00 2.00
81: 0.25
82: 0.25
83: 0.25
84: 3.00 1.00 2.00 2.00 2.00
85: 3.00 1.00 2.00 2.00 2.00
86: 0.25
87: 4.00 2.00 2.00
88: 3.00 1.00 2.00 2.00 2.00
89: 4.00 2.00 2.00
90: 3.00 1.00 2.00 2.00 2.00
91: 0.25
92: 0.25
93: 4.00 2.00 2.00
94: 0.25
95: 3.00 1.00 2.00 2.00 2.00
96: 0.25
97: 4.00 2.00 2.00
98: 4.00 2.00 2.00
99: 0.25
