Number_of_customers: 100
Number_of_teams: 3
Number_of_services: 3
Customers_requested_services:
0 0 1 2 0 1 2 1 0 1 0 0 1 1 0 2 2 0 2 1 0 0 2 2 0 2 0 0 2 1 1 2 0 2 0 2 2 0 2 0 0 2 2 1 2 1 1 2 0 2 0 0 1 1 1 1 2 1 1 2 2 0 1 1 1 1 0 0 2 1 1 1 1 1 1 1 0 2 0 0 2 2 0 2 2 0 2 0 1 1 0 0 2 0 2 1 1 0 0
Daily_available_time: 8
Service 0:
Number_of_tasks: 1
Dependencies:
0: 
Service 1:
Number_of_tasks: 3
Dependencies:
0: 
1: 0
2: 0
Service 2:
Number_of_tasks: 5
Dependencies:
0: 
1: 
2: 
3: 0 1 2
4: 0 1 2
Travel_times:
0.00 0.27 0.20 0.06 0.07 0.19 0.30 0.26 0.09 0.10 0.18 0.06 0.03 0.17 0.24 0.22 0.19 0.24 0.11 0.09 0.21 0.16 0.17 0.10 0.25 0.21 0.03 0.07 0.32 0.21 0.07 0.17 0.12 0.26 0.33 0.11 0.12 0.11 0.18 0.06 0.16 0.29 0.11 0.11 0.10 0.15 0.11 0.15 0.14 0.07 0.15 0.17 0.17 0.26 0.10 0.19 0.18 0.21 0.12 0.17 0.04 0.23 0.19 0.24 0.07 0.23 0.12 0.15 0.19 0.21 0.07 0.22 0.13 0.26 0.24 0.07 0.06 0.25 0.19 0.15 0.28 0.08 0.07 0.29 0.13 0.26 0.20 0.17 0.07 0.08 0.18 0.27 0.19 0.05 0.23 0.22 0.11 0.09 0.15 0.21
0.27 0.00 0.07 0.33 0.30 0.08 0.26 0.18 0.18 0.37 0.09 0.25 0.26 0.09 0.03 0.29 0.26 0.10 0.16 0.21 0.06 0.24 0.10 0.17 0.04 0.30 0.30 0.29 0.24 0.13 0.24 0.24 0.16 0.04 0.25 0.16 0.39 0.23 0.09 0.33 0.35 0.26 0.15 0.34 0.17 0.18 0.16 0.29 0.13 0.20 0.12 0.10 0.10 0.30 0.17 0.15 0.23 0.06 0.17 0.21 0.30 0.07 0.30 0.27 0.20 0.04 0.14 0.29 0.31 0.06 0.20 0.17 0.24 0.02 0.20 0.25 0.21 0.18 0.29 0.11 0.20 0.18 0.20 0.28 0.40 0.02 0.26 0.44 0.20 0.35 0.09 0.06 0.08 0.23 0.15 0.14 0.22 0.17 0.18 0.18
0.20 0.07 0.00 0.26 0.23 0.03 0.27 0.23 0.11 0.30 0.02 0.18 0.19 0.10 0.07 0.22 0.19 0.15 0.10 0.15 0.01 0.17 0.03 0.10 0.09 0.23 0.23 0.23 0.29 0.18 0.17 0.17 0.10 0.09 0.30 0.11 0.32 0.16 0.05 0.26 0.28 0.26 0.09 0.27 0.10 0.12 0.09 0.23 0.08 0.13 0.06 0.04 0.12 0.23 0.10 0.16 0.16 0.10 0.10 0.14 0.23 0.12 0.23 0.21 0.13 0.07 0.07 0.23 0.24 0.10 0.13 0.19 0.17 0.07 0.21 0.18 0.14 0.21 0.22 0.04 0.25 0.12 0.13 0.26 0.33 0.06 0.20 0.37 0.13 0.28 0.10 0.12 0.06 0.16 0.20 0.19 0.15 0.11 0.12 0.17
0.06 0.33 0.26 0.00 0.06 0.25 0.29 0.26 0.15 0.07 0.24 0.07 0.07 0.23 0.30 0.21 0.18 0.30 0.16 0.11 0.27 0.15 0.23 0.16 0.31 0.21 0.03 0.06 0.31 0.21 0.08 0.17 0.16 0.32 0.32 0.16 0.07 0.12 0.24 0.05 0.15 0.28 0.17 0.10 0.15 0.15 0.17 0.15 0.20 0.13 0.20 0.22 0.22 0.25 0.15 0.18 0.17 0.27 0.16 0.16 0.04 0.29 0.18 0.23 0.12 0.29 0.18 0.14 0.18 0.27 0.13 0.21 0.12 0.32 0.23 0.07 0.12 0.24 0.18 0.21 0.27 0.14 0.12 0.28 0.07 0.31 0.19 0.12 0.13 0.02 0.24 0.33 0.25 0.10 0.22 0.21 0.11 0.15 0.15 0.20
0.07 0.30 0.23 0.06 0.00 0.22 0.23 0.20 0.12 0.07 0.21 0.05 0.10 0.21 0.27 0.15 0.12 0.27 0.14 0.16 0.24 0.10 0.20 0.13 0.29 0.15 0.07 0.01 0.25 0.17 0.06 0.11 0.14 0.30 0.26 0.14 0.09 0.17 0.21 0.03 0.09 0.22 0.15 0.04 0.13 0.12 0.14 0.09 0.17 0.11 0.18 0.20 0.20 0.19 0.13 0.15 0.12 0.25 0.13 0.10 0.03 0.26 0.12 0.17 0.10 0.26 0.16 0.08 0.12 0.25 0.12 0.15 0.07 0.29 0.17 0.05 0.10 0.18 0.12 0.19 0.21 0.13 0.10 0.22 0.10 0.29 0.13 0.14 0.11 0.06 0.21 0.30 0.22 0.12 0.16 0.19 0.08 0.12 0.12 0.14
0.19 0.08 0.03 0.25 0.22 0.00 0.30 0.26 0.10 0.29 0.02 0.17 0.18 0.13 0.11 0.22 0.19 0.18 0.09 0.14 0.04 0.16 0.05 0.09 0.12 0.22 0.22 0.21 0.32 0.21 0.17 0.17 0.12 0.12 0.33 0.09 0.31 0.15 0.08 0.25 0.27 0.29 0.08 0.26 0.09 0.15 0.10 0.21 0.11 0.12 0.04 0.03 0.15 0.26 0.09 0.19 0.18 0.13 0.12 0.17 0.22 0.15 0.22 0.24 0.12 0.10 0.09 0.21 0.23 0.13 0.12 0.22 0.16 0.10 0.24 0.17 0.13 0.25 0.21 0.07 0.28 0.11 0.12 0.29 0.32 0.07 0.20 0.36 0.12 0.27 0.13 0.15 0.09 0.15 0.23 0.22 0.14 0.10 0.15 0.21
0.30 0.26 0.27 0.29 0.23 0.30 0.00 0.13 0.21 0.22 0.28 0.24 0.33 0.17 0.24 0.07 0.10 0.24 0.24 0.39 0.25 0.13 0.25 0.29 0.25 0.08 0.30 0.23 0.07 0.14 0.23 0.12 0.17 0.26 0.09 0.37 0.24 0.40 0.22 0.24 0.14 0.01 0.26 0.19 0.31 0.14 0.20 0.14 0.18 0.29 0.26 0.28 0.16 0.04 0.30 0.11 0.11 0.21 0.17 0.12 0.25 0.22 0.10 0.06 0.25 0.22 0.21 0.15 0.11 0.21 0.35 0.09 0.16 0.26 0.06 0.22 0.24 0.08 0.10 0.22 0.10 0.36 0.26 0.02 0.25 0.25 0.10 0.17 0.33 0.28 0.18 0.27 0.20 0.35 0.12 0.15 0.19 0.24 0.15 0.09
0.26 0.18 0.23 0.26 0.20 0.26 0.13 0.00 0.18 0.23 0.25 0.21 0.30 0.13 0.16 0.15 0.12 0.11 0.21 0.35 0.22 0.11 0.21 0.25 0.15 0.17 0.26 0.20 0.06 0.05 0.20 0.10 0.14 0.15 0.07 0.34 0.26 0.37 0.18 0.21 0.21 0.12 0.23 0.20 0.28 0.11 0.17 0.16 0.15 0.26 0.23 0.24 0.12 0.16 0.27 0.07 0.10 0.14 0.14 0.09 0.22 0.11 0.17 0.14 0.21 0.17 0.17 0.16 0.17 0.14 0.31 0.04 0.13 0.16 0.07 0.19 0.21 0.05 0.15 0.19 0.03 0.33 0.23 0.14 0.26 0.20 0.13 0.30 0.30 0.25 0.14 0.14 0.17 0.32 0.03 0.04 0.15 0.21 0.12 0.06
0.09 0.18 0.11 0.15 0.12 0.10 0.21 0.18 0.00 0.19 0.09 0.07 0.11 0.09 0.15 0.14 0.11 0.15 0.03 0.17 0.12 0.08 0.08 0.07 0.16 0.13 0.12 0.12 0.24 0.13 0.07 0.09 0.04 0.17 0.25 0.15 0.21 0.19 0.09 0.15 0.17 0.21 0.04 0.16 0.10 0.07 0.02 0.12 0.05 0.07 0.06 0.07 0.07 0.18 0.09 0.11 0.10 0.12 0.04 0.09 0.12 0.14 0.12 0.16 0.03 0.14 0.04 0.12 0.13 0.12 0.13 0.14 0.06 0.17 0.16 0.07 0.03 0.17 0.11 0.07 0.20 0.14 0.04 0.21 0.22 0.17 0.12 0.26 0.12 0.17 0.09 0.18 0.10 0.13 0.15 0.14 0.04 0.02 0.07 0.12
0.10 0.37 0.30 0.07 0.07 0.29 0.22 0.23 0.19 0.00 0.28 0.12 0.11 0.27 0.34 0.15 0.12 0.34 0.20 0.17 0.31 0.12 0.27 0.20 0.35 0.14 0.08 0.07 0.24 0.24 0.12 0.13 0.20 0.36 0.25 0.20 0.03 0.18 0.28 0.04 0.08 0.21 0.21 0.03 0.20 0.18 0.21 0.08 0.24 0.17 0.24 0.26 0.26 0.18 0.20 0.21 0.14 0.31 0.20 0.16 0.07 0.33 0.12 0.16 0.17 0.33 0.22 0.07 0.11 0.31 0.17 0.19 0.12 0.36 0.16 0.11 0.16 0.18 0.12 0.25 0.21 0.18 0.17 0.21 0.03 0.35 0.12 0.07 0.17 0.07 0.28 0.37 0.29 0.14 0.22 0.25 0.15 0.19 0.19 0.19
0.18 0.09 0.02 0.24 0.21 0.02 0.28 0.25 0.09 0.28 0.00 0.17 0.17 0.11 0.09 0.21 0.17 0.16 0.08 0.13 0.03 0.15 0.03 0.08 0.10 0.21 0.21 0.21 0.30 0.20 0.16 0.15 0.11 0.10 0.31 0.09 0.31 0.15 0.06 0.24 0.26 0.27 0.07 0.25 0.09 0.14 0.08 0.21 0.10 0.11 0.04 0.02 0.13 0.24 0.09 0.17 0.17 0.11 0.11 0.15 0.21 0.14 0.21 0.22 0.12 0.08 0.07 0.21 0.22 0.11 0.11 0.21 0.15 0.08 0.22 0.17 0.12 0.23 0.21 0.06 0.26 0.10 0.12 0.27 0.31 0.07 0.18 0.35 0.11 0.26 0.11 0.13 0.07 0.14 0.21 0.20 0.14 0.09 0.13 0.19
0.06 0.25 0.18 0.07 0.05 0.17 0.24 0.21 0.07 0.12 0.17 0.00 0.09 0.16 0.22 0.17 0.14 0.22 0.09 0.15 0.19 0.11 0.15 0.08 0.24 0.15 0.06 0.04 0.26 0.15 0.01 0.12 0.09 0.25 0.27 0.13 0.14 0.17 0.17 0.08 0.10 0.23 0.10 0.09 0.08 0.10 0.09 0.10 0.12 0.06 0.13 0.15 0.15 0.20 0.08 0.13 0.12 0.20 0.08 0.11 0.05 0.21 0.14 0.18 0.05 0.21 0.11 0.09 0.13 0.20 0.11 0.17 0.07 0.24 0.18 0.02 0.04 0.19 0.14 0.14 0.22 0.12 0.05 0.23 0.15 0.24 0.14 0.18 0.10 0.10 0.17 0.25 0.17 0.11 0.17 0.16 0.05 0.07 0.09 0.15
0.03 0.26 0.19 0.07 0.10 0.18 0.33 0.30 0.11 0.11 0.17 0.09 0.00 0.17 0.23 0.26 0.23 0.23 0.10 0.06 0.20 0.20 0.16 0.09 0.25 0.25 0.04 0.10 0.35 0.25 0.10 0.21 0.16 0.26 0.36 0.10 0.13 0.07 0.17 0.09 0.19 0.32 0.11 0.14 0.09 0.19 0.13 0.19 0.15 0.07 0.14 0.16 0.18 0.29 0.09 0.22 0.21 0.21 0.16 0.20 0.07 0.22 0.23 0.27 0.08 0.22 0.12 0.18 0.22 0.21 0.06 0.26 0.17 0.25 0.27 0.11 0.09 0.28 0.23 0.15 0.31 0.07 0.07 0.32 0.14 0.25 0.23 0.17 0.07 0.09 0.17 0.26 0.18 0.04 0.26 0.25 0.14 0.09 0.18 0.24
0.17 0.09 0.10 0.23 0.21 0.13 0.17 0.13 0.09 0.27 0.11 0.16 0.17 0.00 0.07 0.19 0.16 0.07 0.07 0.22 0.09 0.15 0.08 0.12 0.08 0.21 0.21 0.20 0.19 0.08 0.15 0.14 0.07 0.09 0.20 0.21 0.30 0.24 0.05 0.24 0.26 0.17 0.09 0.24 0.15 0.09 0.07 0.20 0.04 0.12 0.10 0.11 0.02 0.20 0.14 0.06 0.14 0.04 0.07 0.12 0.21 0.05 0.21 0.18 0.11 0.05 0.05 0.20 0.21 0.04 0.18 0.09 0.15 0.09 0.11 0.16 0.11 0.12 0.20 0.06 0.15 0.19 0.11 0.18 0.31 0.08 0.17 0.34 0.17 0.25 0.01 0.10 0.04 0.18 0.10 0.09 0.13 0.08 0.09 0.09
0.24 0.03 0.07 0.30 0.27 0.11 0.24 0.16 0.15 0.34 0.09 0.22 0.23 0.07 0.00 0.26 0.23 0.07 0.14 0.20 0.06 0.21 0.07 0.14 0.01 0.27 0.27 0.27 0.21 0.11 0.21 0.21 0.14 0.02 0.23 0.18 0.36 0.21 0.06 0.30 0.32 0.23 0.13 0.31 0.14 0.15 0.13 0.27 0.10 0.17 0.10 0.09 0.07 0.27 0.14 0.12 0.20 0.03 0.14 0.18 0.27 0.05 0.27 0.25 0.17 0.01 0.12 0.27 0.28 0.03 0.17 0.15 0.21 0.02 0.17 0.23 0.18 0.15 0.26 0.09 0.17 0.17 0.17 0.25 0.37 0.04 0.24 0.41 0.17 0.32 0.06 0.04 0.05 0.20 0.12 0.12 0.19 0.15 0.15 0.15
0.22 0.29 0.22 0.21 0.15 0.22 0.07 0.15 0.14 0.15 0.21 0.17 0.26 0.19 0.26 0.00 0.03 0.26 0.17 0.31 0.23 0.06 0.19 0.21 0.27 0.02 0.22 0.16 0.10 0.16 0.16 0.05 0.12 0.28 0.11 0.30 0.17 0.33 0.20 0.17 0.06 0.06 0.18 0.12 0.24 0.10 0.12 0.07 0.15 0.21 0.19 0.20 0.18 0.04 0.23 0.14 0.06 0.23 0.12 0.08 0.18 0.25 0.03 0.02 0.17 0.25 0.14 0.07 0.03 0.23 0.27 0.11 0.09 0.28 0.08 0.15 0.17 0.10 0.03 0.17 0.12 0.29 0.18 0.06 0.17 0.27 0.02 0.15 0.26 0.21 0.20 0.29 0.21 0.28 0.14 0.17 0.12 0.17 0.11 0.11
0.19 0.26 0.19 0.18 0.12 0.19 0.10 0.12 0.11 0.12 0.17 0.14 0.23 0.16 0.23 0.03 0.00 0.23 0.14 0.28 0.20 0.03 0.16 0.18 0.24 0.04 0.19 0.13 0.13 0.13 0.13 0.02 0.09 0.25 0.14 0.27 0.14 0.30 0.17 0.14 0.09 0.09 0.15 0.09 0.21 0.07 0.10 0.04 0.12 0.18 0.16 0.17 0.15 0.07 0.20 0.11 0.03 0.20 0.09 0.05 0.15 0.21 0.04 0.05 0.15 0.21 0.11 0.04 0.05 0.20 0.24 0.08 0.06 0.25 0.05 0.12 0.14 0.07 0.04 0.14 0.10 0.26 0.15 0.09 0.14 0.24 0.01 0.18 0.23 0.18 0.17 0.26 0.17 0.25 0.11 0.14 0.09 0.14 0.08 0.08
0.24 0.10 0.15 0.30 0.27 0.18 0.24 0.11 0.15 0.34 0.16 0.22 0.23 0.07 0.07 0.26 0.23 0.00 0.14 0.27 0.14 0.21 0.13 0.17 0.06 0.27 0.27 0.27 0.17 0.10 0.21 0.21 0.14 0.06 0.15 0.26 0.36 0.29 0.10 0.30 0.32 0.23 0.14 0.31 0.20 0.15 0.13 0.27 0.10 0.17 0.15 0.16 0.07 0.27 0.19 0.12 0.20 0.05 0.14 0.18 0.27 0.03 0.27 0.25 0.17 0.08 0.12 0.27 0.28 0.05 0.23 0.15 0.21 0.08 0.17 0.23 0.18 0.15 0.26 0.11 0.13 0.24 0.17 0.25 0.37 0.12 0.24 0.41 0.22 0.32 0.06 0.04 0.09 0.23 0.12 0.09 0.19 0.15 0.15 0.15
0.11 0.16 0.10 0.16 0.14 0.09 0.24 0.21 0.03 0.20 0.08 0.09 0.10 0.07 0.14 0.17 0.14 0.14 0.00 0.15 0.10 0.11 0.07 0.04 0.15 0.16 0.14 0.13 0.27 0.16 0.08 0.12 0.07 0.16 0.28 0.13 0.23 0.16 0.08 0.17 0.18 0.23 0.02 0.17 0.07 0.10 0.04 0.13 0.06 0.05 0.04 0.06 0.09 0.20 0.06 0.13 0.13 0.11 0.07 0.12 0.14 0.12 0.14 0.18 0.04 0.12 0.04 0.13 0.15 0.11 0.11 0.17 0.08 0.15 0.18 0.09 0.04 0.19 0.14 0.05 0.22 0.12 0.04 0.23 0.24 0.15 0.15 0.27 0.09 0.18 0.08 0.17 0.08 0.11 0.17 0.17 0.06 0.01 0.09 0.15
0.09 0.21 0.15 0.11 0.16 0.14 0.39 0.35 0.17 0.17 0.13 0.15 0.06 0.22 0.20 0.31 0.28 0.27 0.15 0.00 0.15 0.25 0.14 0.10 0.21 0.30 0.09 0.15 0.41 0.30 0.15 0.26 0.21 0.21 0.42 0.05 0.18 0.02 0.17 0.15 0.25 0.38 0.13 0.20 0.07 0.25 0.19 0.25 0.20 0.10 0.12 0.11 0.24 0.35 0.08 0.28 0.27 0.22 0.21 0.26 0.13 0.24 0.28 0.33 0.14 0.19 0.18 0.24 0.28 0.22 0.04 0.31 0.22 0.21 0.33 0.17 0.15 0.34 0.28 0.17 0.37 0.03 0.13 0.38 0.18 0.20 0.29 0.22 0.05 0.13 0.22 0.24 0.18 0.04 0.32 0.31 0.20 0.15 0.24 0.30
0.21 0.06 0.01 0.27 0.24 0.04 0.25 0.22 0.12 0.31 0.03 0.19 0.20 0.09 0.06 0.23 0.20 0.14 0.10 0.15 0.00 0.18 0.04 0.11 0.07 0.24 0.24 0.23 0.28 0.17 0.18 0.17 0.10 0.07 0.29 0.12 0.33 0.17 0.04 0.27 0.29 0.24 0.10 0.28 0.11 0.12 0.10 0.23 0.07 0.14 0.06 0.04 0.10 0.24 0.11 0.15 0.17 0.09 0.11 0.15 0.24 0.11 0.24 0.21 0.14 0.06 0.08 0.23 0.25 0.09 0.14 0.18 0.18 0.06 0.20 0.19 0.15 0.20 0.23 0.05 0.24 0.12 0.14 0.24 0.34 0.05 0.20 0.38 0.14 0.29 0.09 0.10 0.05 0.17 0.19 0.18 0.16 0.12 0.12 0.16
0.16 0.24 0.17 0.15 0.10 0.16 0.13 0.11 0.08 0.12 0.15 0.11 0.20 0.15 0.21 0.06 0.03 0.21 0.11 0.25 0.18 0.00 0.14 0.15 0.23 0.06 0.16 0.10 0.16 0.12 0.10 0.01 0.08 0.24 0.17 0.24 0.15 0.27 0.15 0.11 0.11 0.12 0.12 0.10 0.18 0.06 0.08 0.05 0.11 0.15 0.13 0.14 0.14 0.10 0.17 0.09 0.02 0.18 0.07 0.03 0.12 0.20 0.06 0.08 0.12 0.20 0.10 0.05 0.07 0.18 0.21 0.07 0.03 0.23 0.08 0.09 0.11 0.08 0.05 0.13 0.12 0.23 0.12 0.12 0.16 0.23 0.04 0.20 0.20 0.15 0.15 0.24 0.16 0.21 0.10 0.13 0.06 0.11 0.06 0.06
0.17 0.10 0.03 0.23 0.20 0.05 0.25 0.21 0.08 0.27 0.03 0.15 0.16 0.08 0.07 0.19 0.16 0.13 0.07 0.14 0.04 0.14 0.00 0.07 0.08 0.20 0.20 0.20 0.27 0.16 0.15 0.14 0.07 0.09 0.28 0.12 0.29 0.16 0.03 0.23 0.25 0.24 0.06 0.24 0.07 0.11 0.06 0.20 0.06 0.10 0.03 0.03 0.10 0.21 0.07 0.14 0.13 0.08 0.07 0.12 0.20 0.10 0.20 0.19 0.10 0.06 0.04 0.20 0.21 0.08 0.10 0.17 0.14 0.09 0.19 0.15 0.11 0.20 0.19 0.03 0.23 0.11 0.10 0.24 0.30 0.09 0.17 0.34 0.10 0.25 0.08 0.10 0.04 0.13 0.18 0.17 0.12 0.08 0.10 0.15
0.10 0.17 0.10 0.16 0.13 0.09 0.29 0.25 0.07 0.20 0.08 0.08 0.09 0.12 0.14 0.21 0.18 0.17 0.04 0.10 0.11 0.15 0.07 0.00 0.15 0.20 0.13 0.12 0.31 0.20 0.07 0.16 0.12 0.16 0.32 0.09 0.22 0.12 0.08 0.16 0.18 0.28 0.03 0.17 0.03 0.15 0.09 0.15 0.10 0.03 0.04 0.07 0.14 0.25 0.02 0.18 0.17 0.12 0.12 0.16 0.13 0.14 0.18 0.23 0.04 0.13 0.08 0.14 0.18 0.12 0.06 0.21 0.12 0.16 0.23 0.09 0.05 0.24 0.18 0.07 0.27 0.07 0.03 0.28 0.23 0.15 0.19 0.27 0.05 0.18 0.12 0.17 0.09 0.06 0.22 0.21 0.10 0.05 0.14 0.20
0.25 0.04 0.09 0.31 0.29 0.12 0.25 0.15 0.16 0.35 0.10 0.24 0.25 0.08 0.01 0.27 0.24 0.06 0.15 0.21 0.07 0.23 0.08 0.15 0.00 0.29 0.28 0.28 0.20 0.11 0.23 0.22 0.15 0.01 0.21 0.19 0.38 0.23 0.07 0.31 0.33 0.24 0.14 0.32 0.15 0.17 0.15 0.28 0.12 0.18 0.11 0.10 0.09 0.28 0.15 0.14 0.21 0.04 0.15 0.19 0.29 0.04 0.29 0.26 0.18 0.03 0.13 0.28 0.29 0.04 0.18 0.16 0.23 0.02 0.19 0.24 0.19 0.17 0.28 0.10 0.16 0.18 0.18 0.26 0.38 0.06 0.25 0.42 0.18 0.33 0.07 0.03 0.07 0.21 0.13 0.10 0.21 0.16 0.16 0.16
0.21 0.30 0.23 0.21 0.15 0.22 0.08 0.17 0.13 0.14 0.21 0.15 0.25 0.21 0.27 0.02 0.04 0.27 0.16 0.30 0.24 0.06 0.20 0.20 0.29 0.00 0.21 0.15 0.11 0.17 0.15 0.07 0.14 0.30 0.12 0.29 0.16 0.32 0.21 0.16 0.05 0.07 0.17 0.11 0.23 0.12 0.14 0.06 0.17 0.21 0.18 0.20 0.20 0.04 0.22 0.15 0.07 0.25 0.13 0.09 0.17 0.26 0.02 0.03 0.17 0.26 0.16 0.06 0.02 0.25 0.26 0.12 0.08 0.29 0.10 0.14 0.15 0.12 0.02 0.19 0.14 0.28 0.17 0.07 0.16 0.29 0.04 0.14 0.25 0.20 0.21 0.30 0.22 0.27 0.16 0.19 0.11 0.15 0.12 0.12
0.03 0.30 0.23 0.03 0.07 0.22 0.30 0.26 0.12 0.08 0.21 0.06 0.04 0.21 0.27 0.22 0.19 0.27 0.14 0.09 0.24 0.16 0.20 0.13 0.28 0.21 0.00 0.07 0.32 0.21 0.07 0.17 0.14 0.29 0.33 0.14 0.09 0.11 0.21 0.06 0.16 0.29 0.14 0.11 0.13 0.15 0.14 0.15 0.17 0.10 0.17 0.20 0.20 0.26 0.13 0.19 0.18 0.24 0.13 0.17 0.04 0.26 0.19 0.24 0.10 0.26 0.15 0.15 0.19 0.24 0.10 0.22 0.13 0.29 0.24 0.07 0.09 0.25 0.19 0.18 0.28 0.11 0.10 0.29 0.10 0.29 0.20 0.14 0.10 0.05 0.21 0.30 0.22 0.07 0.23 0.22 0.11 0.12 0.15 0.21
0.07 0.29 0.23 0.06 0.01 0.21 0.23 0.20 0.12 0.07 0.21 0.04 0.10 0.20 0.27 0.16 0.13 0.27 0.13 0.15 0.23 0.10 0.20 0.12 0.28 0.15 0.07 0.00 0.26 0.17 0.05 0.11 0.13 0.29 0.27 0.14 0.10 0.17 0.21 0.04 0.10 0.22 0.14 0.04 0.12 0.11 0.13 0.09 0.16 0.10 0.17 0.19 0.19 0.19 0.12 0.14 0.12 0.24 0.12 0.11 0.02 0.25 0.13 0.17 0.09 0.25 0.15 0.09 0.12 0.24 0.12 0.16 0.07 0.29 0.17 0.04 0.09 0.18 0.13 0.18 0.21 0.13 0.09 0.22 0.11 0.28 0.14 0.14 0.10 0.05 0.21 0.30 0.21 0.12 0.17 0.18 0.07 0.12 0.12 0.14
0.32 0.24 0.29 0.31 0.25 0.32 0.07 0.06 0.24 0.24 0.30 0.26 0.35 0.19 0.21 0.10 0.13 0.17 0.27 0.41 0.28 0.16 0.27 0.31 0.20 0.11 0.32 0.26 0.00 0.11 0.26 0.15 0.20 0.20 0.02 0.40 0.27 0.43 0.24 0.27 0.16 0.07 0.28 0.21 0.34 0.17 0.22 0.17 0.21 0.31 0.29 0.30 0.17 0.10 0.33 0.13 0.14 0.19 0.20 0.15 0.28 0.17 0.13 0.08 0.27 0.22 0.23 0.17 0.13 0.19 0.37 0.10 0.19 0.22 0.08 0.25 0.26 0.07 0.13 0.25 0.04 0.38 0.28 0.09 0.27 0.26 0.12 0.24 0.36 0.31 0.19 0.20 0.23 0.37 0.09 0.10 0.21 0.26 0.17 0.12
0.21 0.13 0.18 0.21 0.17 0.21 0.14 0.05 0.13 0.24 0.20 0.15 0.25 0.08 0.11 0.16 0.13 0.10 0.16 0.30 0.17 0.12 0.16 0.20 0.11 0.17 0.21 0.17 0.11 0.00 0.15 0.11 0.09 0.12 0.12 0.29 0.27 0.32 0.14 0.20 0.22 0.13 0.17 0.21 0.23 0.06 0.12 0.17 0.10 0.21 0.18 0.19 0.07 0.17 0.22 0.03 0.11 0.09 0.09 0.08 0.17 0.09 0.17 0.15 0.17 0.12 0.12 0.17 0.18 0.09 0.26 0.05 0.12 0.12 0.08 0.14 0.15 0.06 0.17 0.14 0.07 0.28 0.17 0.15 0.27 0.15 0.14 0.31 0.25 0.22 0.09 0.13 0.12 0.27 0.02 0.01 0.11 0.15 0.07 0.05
0.07 0.24 0.17 0.08 0.06 0.17 0.23 0.20 0.07 0.12 0.16 0.01 0.10 0.15 0.21 0.16 0.13 0.21 0.08 0.15 0.18 0.10 0.15 0.07 0.23 0.15 0.07 0.05 0.26 0.15 0.00 0.11 0.08 0.24 0.27 0.14 0.15 0.17 0.16 0.09 0.11 0.22 0.09 0.09 0.08 0.09 0.08 0.09 0.11 0.06 0.12 0.14 0.14 0.19 0.07 0.12 0.12 0.19 0.07 0.11 0.06 0.20 0.13 0.17 0.04 0.20 0.10 0.09 0.12 0.19 0.12 0.16 0.07 0.24 0.17 0.01 0.04 0.18 0.13 0.13 0.21 0.13 0.04 0.22 0.15 0.23 0.14 0.19 0.10 0.10 0.16 0.25 0.16 0.12 0.17 0.15 0.04 0.07 0.08 0.14
0.17 0.24 0.17 0.17 0.11 0.17 0.12 0.10 0.09 0.13 0.15 0.12 0.21 0.14 0.21 0.05 0.02 0.21 0.12 0.26 0.17 0.01 0.14 0.16 0.22 0.07 0.17 0.11 0.15 0.11 0.11 0.00 0.07 0.23 0.16 0.25 0.15 0.28 0.15 0.12 0.11 0.11 0.14 0.10 0.19 0.05 0.07 0.06 0.11 0.17 0.14 0.15 0.13 0.09 0.18 0.09 0.01 0.18 0.07 0.03 0.13 0.20 0.07 0.07 0.12 0.20 0.09 0.06 0.07 0.18 0.22 0.06 0.04 0.23 0.07 0.10 0.12 0.07 0.06 0.12 0.11 0.24 0.14 0.11 0.16 0.22 0.03 0.20 0.21 0.16 0.15 0.24 0.15 0.23 0.09 0.12 0.07 0.12 0.06 0.06
0.12 0.16 0.10 0.16 0.14 0.12 0.17 0.14 0.04 0.20 0.11 0.09 0.16 0.07 0.14 0.12 0.09 0.14 0.07 0.21 0.10 0.08 0.07 0.12 0.15 0.14 0.14 0.13 0.20 0.09 0.08 0.07 0.00 0.16 0.21 0.20 0.23 0.23 0.08 0.17 0.18 0.16 0.09 0.17 0.14 0.03 0.03 0.13 0.03 0.12 0.09 0.11 0.06 0.13 0.13 0.06 0.07 0.11 0.01 0.04 0.14 0.12 0.14 0.12 0.08 0.12 0.04 0.13 0.15 0.11 0.17 0.10 0.08 0.15 0.12 0.09 0.07 0.12 0.13 0.05 0.15 0.19 0.09 0.16 0.24 0.15 0.10 0.27 0.16 0.18 0.08 0.17 0.08 0.18 0.11 0.10 0.06 0.07 0.02 0.08
0.26 0.04 0.09 0.32 0.30 0.12 0.26 0.15 0.17 0.36 0.10 0.25 0.26 0.09 0.02 0.28 0.25 0.06 0.16 0.21 0.07 0.24 0.09 0.16 0.01 0.30 0.29 0.29 0.20 0.12 0.24 0.23 0.16 0.00 0.21 0.19 0.39 0.23 0.08 0.32 0.34 0.25 0.15 0.33 0.17 0.18 0.15 0.29 0.12 0.19 0.12 0.10 0.10 0.29 0.17 0.15 0.23 0.05 0.16 0.20 0.30 0.04 0.30 0.27 0.20 0.04 0.14 0.29 0.30 0.05 0.19 0.17 0.24 0.02 0.20 0.25 0.20 0.18 0.29 0.11 0.16 0.18 0.20 0.27 0.39 0.06 0.26 0.43 0.19 0.34 0.08 0.03 0.07 0.22 0.14 0.11 0.21 0.17 0.17 0.17
0.33 0.25 0.30 0.32 0.26 0.33 0.09 0.07 0.25 0.25 0.31 0.27 0.36 0.20 0.23 0.11 0.14 0.15 0.28 0.42 0.29 0.17 0.28 0.32 0.21 0.12 0.33 0.27 0.02 0.12 0.27 0.16 0.21 0.21 0.00 0.40 0.28 0.44 0.25 0.28 0.17 0.08 0.29 0.22 0.35 0.17 0.23 0.17 0.22 0.32 0.30 0.31 0.18 0.12 0.34 0.14 0.15 0.20 0.21 0.16 0.29 0.18 0.14 0.10 0.28 0.23 0.24 0.18 0.14 0.20 0.38 0.11 0.20 0.23 0.09 0.26 0.27 0.09 0.14 0.26 0.05 0.39 0.29 0.10 0.28 0.27 0.13 0.26 0.37 0.32 0.20 0.18 0.24 0.38 0.10 0.11 0.22 0.27 0.18 0.12
0.11 0.16 0.11 0.16 0.14 0.09 0.37 0.34 0.15 0.20 0.09 0.13 0.10 0.21 0.18 0.30 0.27 0.26 0.13 0.05 0.12 0.24 0.12 0.09 0.19 0.29 0.14 0.14 0.40 0.29 0.14 0.25 0.20 0.19 0.40 0.00 0.23 0.07 0.15 0.17 0.24 0.36 0.11 0.18 0.06 0.23 0.17 0.23 0.19 0.08 0.11 0.10 0.22 0.33 0.07 0.26 0.26 0.20 0.20 0.25 0.14 0.23 0.27 0.32 0.12 0.17 0.17 0.23 0.27 0.20 0.04 0.30 0.21 0.17 0.32 0.15 0.13 0.32 0.27 0.15 0.35 0.02 0.11 0.36 0.24 0.15 0.28 0.27 0.04 0.18 0.20 0.22 0.17 0.06 0.31 0.30 0.18 0.13 0.22 0.28
0.12 0.39 0.32 0.07 0.09 0.31 0.24 0.26 0.21 0.03 0.31 0.14 0.13 0.30 0.36 0.17 0.14 0.36 0.23 0.18 0.33 0.15 0.29 0.22 0.38 0.16 0.09 0.10 0.27 0.27 0.15 0.15 0.23 0.39 0.28 0.23 0.00 0.16 0.31 0.06 0.11 0.23 0.24 0.06 0.22 0.21 0.23 0.10 0.26 0.20 0.27 0.29 0.29 0.21 0.22 0.24 0.16 0.34 0.22 0.18 0.09 0.35 0.14 0.19 0.19 0.35 0.25 0.10 0.14 0.34 0.19 0.21 0.15 0.38 0.19 0.14 0.18 0.21 0.14 0.28 0.23 0.21 0.19 0.23 0.01 0.38 0.15 0.07 0.20 0.04 0.31 0.39 0.31 0.17 0.25 0.28 0.17 0.21 0.21 0.21
0.11 0.23 0.16 0.12 0.17 0.15 0.40 0.37 0.19 0.18 0.15 0.17 0.07 0.24 0.21 0.33 0.30 0.29 0.16 0.02 0.17 0.27 0.16 0.12 0.23 0.32 0.11 0.17 0.43 0.32 0.17 0.28 0.23 0.23 0.44 0.07 0.16 0.00 0.18 0.16 0.27 0.39 0.15 0.21 0.09 0.26 0.21 0.26 0.22 0.12 0.14 0.13 0.25 0.37 0.10 0.30 0.29 0.24 0.23 0.28 0.15 0.26 0.30 0.35 0.15 0.21 0.20 0.26 0.30 0.24 0.06 0.33 0.24 0.22 0.35 0.18 0.17 0.35 0.30 0.18 0.39 0.04 0.15 0.39 0.17 0.22 0.31 0.23 0.07 0.12 0.24 0.25 0.20 0.06 0.34 0.33 0.21 0.17 0.25 0.31
0.18 0.09 0.05 0.24 0.21 0.08 0.22 0.18 0.09 0.28 0.06 0.17 0.17 0.05 0.06 0.20 0.17 0.10 0.08 0.17 0.04 0.15 0.03 0.08 0.07 0.21 0.21 0.21 0.24 0.14 0.16 0.15 0.08 0.08 0.25 0.15 0.31 0.18 0.00 0.24 0.26 0.21 0.07 0.25 0.10 0.10 0.07 0.21 0.04 0.11 0.04 0.06 0.07 0.21 0.09 0.11 0.15 0.05 0.08 0.12 0.21 0.07 0.21 0.19 0.12 0.04 0.06 0.21 0.22 0.05 0.13 0.15 0.15 0.08 0.16 0.17 0.12 0.17 0.21 0.03 0.20 0.14 0.12 0.21 0.31 0.07 0.18 0.35 0.12 0.26 0.05 0.09 0.02 0.14 0.15 0.14 0.14 0.09 0.09 0.13
0.06 0.33 0.26 0.05 0.03 0.25 0.24 0.21 0.15 0.04 0.24 0.08 0.09 0.24 0.30 0.17 0.14 0.30 0.17 0.15 0.27 0.11 0.23 0.16 0.31 0.16 0.06 0.04 0.27 0.20 0.09 0.12 0.17 0.32 0.28 0.17 0.06 0.16 0.24 0.00 0.11 0.23 0.17 0.05 0.16 0.15 0.17 0.10 0.20 0.13 0.21 0.23 0.23 0.20 0.16 0.18 0.13 0.27 0.16 0.12 0.03 0.29 0.14 0.18 0.13 0.29 0.18 0.10 0.14 0.27 0.13 0.17 0.09 0.32 0.18 0.07 0.12 0.19 0.14 0.21 0.22 0.14 0.13 0.23 0.07 0.32 0.15 0.11 0.13 0.04 0.24 0.33 0.25 0.11 0.18 0.21 0.11 0.15 0.15 0.15
0.16 0.35 0.28 0.15 0.09 0.27 0.14 0.21 0.17 0.08 0.26 0.10 0.19 0.26 0.32 0.06 0.09 0.32 0.18 0.25 0.29 0.11 0.25 0.18 0.33 0.05 0.16 0.10 0.16 0.22 0.11 0.11 0.18 0.34 0.17 0.24 0.11 0.27 0.26 0.11 0.00 0.12 0.19 0.05 0.18 0.17 0.19 0.06 0.22 0.15 0.23 0.25 0.25 0.10 0.18 0.20 0.12 0.29 0.18 0.14 0.12 0.31 0.05 0.08 0.15 0.31 0.21 0.06 0.04 0.29 0.21 0.17 0.11 0.34 0.15 0.10 0.14 0.17 0.06 0.24 0.19 0.22 0.15 0.12 0.11 0.34 0.09 0.09 0.20 0.15 0.26 0.35 0.27 0.21 0.21 0.24 0.13 0.17 0.17 0.17
0.29 0.26 0.26 0.28 0.22 0.29 0.01 0.12 0.21 0.21 0.27 0.23 0.32 0.17 0.23 0.06 0.09 0.23 0.23 0.38 0.24 0.12 0.24 0.28 0.24 0.07 0.29 0.22 0.07 0.13 0.22 0.11 0.16 0.25 0.08 0.36 0.23 0.39 0.21 0.23 0.12 0.00 0.25 0.18 0.30 0.13 0.19 0.13 0.17 0.28 0.25 0.27 0.15 0.04 0.29 0.11 0.10 0.20 0.16 0.12 0.24 0.22 0.09 0.04 0.24 0.22 0.20 0.14 0.10 0.20 0.34 0.08 0.15 0.25 0.06 0.21 0.23 0.07 0.09 0.21 0.10 0.35 0.25 0.02 0.24 0.25 0.09 0.18 0.32 0.27 0.17 0.26 0.19 0.34 0.12 0.15 0.18 0.23 0.14 0.08
0.11 0.15 0.09 0.17 0.15 0.08 0.26 0.23 0.04 0.21 0.07 0.10 0.11 0.09 0.13 0.18 0.15 0.14 0.02 0.13 0.10 0.12 0.06 0.03 0.14 0.17 0.14 0.14 0.28 0.17 0.09 0.14 0.09 0.15 0.29 0.11 0.24 0.15 0.07 0.17 0.19 0.25 0.00 0.18 0.06 0.12 0.06 0.14 0.07 0.04 0.03 0.05 0.11 0.22 0.04 0.15 0.15 0.10 0.09 0.13 0.15 0.12 0.15 0.20 0.04 0.12 0.05 0.14 0.15 0.10 0.09 0.18 0.10 0.15 0.20 0.10 0.05 0.21 0.15 0.04 0.24 0.10 0.04 0.25 0.24 0.14 0.16 0.28 0.07 0.19 0.09 0.16 0.07 0.09 0.19 0.18 0.07 0.02 0.11 0.17
0.11 0.34 0.27 0.10 0.04 0.26 0.19 0.20 0.16 0.03 0.25 0.09 0.14 0.24 0.31 0.12 0.09 0.31 0.17 0.20 0.28 0.10 0.24 0.17 0.32 0.11 0.11 0.04 0.21 0.21 0.09 0.10 0.17 0.33 0.22 0.18 0.06 0.21 0.25 0.05 0.05 0.18 0.18 0.00 0.17 0.15 0.17 0.05 0.21 0.14 0.21 0.23 0.23 0.15 0.17 0.18 0.11 0.28 0.17 0.13 0.07 0.30 0.09 0.13 0.14 0.30 0.19 0.04 0.08 0.28 0.16 0.16 0.10 0.33 0.13 0.08 0.13 0.15 0.09 0.22 0.17 0.17 0.14 0.18 0.06 0.32 0.09 0.10 0.15 0.10 0.25 0.34 0.26 0.16 0.19 0.22 0.12 0.16 0.16 0.16
0.10 0.17 0.10 0.15 0.13 0.09 0.31 0.28 0.10 0.20 0.09 0.08 0.09 0.15 0.14 0.24 0.21 0.20 0.07 0.07 0.11 0.18 0.07 0.03 0.15 0.23 0.13 0.12 0.34 0.23 0.08 0.19 0.14 0.17 0.35 0.06 0.22 0.09 0.10 0.16 0.18 0.30 0.06 0.17 0.00 0.17 0.12 0.17 0.13 0.03 0.05 0.07 0.16 0.28 0.01 0.21 0.20 0.15 0.14 0.19 0.13 0.17 0.21 0.26 0.07 0.13 0.11 0.17 0.21 0.15 0.03 0.24 0.15 0.16 0.26 0.09 0.07 0.26 0.21 0.09 0.30 0.04 0.06 0.30 0.23 0.16 0.22 0.27 0.03 0.17 0.15 0.17 0.11 0.06 0.25 0.24 0.12 0.07 0.16 0.22
0.15 0.18 0.12 0.15 0.12 0.15 0.14 0.11 0.07 0.18 0.14 0.10 0.19 0.09 0.15 0.10 0.07 0.15 0.10 0.25 0.12 0.06 0.11 0.15 0.17 0.12 0.15 0.11 0.17 0.06 0.09 0.05 0.03 0.18 0.17 0.23 0.21 0.26 0.10 0.15 0.17 0.13 0.12 0.15 0.17 0.00 0.06 0.11 0.05 0.15 0.12 0.14 0.08 0.11 0.16 0.03 0.05 0.13 0.03 0.03 0.12 0.14 0.12 0.09 0.11 0.14 0.07 0.11 0.12 0.13 0.21 0.07 0.06 0.17 0.09 0.08 0.10 0.09 0.11 0.08 0.12 0.22 0.12 0.13 0.21 0.17 0.08 0.25 0.19 0.16 0.10 0.18 0.10 0.21 0.07 0.07 0.05 0.10 0.01 0.05
0.11 0.16 0.09 0.17 0.14 0.10 0.20 0.17 0.02 0.21 0.08 0.09 0.13 0.07 0.13 0.12 0.10 0.13 0.04 0.19 0.10 0.08 0.06 0.09 0.15 0.14 0.14 0.13 0.22 0.12 0.08 0.07 0.03 0.15 0.23 0.17 0.23 0.21 0.07 0.17 0.19 0.19 0.06 0.17 0.12 0.06 0.00 0.13 0.03 0.09 0.06 0.08 0.06 0.16 0.11 0.09 0.09 0.11 0.03 0.07 0.14 0.12 0.14 0.14 0.05 0.12 0.02 0.13 0.15 0.11 0.15 0.12 0.08 0.15 0.14 0.09 0.04 0.15 0.13 0.05 0.18 0.16 0.06 0.19 0.24 0.15 0.10 0.28 0.14 0.18 0.07 0.16 0.08 0.15 0.13 0.12 0.06 0.04 0.05 0.11
0.15 0.29 0.23 0.15 0.09 0.21 0.14 0.16 0.12 0.08 0.21 0.10 0.19 0.20 0.27 0.07 0.04 0.27 0.13 0.25 0.23 0.05 0.20 0.15 0.28 0.06 0.15 0.09 0.17 0.17 0.09 0.06 0.13 0.29 0.17 0.23 0.10 0.26 0.21 0.10 0.06 0.13 0.14 0.05 0.17 0.11 0.13 0.00 0.16 0.15 0.17 0.19 0.19 0.10 0.16 0.14 0.06 0.24 0.12 0.09 0.11 0.25 0.04 0.09 0.11 0.25 0.15 0.01 0.04 0.24 0.21 0.12 0.05 0.29 0.09 0.08 0.10 0.11 0.04 0.18 0.13 0.22 0.12 0.13 0.11 0.28 0.04 0.14 0.19 0.14 0.21 0.30 0.21 0.21 0.15 0.18 0.07 0.12 0.12 0.12
0.14 0.13 0.08 0.20 0.17 0.11 0.18 0.15 0.05 0.24 0.10 0.12 0.15 0.04 0.10 0.15 0.12 0.10 0.06 0.20 0.07 0.11 0.06 0.10 0.12 0.17 0.17 0.16 0.21 0.10 0.11 0.11 0.03 0.12 0.22 0.19 0.26 0.22 0.04 0.20 0.22 0.17 0.07 0.21 0.13 0.05 0.03 0.16 0.00 0.11 0.08 0.09 0.03 0.17 0.12 0.07 0.10 0.07 0.04 0.08 0.17 0.09 0.17 0.14 0.07 0.09 0.02 0.16 0.18 0.07 0.16 0.11 0.11 0.12 0.13 0.12 0.07 0.13 0.16 0.04 0.17 0.17 0.07 0.17 0.27 0.12 0.13 0.31 0.15 0.21 0.04 0.13 0.05 0.17 0.12 0.11 0.09 0.06 0.05 0.09
0.07 0.20 0.13 0.13 0.11 0.12 0.29 0.26 0.07 0.17 0.11 0.06 0.07 0.12 0.17 0.21 0.18 0.17 0.05 0.10 0.14 0.15 0.10 0.03 0.18 0.21 0.10 0.10 0.31 0.21 0.06 0.17 0.12 0.19 0.32 0.08 0.20 0.12 0.11 0.13 0.15 0.28 0.04 0.14 0.03 0.15 0.09 0.15 0.11 0.00 0.07 0.09 0.14 0.25 0.03 0.18 0.17 0.14 0.12 0.16 0.11 0.15 0.18 0.23 0.04 0.15 0.08 0.14 0.18 0.14 0.06 0.21 0.12 0.19 0.23 0.07 0.05 0.24 0.18 0.08 0.27 0.07 0.03 0.28 0.20 0.18 0.19 0.24 0.04 0.15 0.12 0.20 0.12 0.06 0.22 0.21 0.10 0.05 0.14 0.20
0.15 0.12 0.06 0.20 0.18 0.04 0.26 0.23 0.06 0.24 0.04 0.13 0.14 0.10 0.10 0.19 0.16 0.15 0.04 0.12 0.06 0.13 0.03 0.04 0.11 0.18 0.17 0.17 0.29 0.18 0.12 0.14 0.09 0.12 0.30 0.11 0.27 0.14 0.04 0.21 0.23 0.25 0.03 0.21 0.05 0.12 0.06 0.17 0.08 0.07 0.00 0.02 0.11 0.22 0.05 0.15 0.15 0.09 0.09 0.14 0.18 0.12 0.18 0.21 0.08 0.08 0.06 0.17 0.18 0.09 0.09 0.19 0.12 0.12 0.21 0.13 0.08 0.21 0.17 0.04 0.24 0.10 0.08 0.25 0.28 0.11 0.17 0.31 0.07 0.22 0.09 0.12 0.06 0.10 0.20 0.18 0.10 0.05 0.11 0.17
0.17 0.10 0.04 0.22 0.20 0.03 0.28 0.24 0.07 0.26 0.02 0.15 0.16 0.11 0.09 0.20 0.17 0.16 0.06 0.11 0.04 0.14 0.03 0.07 0.10 0.20 0.20 0.19 0.30 0.19 0.14 0.15 0.11 0.10 0.31 0.10 0.29 0.13 0.06 0.23 0.25 0.27 0.05 0.23 0.07 0.14 0.08 0.19 0.09 0.09 0.02 0.00 0.12 0.24 0.07 0.17 0.16 0.11 0.11 0.15 0.20 0.13 0.20 0.22 0.10 0.08 0.07 0.19 0.21 0.11 0.10 0.20 0.14 0.10 0.22 0.15 0.10 0.23 0.19 0.06 0.26 0.08 0.10 0.27 0.30 0.09 0.18 0.33 0.09 0.24 0.11 0.12 0.07 0.12 0.21 0.20 0.12 0.07 0.12 0.18
0.17 0.10 0.12 0.22 0.20 0.15 0.16 0.12 0.07 0.26 0.13 0.15 0.18 0.02 0.07 0.18 0.15 0.07 0.09 0.24 0.10 0.14 0.10 0.14 0.09 0.20 0.20 0.19 0.17 0.07 0.14 0.13 0.06 0.10 0.18 0.22 0.29 0.25 0.07 0.23 0.25 0.15 0.11 0.23 0.16 0.08 0.06 0.19 0.03 0.14 0.11 0.12 0.00 0.19 0.15 0.05 0.13 0.05 0.07 0.11 0.20 0.06 0.20 0.17 0.10 0.06 0.06 0.19 0.21 0.05 0.20 0.08 0.14 0.10 0.10 0.15 0.10 0.10 0.19 0.07 0.13 0.21 0.11 0.17 0.30 0.09 0.16 0.33 0.18 0.24 0.02 0.11 0.05 0.20 0.09 0.07 0.12 0.09 0.07 0.07
0.26 0.30 0.23 0.25 0.19 0.26 0.04 0.16 0.18 0.18 0.24 0.20 0.29 0.20 0.27 0.04 0.07 0.27 0.20 0.35 0.24 0.10 0.21 0.25 0.28 0.04 0.26 0.19 0.10 0.17 0.19 0.09 0.13 0.29 0.12 0.33 0.21 0.37 0.21 0.20 0.10 0.04 0.22 0.15 0.28 0.11 0.16 0.10 0.17 0.25 0.22 0.24 0.19 0.00 0.27 0.15 0.07 0.24 0.13 0.09 0.21 0.26 0.07 0.02 0.21 0.26 0.17 0.11 0.07 0.24 0.31 0.12 0.12 0.29 0.09 0.18 0.20 0.11 0.07 0.18 0.14 0.32 0.22 0.03 0.21 0.28 0.06 0.14 0.30 0.25 0.21 0.30 0.21 0.31 0.15 0.18 0.15 0.20 0.12 0.12
0.10 0.17 0.10 0.15 0.13 0.09 0.30 0.27 0.09 0.20 0.09 0.08 0.09 0.14 0.14 0.23 0.20 0.19 0.06 0.08 0.11 0.17 0.07 0.02 0.15 0.22 0.13 0.12 0.33 0.22 0.07 0.18 0.13 0.17 0.34 0.07 0.22 0.10 0.09 0.16 0.18 0.29 0.04 0.17 0.01 0.16 0.11 0.16 0.12 0.03 0.05 0.07 0.15 0.27 0.00 0.20 0.19 0.14 0.13 0.18 0.13 0.16 0.20 0.25 0.06 0.13 0.10 0.16 0.20 0.14 0.04 0.23 0.14 0.16 0.25 0.08 0.07 0.25 0.20 0.08 0.29 0.06 0.04 0.29 0.23 0.16 0.21 0.27 0.03 0.17 0.14 0.17 0.10 0.06 0.24 0.23 0.12 0.07 0.15 0.21
0.19 0.15 0.16 0.18 0.15 0.19 0.11 0.07 0.11 0.21 0.17 0.13 0.22 0.06 0.12 0.14 0.11 0.12 0.13 0.28 0.15 0.09 0.14 0.18 0.14 0.15 0.19 0.14 0.13 0.03 0.12 0.09 0.06 0.15 0.14 0.26 0.24 0.30 0.11 0.18 0.20 0.11 0.15 0.18 0.21 0.03 0.09 0.14 0.07 0.18 0.15 0.17 0.05 0.15 0.20 0.00 0.08 0.10 0.06 0.06 0.15 0.11 0.15 0.12 0.14 0.11 0.10 0.14 0.16 0.10 0.24 0.04 0.09 0.14 0.05 0.11 0.13 0.06 0.14 0.11 0.09 0.25 0.15 0.13 0.25 0.14 0.11 0.29 0.23 0.20 0.07 0.15 0.10 0.24 0.04 0.04 0.08 0.13 0.04 0.03
0.18 0.23 0.16 0.17 0.12 0.18 0.11 0.10 0.10 0.14 0.17 0.12 0.21 0.14 0.20 0.06 0.03 0.20 0.13 0.27 0.17 0.02 0.13 0.17 0.21 0.07 0.18 0.12 0.14 0.11 0.12 0.01 0.07 0.23 0.15 0.26 0.16 0.29 0.15 0.13 0.12 0.10 0.15 0.11 0.20 0.05 0.09 0.06 0.10 0.17 0.15 0.16 0.13 0.07 0.19 0.08 0.00 0.17 0.06 0.02 0.14 0.19 0.07 0.06 0.14 0.19 0.09 0.06 0.08 0.17 0.23 0.06 0.05 0.22 0.06 0.11 0.12 0.06 0.06 0.12 0.10 0.25 0.15 0.10 0.17 0.22 0.03 0.21 0.22 0.17 0.15 0.23 0.15 0.24 0.09 0.12 0.07 0.12 0.05 0.05
0.21 0.06 0.10 0.27 0.25 0.13 0.21 0.14 0.12 0.31 0.11 0.20 0.21 0.04 0.03 0.23 0.20 0.05 0.11 0.22 0.09 0.18 0.08 0.12 0.04 0.25 0.24 0.24 0.19 0.09 0.19 0.18 0.11 0.05 0.20 0.20 0.34 0.24 0.05 0.27 0.29 0.20 0.10 0.28 0.15 0.13 0.11 0.24 0.07 0.14 0.09 0.11 0.05 0.24 0.14 0.10 0.17 0.00 0.11 0.15 0.25 0.03 0.25 0.22 0.15 0.03 0.09 0.24 0.25 0.00 0.18 0.12 0.18 0.05 0.15 0.20 0.15 0.13 0.24 0.06 0.15 0.19 0.15 0.22 0.34 0.07 0.21 0.38 0.17 0.29 0.03 0.06 0.04 0.18 0.10 0.09 0.17 0.12 0.12 0.12
0.12 0.17 0.10 0.16 0.13 0.12 0.17 0.14 0.04 0.20 0.11 0.08 0.16 0.07 0.14 0.12 0.09 0.14 0.07 0.21 0.11 0.07 0.07 0.12 0.15 0.13 0.13 0.12 0.20 0.09 0.07 0.07 0.01 0.16 0.21 0.20 0.22 0.23 0.08 0.16 0.18 0.16 0.09 0.17 0.14 0.03 0.03 0.12 0.04 0.12 0.09 0.11 0.07 0.13 0.13 0.06 0.06 0.11 0.00 0.04 0.13 0.13 0.13 0.12 0.08 0.13 0.04 0.12 0.14 0.11 0.17 0.10 0.07 0.16 0.12 0.09 0.07 0.12 0.12 0.06 0.15 0.19 0.09 0.16 0.23 0.15 0.10 0.27 0.16 0.18 0.08 0.17 0.09 0.18 0.11 0.10 0.05 0.07 0.02 0.08
0.17 0.21 0.14 0.16 0.10 0.17 0.12 0.09 0.09 0.16 0.15 0.11 0.20 0.12 0.18 0.08 0.05 0.18 0.12 0.26 0.15 0.03 0.12 0.16 0.19 0.09 0.17 0.11 0.15 0.08 0.11 0.03 0.04 0.20 0.16 0.25 0.18 0.28 0.12 0.12 0.14 0.12 0.13 0.13 0.19 0.03 0.07 0.09 0.08 0.16 0.14 0.15 0.11 0.09 0.18 0.06 0.02 0.15 0.04 0.00 0.13 0.17 0.09 0.07 0.12 0.17 0.08 0.09 0.10 0.15 0.22 0.05 0.04 0.20 0.07 0.10 0.11 0.07 0.08 0.10 0.11 0.23 0.13 0.12 0.19 0.20 0.06 0.23 0.21 0.16 0.12 0.21 0.13 0.22 0.07 0.10 0.06 0.11 0.03 0.04
0.04 0.30 0.23 0.04 0.03 0.22 0.25 0.22 0.12 0.07 0.21 0.05 0.07 0.21 0.27 0.18 0.15 0.27 0.14 0.13 0.24 0.12 0.20 0.13 0.29 0.17 0.04 0.02 0.28 0.17 0.06 0.13 0.14 0.30 0.29 0.14 0.09 0.15 0.21 0.03 0.12 0.24 0.15 0.07 0.13 0.12 0.14 0.11 0.17 0.11 0.18 0.20 0.20 0.21 0.13 0.15 0.14 0.25 0.13 0.13 0.00 0.26 0.15 0.20 0.10 0.26 0.16 0.11 0.15 0.25 0.10 0.18 0.09 0.29 0.20 0.05 0.10 0.20 0.15 0.19 0.24 0.12 0.10 0.24 0.10 0.29 0.16 0.14 0.11 0.04 0.21 0.30 0.22 0.10 0.19 0.19 0.08 0.12 0.12 0.16
0.23 0.07 0.12 0.29 0.26 0.15 0.22 0.11 0.14 0.33 0.14 0.21 0.22 0.05 0.05 0.25 0.21 0.03 0.12 0.24 0.11 0.20 0.10 0.14 0.04 0.26 0.26 0.25 0.17 0.09 0.20 0.20 0.12 0.04 0.18 0.23 0.35 0.26 0.07 0.29 0.31 0.22 0.12 0.30 0.17 0.14 0.12 0.25 0.09 0.15 0.12 0.13 0.06 0.26 0.16 0.11 0.19 0.03 0.13 0.17 0.26 0.00 0.26 0.23 0.16 0.06 0.10 0.25 0.27 0.03 0.20 0.14 0.20 0.05 0.16 0.21 0.17 0.14 0.25 0.08 0.12 0.21 0.16 0.24 0.36 0.09 0.22 0.40 0.19 0.31 0.04 0.04 0.06 0.21 0.10 0.07 0.18 0.14 0.14 0.14
0.19 0.30 0.23 0.18 0.12 0.22 0.10 0.17 0.12 0.12 0.21 0.14 0.23 0.21 0.27 0.03 0.04 0.27 0.14 0.28 0.24 0.06 0.20 0.18 0.29 0.02 0.19 0.13 0.13 0.17 0.13 0.07 0.14 0.30 0.14 0.27 0.14 0.30 0.21 0.14 0.05 0.09 0.15 0.09 0.21 0.12 0.14 0.04 0.17 0.18 0.18 0.20 0.20 0.07 0.20 0.15 0.07 0.25 0.13 0.09 0.15 0.26 0.00 0.05 0.15 0.26 0.16 0.04 0.01 0.25 0.24 0.12 0.06 0.29 0.10 0.12 0.14 0.12 0.01 0.19 0.14 0.26 0.15 0.09 0.14 0.29 0.04 0.14 0.23 0.18 0.21 0.30 0.22 0.25 0.16 0.19 0.09 0.14 0.12 0.12
0.24 0.27 0.21 0.23 0.17 0.24 0.06 0.14 0.16 0.16 0.22 0.18 0.27 0.18 0.25 0.02 0.05 0.25 0.18 0.33 0.21 0.08 0.19 0.23 0.26 0.03 0.24 0.17 0.08 0.15 0.17 0.07 0.12 0.27 0.10 0.32 0.19 0.35 0.19 0.18 0.08 0.04 0.20 0.13 0.26 0.09 0.14 0.09 0.14 0.23 0.21 0.22 0.17 0.02 0.25 0.12 0.06 0.22 0.12 0.07 0.20 0.23 0.05 0.00 0.19 0.23 0.15 0.09 0.05 0.22 0.29 0.10 0.11 0.27 0.07 0.17 0.18 0.09 0.05 0.17 0.11 0.30 0.20 0.04 0.19 0.26 0.04 0.16 0.28 0.23 0.19 0.28 0.19 0.29 0.13 0.16 0.13 0.18 0.10 0.10
0.07 0.20 0.13 0.12 0.10 0.12 0.25 0.21 0.03 0.17 0.12 0.05 0.08 0.11 0.17 0.17 0.15 0.17 0.04 0.14 0.14 0.12 0.10 0.04 0.18 0.17 0.10 0.09 0.27 0.17 0.04 0.12 0.08 0.20 0.28 0.12 0.19 0.15 0.12 0.13 0.15 0.24 0.04 0.14 0.07 0.11 0.05 0.11 0.07 0.04 0.08 0.10 0.10 0.21 0.06 0.14 0.14 0.15 0.08 0.12 0.10 0.16 0.15 0.19 0.00 0.16 0.06 0.10 0.14 0.15 0.10 0.17 0.09 0.19 0.19 0.05 0.01 0.20 0.15 0.09 0.23 0.11 0.01 0.24 0.20 0.19 0.15 0.24 0.09 0.15 0.12 0.20 0.12 0.10 0.18 0.17 0.06 0.03 0.10 0.16
0.23 0.04 0.07 0.29 0.26 0.10 0.22 0.17 0.14 0.33 0.08 0.21 0.22 0.05 0.01 0.25 0.21 0.08 0.12 0.19 0.06 0.20 0.06 0.13 0.03 0.26 0.26 0.25 0.22 0.12 0.20 0.20 0.12 0.04 0.23 0.17 0.35 0.21 0.04 0.29 0.31 0.22 0.12 0.30 0.13 0.14 0.12 0.25 0.09 0.15 0.08 0.08 0.06 0.26 0.13 0.11 0.19 0.03 0.13 0.17 0.26 0.06 0.26 0.23 0.16 0.00 0.10 0.25 0.27 0.03 0.16 0.14 0.20 0.03 0.16 0.21 0.17 0.15 0.25 0.07 0.18 0.16 0.16 0.24 0.36 0.04 0.22 0.40 0.15 0.31 0.04 0.05 0.04 0.18 0.13 0.12 0.18 0.14 0.14 0.14
0.12 0.14 0.07 0.18 0.16 0.09 0.21 0.17 0.04 0.22 0.07 0.11 0.12 0.05 0.12 0.14 0.11 0.12 0.04 0.18 0.08 0.10 0.04 0.08 0.13 0.16 0.15 0.15 0.23 0.12 0.10 0.09 0.04 0.14 0.24 0.17 0.25 0.20 0.06 0.18 0.21 0.20 0.05 0.19 0.11 0.07 0.02 0.15 0.02 0.08 0.06 0.07 0.06 0.17 0.10 0.10 0.09 0.09 0.04 0.08 0.16 0.10 0.16 0.15 0.06 0.10 0.00 0.15 0.17 0.09 0.14 0.13 0.10 0.14 0.15 0.11 0.06 0.15 0.15 0.03 0.19 0.15 0.06 0.20 0.26 0.13 0.12 0.29 0.13 0.20 0.06 0.15 0.06 0.14 0.14 0.13 0.08 0.03 0.06 0.12
0.15 0.29 0.23 0.14 0.08 0.21 0.15 0.16 0.12 0.07 0.21 0.09 0.18 0.20 0.27 0.07 0.04 0.27 0.13 0.24 0.23 0.05 0.20 0.14 0.28 0.06 0.15 0.09 0.17 0.17 0.09 0.06 0.13 0.29 0.18 0.23 0.10 0.26 0.21 0.10 0.06 0.14 0.14 0.04 0.17 0.11 0.13 0.01 0.16 0.14 0.17 0.19 0.19 0.11 0.16 0.14 0.06 0.24 0.12 0.09 0.11 0.25 0.04 0.09 0.10 0.25 0.15 0.00 0.04 0.24 0.20 0.12 0.05 0.29 0.09 0.07 0.09 0.11 0.04 0.18 0.13 0.21 0.11 0.14 0.11 0.28 0.05 0.14 0.19 0.14 0.21 0.30 0.21 0.20 0.15 0.18 0.07 0.12 0.12 0.12
0.19 0.31 0.24 0.18 0.12 0.23 0.11 0.17 0.13 0.11 0.22 0.13 0.22 0.21 0.28 0.03 0.05 0.28 0.15 0.28 0.25 0.07 0.21 0.18 0.29 0.02 0.19 0.12 0.13 0.18 0.12 0.07 0.15 0.30 0.14 0.27 0.14 0.30 0.22 0.14 0.04 0.10 0.15 0.08 0.21 0.12 0.15 0.04 0.18 0.18 0.18 0.21 0.21 0.07 0.20 0.16 0.08 0.25 0.14 0.10 0.15 0.27 0.01 0.05 0.14 0.27 0.17 0.04 0.00 0.25 0.24 0.13 0.07 0.30 0.11 0.12 0.13 0.12 0.02 0.20 0.15 0.25 0.15 0.10 0.14 0.30 0.04 0.13 0.23 0.18 0.22 0.31 0.23 0.24 0.17 0.20 0.09 0.13 0.13 0.13
0.21 0.06 0.10 0.27 0.25 0.13 0.21 0.14 0.12 0.31 0.11 0.20 0.21 0.04 0.03 0.23 0.20 0.05 0.11 0.22 0.09 0.18 0.08 0.12 0.04 0.25 0.24 0.24 0.19 0.09 0.19 0.18 0.11 0.05 0.20 0.20 0.34 0.24 0.05 0.27 0.29 0.20 0.10 0.28 0.15 0.13 0.11 0.24 0.07 0.14 0.09 0.11 0.05 0.24 0.14 0.10 0.17 0.00 0.11 0.15 0.25 0.03 0.25 0.22 0.15 0.03 0.09 0.24 0.25 0.00 0.18 0.12 0.18 0.05 0.15 0.20 0.15 0.13 0.24 0.06 0.15 0.19 0.15 0.22 0.34 0.07 0.21 0.38 0.17 0.29 0.03 0.06 0.04 0.18 0.10 0.09 0.17 0.12 0.12 0.12
0.07 0.20 0.13 0.13 0.12 0.12 0.35 0.31 0.13 0.17 0.11 0.11 0.06 0.18 0.17 0.27 0.24 0.23 0.11 0.04 0.14 0.21 0.10 0.06 0.18 0.26 0.10 0.12 0.37 0.26 0.12 0.22 0.17 0.19 0.38 0.04 0.19 0.06 0.13 0.13 0.21 0.34 0.09 0.16 0.03 0.21 0.15 0.21 0.16 0.06 0.09 0.10 0.20 0.31 0.04 0.24 0.23 0.18 0.17 0.22 0.10 0.20 0.24 0.29 0.10 0.16 0.14 0.20 0.24 0.18 0.00 0.27 0.18 0.19 0.29 0.12 0.11 0.30 0.24 0.12 0.33 0.01 0.09 0.34 0.20 0.18 0.25 0.24 0.01 0.15 0.18 0.20 0.14 0.03 0.28 0.27 0.16 0.11 0.20 0.26
0.22 0.17 0.19 0.21 0.15 0.22 0.09 0.04 0.14 0.19 0.21 0.17 0.26 0.09 0.15 0.11 0.08 0.15 0.17 0.31 0.18 0.07 0.17 0.21 0.16 0.12 0.22 0.16 0.10 0.05 0.16 0.06 0.10 0.17 0.11 0.30 0.21 0.33 0.15 0.17 0.17 0.08 0.18 0.16 0.24 0.07 0.12 0.12 0.11 0.21 0.19 0.20 0.08 0.12 0.23 0.04 0.06 0.12 0.10 0.05 0.18 0.14 0.12 0.10 0.17 0.14 0.13 0.12 0.13 0.12 0.27 0.00 0.09 0.17 0.03 0.15 0.17 0.02 0.12 0.15 0.06 0.29 0.18 0.10 0.22 0.16 0.09 0.26 0.26 0.21 0.10 0.18 0.13 0.28 0.03 0.06 0.12 0.17 0.08 0.02
0.13 0.24 0.17 0.12 0.07 0.16 0.16 0.13 0.06 0.12 0.15 0.07 0.17 0.15 0.21 0.09 0.06 0.21 0.08 0.22 0.18 0.03 0.14 0.12 0.23 0.08 0.13 0.07 0.19 0.12 0.07 0.04 0.08 0.24 0.20 0.21 0.15 0.24 0.15 0.09 0.11 0.15 0.10 0.10 0.15 0.06 0.08 0.05 0.11 0.12 0.12 0.14 0.14 0.12 0.14 0.09 0.05 0.18 0.07 0.04 0.09 0.20 0.06 0.11 0.09 0.20 0.10 0.05 0.07 0.18 0.18 0.09 0.00 0.23 0.11 0.06 0.07 0.11 0.06 0.13 0.15 0.20 0.10 0.15 0.16 0.23 0.07 0.20 0.17 0.12 0.15 0.24 0.16 0.18 0.10 0.13 0.03 0.07 0.06 0.07
0.26 0.02 0.07 0.32 0.29 0.10 0.26 0.16 0.17 0.36 0.08 0.24 0.25 0.09 0.02 0.28 0.25 0.08 0.15 0.21 0.06 0.23 0.09 0.16 0.02 0.29 0.29 0.29 0.22 0.12 0.24 0.23 0.15 0.02 0.23 0.17 0.38 0.22 0.08 0.32 0.34 0.25 0.15 0.33 0.16 0.17 0.15 0.29 0.12 0.19 0.12 0.10 0.10 0.29 0.16 0.14 0.22 0.05 0.16 0.20 0.29 0.05 0.29 0.27 0.19 0.03 0.14 0.29 0.30 0.05 0.19 0.17 0.23 0.00 0.20 0.25 0.20 0.17 0.28 0.11 0.18 0.18 0.19 0.27 0.39 0.04 0.26 0.43 0.19 0.34 0.08 0.04 0.07 0.22 0.14 0.12 0.21 0.17 0.17 0.17
0.24 0.20 0.21 0.23 0.17 0.24 0.06 0.07 0.16 0.16 0.22 0.18 0.27 0.11 0.17 0.08 0.05 0.17 0.18 0.33 0.20 0.08 0.19 0.23 0.19 0.10 0.24 0.17 0.08 0.08 0.17 0.07 0.12 0.20 0.09 0.32 0.19 0.35 0.16 0.18 0.15 0.06 0.20 0.13 0.26 0.09 0.14 0.09 0.13 0.23 0.21 0.22 0.10 0.09 0.25 0.05 0.06 0.15 0.12 0.07 0.20 0.16 0.10 0.07 0.19 0.16 0.15 0.09 0.11 0.15 0.29 0.03 0.11 0.20 0.00 0.17 0.18 0.02 0.09 0.17 0.04 0.30 0.20 0.07 0.20 0.19 0.06 0.23 0.28 0.23 0.12 0.21 0.15 0.29 0.06 0.09 0.13 0.18 0.10 0.04
0.07 0.25 0.18 0.07 0.05 0.17 0.22 0.19 0.07 0.11 0.17 0.02 0.11 0.16 0.23 0.15 0.12 0.23 0.09 0.17 0.19 0.09 0.15 0.09 0.24 0.14 0.07 0.04 0.25 0.14 0.01 0.10 0.09 0.25 0.26 0.15 0.14 0.18 0.17 0.07 0.10 0.21 0.10 0.08 0.09 0.08 0.09 0.08 0.12 0.07 0.13 0.15 0.15 0.18 0.08 0.11 0.11 0.20 0.09 0.10 0.05 0.21 0.12 0.17 0.05 0.21 0.11 0.07 0.12 0.20 0.12 0.15 0.06 0.25 0.17 0.00 0.05 0.17 0.12 0.14 0.20 0.14 0.05 0.21 0.15 0.24 0.12 0.18 0.11 0.09 0.17 0.26 0.17 0.13 0.15 0.15 0.03 0.08 0.07 0.13
0.06 0.21 0.14 0.12 0.10 0.13 0.24 0.21 0.03 0.16 0.12 0.04 0.09 0.11 0.18 0.17 0.14 0.18 0.04 0.15 0.15 0.11 0.11 0.05 0.19 0.15 0.09 0.09 0.26 0.15 0.04 0.12 0.07 0.20 0.27 0.13 0.18 0.17 0.12 0.12 0.14 0.23 0.05 0.13 0.07 0.10 0.04 0.10 0.07 0.05 0.08 0.10 0.10 0.20 0.07 0.13 0.12 0.15 0.07 0.11 0.10 0.17 0.14 0.18 0.01 0.17 0.06 0.09 0.13 0.15 0.11 0.17 0.07 0.20 0.18 0.05 0.00 0.19 0.14 0.09 0.22 0.12 0.02 0.23 0.19 0.19 0.14 0.23 0.10 0.14 0.12 0.21 0.12 0.11 0.17 0.16 0.05 0.03 0.09 0.15
0.25 0.18 0.21 0.24 0.18 0.25 0.08 0.05 0.17 0.18 0.23 0.19 0.28 0.12 0.15 0.10 0.07 0.15 0.19 0.34 0.20 0.08 0.20 0.24 0.17 0.12 0.25 0.18 0.07 0.06 0.18 0.07 0.12 0.18 0.09 0.32 0.21 0.35 0.17 0.19 0.17 0.07 0.21 0.15 0.26 0.09 0.15 0.11 0.13 0.24 0.21 0.23 0.10 0.11 0.25 0.06 0.06 0.13 0.12 0.07 0.20 0.14 0.12 0.09 0.20 0.15 0.15 0.11 0.12 0.13 0.30 0.02 0.11 0.17 0.02 0.17 0.19 0.00 0.11 0.17 0.03 0.31 0.21 0.10 0.21 0.18 0.08 0.25 0.28 0.23 0.12 0.18 0.15 0.30 0.04 0.07 0.14 0.19 0.10 0.04
0.19 0.29 0.22 0.18 0.12 0.21 0.10 0.15 0.11 0.12 0.21 0.14 0.23 0.20 0.26 0.03 0.04 0.26 0.14 0.28 0.23 0.05 0.19 0.18 0.28 0.02 0.19 0.13 0.13 0.17 0.13 0.06 0.13 0.29 0.14 0.27 0.14 0.30 0.21 0.14 0.06 0.09 0.15 0.09 0.21 0.11 0.13 0.04 0.16 0.18 0.17 0.19 0.19 0.07 0.20 0.14 0.06 0.24 0.12 0.08 0.15 0.25 0.01 0.05 0.15 0.25 0.15 0.04 0.02 0.24 0.24 0.12 0.06 0.28 0.09 0.12 0.14 0.11 0.00 0.18 0.13 0.26 0.15 0.09 0.14 0.28 0.03 0.15 0.23 0.18 0.21 0.29 0.21 0.25 0.15 0.18 0.09 0.14 0.11 0.11
0.15 0.11 0.04 0.21 0.19 0.07 0.22 0.19 0.07 0.25 0.06 0.14 0.15 0.06 0.09 0.17 0.14 0.11 0.05 0.17 0.05 0.13 0.03 0.07 0.10 0.19 0.18 0.18 0.25 0.14 0.13 0.12 0.05 0.11 0.26 0.15 0.28 0.18 0.03 0.21 0.24 0.21 0.04 0.22 0.09 0.08 0.05 0.18 0.04 0.08 0.04 0.06 0.07 0.18 0.08 0.11 0.12 0.06 0.06 0.10 0.19 0.08 0.19 0.17 0.09 0.07 0.03 0.18 0.20 0.06 0.12 0.15 0.13 0.11 0.17 0.14 0.09 0.17 0.18 0.00 0.20 0.14 0.09 0.21 0.29 0.10 0.15 0.32 0.11 0.23 0.05 0.12 0.03 0.13 0.15 0.15 0.11 0.06 0.07 0.13
0.28 0.20 0.25 0.27 0.21 0.28 0.10 0.03 0.20 0.21 0.26 0.22 0.31 0.15 0.17 0.12 0.10 0.13 0.22 0.37 0.24 0.12 0.23 0.27 0.16 0.14 0.28 0.21 0.04 0.07 0.21 0.11 0.15 0.16 0.05 0.35 0.23 0.39 0.20 0.22 0.19 0.10 0.24 0.17 0.30 0.12 0.18 0.13 0.17 0.27 0.24 0.26 0.13 0.14 0.29 0.09 0.10 0.15 0.15 0.11 0.24 0.12 0.14 0.11 0.23 0.18 0.19 0.13 0.15 0.15 0.33 0.06 0.15 0.18 0.04 0.20 0.22 0.03 0.13 0.20 0.00 0.34 0.24 0.12 0.24 0.22 0.10 0.28 0.32 0.27 0.15 0.16 0.18 0.33 0.05 0.06 0.17 0.22 0.13 0.07
0.08 0.18 0.12 0.14 0.13 0.11 0.36 0.33 0.14 0.18 0.10 0.12 0.07 0.19 0.17 0.29 0.26 0.24 0.12 0.03 0.12 0.23 0.11 0.07 0.18 0.28 0.11 0.13 0.38 0.28 0.13 0.24 0.19 0.18 0.39 0.02 0.21 0.04 0.14 0.14 0.22 0.35 0.10 0.17 0.04 0.22 0.16 0.22 0.17 0.07 0.10 0.08 0.21 0.32 0.06 0.25 0.25 0.19 0.19 0.23 0.12 0.21 0.26 0.30 0.11 0.16 0.15 0.21 0.25 0.19 0.01 0.29 0.20 0.18 0.30 0.14 0.12 0.31 0.26 0.14 0.34 0.00 0.10 0.35 0.21 0.17 0.26 0.25 0.03 0.16 0.19 0.21 0.15 0.04 0.29 0.28 0.17 0.12 0.21 0.27
0.07 0.20 0.13 0.12 0.10 0.12 0.26 0.23 0.04 0.17 0.12 0.05 0.07 0.11 0.17 0.18 0.15 0.17 0.04 0.13 0.14 0.12 0.10 0.03 0.18 0.17 0.10 0.09 0.28 0.17 0.04 0.14 0.09 0.20 0.29 0.11 0.19 0.15 0.12 0.13 0.15 0.25 0.04 0.14 0.06 0.12 0.06 0.12 0.07 0.03 0.08 0.10 0.11 0.22 0.04 0.15 0.15 0.15 0.09 0.13 0.10 0.16 0.15 0.20 0.01 0.16 0.06 0.11 0.15 0.15 0.09 0.18 0.10 0.19 0.20 0.05 0.02 0.21 0.15 0.09 0.24 0.10 0.00 0.25 0.20 0.19 0.16 0.24 0.07 0.15 0.12 0.20 0.12 0.09 0.19 0.18 0.07 0.03 0.11 0.17
0.29 0.28 0.26 0.28 0.22 0.29 0.02 0.14 0.21 0.21 0.27 0.23 0.32 0.18 0.25 0.06 0.09 0.25 0.23 0.38 0.24 0.12 0.24 0.28 0.26 0.07 0.29 0.22 0.09 0.15 0.22 0.11 0.16 0.27 0.10 0.36 0.23 0.39 0.21 0.23 0.12 0.02 0.25 0.18 0.30 0.13 0.19 0.13 0.17 0.28 0.25 0.27 0.17 0.03 0.29 0.13 0.10 0.22 0.16 0.12 0.24 0.24 0.09 0.04 0.24 0.24 0.20 0.14 0.10 0.22 0.34 0.10 0.15 0.27 0.07 0.21 0.23 0.10 0.09 0.21 0.12 0.35 0.25 0.00 0.24 0.27 0.09 0.16 0.32 0.27 0.19 0.28 0.20 0.34 0.14 0.17 0.18 0.23 0.14 0.10
0.13 0.40 0.33 0.07 0.10 0.32 0.25 0.26 0.22 0.03 0.31 0.15 0.14 0.31 0.37 0.17 0.14 0.37 0.24 0.18 0.34 0.16 0.30 0.23 0.38 0.16 0.10 0.11 0.27 0.27 0.15 0.16 0.24 0.39 0.28 0.24 0.01 0.17 0.31 0.07 0.11 0.24 0.24 0.06 0.23 0.21 0.24 0.11 0.27 0.20 0.28 0.30 0.30 0.21 0.23 0.25 0.17 0.34 0.23 0.19 0.10 0.36 0.14 0.19 0.20 0.36 0.26 0.11 0.14 0.34 0.20 0.22 0.16 0.39 0.20 0.15 0.19 0.21 0.14 0.29 0.24 0.21 0.20 0.24 0.00 0.39 0.15 0.07 0.20 0.05 0.31 0.40 0.32 0.17 0.26 0.29 0.18 0.22 0.22 0.22
0.26 0.02 0.06 0.31 0.29 0.07 0.25 0.20 0.17 0.35 0.07 0.24 0.25 0.08 0.04 0.27 0.24 0.12 0.15 0.20 0.05 0.23 0.09 0.15 0.06 0.29 0.29 0.28 0.26 0.15 0.23 0.22 0.15 0.06 0.27 0.15 0.38 0.22 0.07 0.32 0.34 0.25 0.14 0.32 0.16 0.17 0.15 0.28 0.12 0.18 0.11 0.09 0.09 0.28 0.16 0.14 0.22 0.07 0.15 0.20 0.29 0.09 0.29 0.26 0.19 0.04 0.13 0.28 0.30 0.07 0.18 0.16 0.23 0.04 0.19 0.24 0.19 0.18 0.28 0.10 0.22 0.17 0.19 0.27 0.39 0.00 0.25 0.42 0.18 0.33 0.07 0.09 0.07 0.21 0.17 0.16 0.21 0.16 0.17 0.17
0.20 0.26 0.20 0.19 0.13 0.20 0.10 0.13 0.12 0.12 0.18 0.14 0.23 0.17 0.24 0.02 0.01 0.24 0.15 0.29 0.20 0.04 0.17 0.19 0.25 0.04 0.20 0.14 0.12 0.14 0.14 0.03 0.10 0.26 0.13 0.28 0.15 0.31 0.18 0.15 0.09 0.09 0.16 0.09 0.22 0.08 0.10 0.04 0.13 0.19 0.17 0.18 0.16 0.06 0.21 0.11 0.03 0.21 0.10 0.06 0.16 0.22 0.04 0.04 0.15 0.22 0.12 0.05 0.04 0.21 0.25 0.09 0.07 0.26 0.06 0.12 0.14 0.08 0.03 0.15 0.10 0.26 0.16 0.09 0.15 0.25 0.00 0.17 0.24 0.19 0.18 0.27 0.18 0.25 0.12 0.15 0.09 0.14 0.09 0.09
0.17 0.44 0.37 0.12 0.14 0.36 0.17 0.30 0.26 0.07 0.35 0.18 0.17 0.34 0.41 0.15 0.18 0.41 0.27 0.22 0.38 0.20 0.34 0.27 0.42 0.14 0.14 0.14 0.24 0.31 0.19 0.20 0.27 0.43 0.26 0.27 0.07 0.23 0.35 0.11 0.09 0.18 0.28 0.10 0.27 0.25 0.28 0.14 0.31 0.24 0.31 0.33 0.33 0.14 0.27 0.29 0.21 0.38 0.27 0.23 0.14 0.40 0.14 0.16 0.24 0.40 0.29 0.14 0.13 0.38 0.24 0.26 0.20 0.43 0.23 0.18 0.23 0.25 0.15 0.32 0.28 0.25 0.24 0.16 0.07 0.42 0.17 0.00 0.24 0.11 0.35 0.44 0.36 0.21 0.29 0.32 0.21 0.26 0.26 0.26
0.07 0.20 0.13 0.13 0.11 0.12 0.33 0.30 0.12 0.17 0.11 0.10 0.07 0.17 0.17 0.26 0.23 0.22 0.09 0.05 0.14 0.20 0.10 0.05 0.18 0.25 0.10 0.10 0.36 0.25 0.10 0.21 0.16 0.19 0.37 0.04 0.20 0.07 0.12 0.13 0.20 0.32 0.07 0.15 0.03 0.19 0.14 0.19 0.15 0.04 0.07 0.09 0.18 0.30 0.03 0.23 0.22 0.17 0.16 0.21 0.11 0.19 0.23 0.28 0.09 0.15 0.13 0.19 0.23 0.17 0.01 0.26 0.17 0.19 0.28 0.11 0.10 0.28 0.23 0.11 0.32 0.03 0.07 0.32 0.20 0.18 0.24 0.24 0.00 0.15 0.17 0.20 0.13 0.03 0.27 0.26 0.15 0.10 0.18 0.24
0.08 0.35 0.28 0.02 0.06 0.27 0.28 0.25 0.17 0.07 0.26 0.10 0.09 0.25 0.32 0.21 0.18 0.32 0.18 0.13 0.29 0.15 0.25 0.18 0.33 0.20 0.05 0.05 0.31 0.22 0.10 0.16 0.18 0.34 0.32 0.18 0.04 0.12 0.26 0.04 0.15 0.27 0.19 0.10 0.17 0.16 0.18 0.14 0.21 0.15 0.22 0.24 0.24 0.25 0.17 0.20 0.17 0.29 0.18 0.16 0.04 0.31 0.18 0.23 0.15 0.31 0.20 0.14 0.18 0.29 0.15 0.21 0.12 0.34 0.23 0.09 0.14 0.23 0.18 0.23 0.27 0.16 0.15 0.27 0.05 0.33 0.19 0.11 0.15 0.00 0.26 0.35 0.27 0.12 0.22 0.23 0.12 0.17 0.17 0.19
0.18 0.09 0.10 0.24 0.21 0.13 0.18 0.14 0.09 0.28 0.11 0.17 0.17 0.01 0.06 0.20 0.17 0.06 0.08 0.22 0.09 0.15 0.08 0.12 0.07 0.21 0.21 0.21 0.19 0.09 0.16 0.15 0.08 0.08 0.20 0.20 0.31 0.24 0.05 0.24 0.26 0.17 0.09 0.25 0.15 0.10 0.07 0.21 0.04 0.12 0.09 0.11 0.02 0.21 0.14 0.07 0.15 0.03 0.08 0.12 0.21 0.04 0.21 0.19 0.12 0.04 0.06 0.21 0.22 0.03 0.18 0.10 0.15 0.08 0.12 0.17 0.12 0.12 0.21 0.05 0.15 0.19 0.12 0.19 0.31 0.07 0.18 0.35 0.17 0.26 0.00 0.09 0.04 0.18 0.10 0.09 0.14 0.09 0.09 0.09
0.27 0.06 0.12 0.33 0.30 0.15 0.27 0.14 0.18 0.37 0.13 0.25 0.26 0.10 0.04 0.29 0.26 0.04 0.17 0.24 0.10 0.24 0.10 0.17 0.03 0.30 0.30 0.30 0.20 0.13 0.25 0.24 0.17 0.03 0.18 0.22 0.39 0.25 0.09 0.33 0.35 0.26 0.16 0.34 0.17 0.18 0.16 0.30 0.13 0.20 0.12 0.12 0.11 0.30 0.17 0.15 0.23 0.06 0.17 0.21 0.30 0.04 0.30 0.28 0.20 0.05 0.15 0.30 0.31 0.06 0.20 0.18 0.24 0.04 0.21 0.26 0.21 0.18 0.29 0.12 0.16 0.21 0.20 0.28 0.40 0.09 0.27 0.44 0.20 0.35 0.09 0.00 0.08 0.23 0.15 0.12 0.22 0.18 0.18 0.18
0.19 0.08 0.06 0.25 0.22 0.09 0.20 0.17 0.10 0.29 0.07 0.17 0.18 0.04 0.05 0.21 0.17 0.09 0.08 0.18 0.05 0.16 0.04 0.09 0.07 0.22 0.22 0.21 0.23 0.12 0.16 0.15 0.08 0.07 0.24 0.17 0.31 0.20 0.02 0.25 0.27 0.19 0.07 0.26 0.11 0.10 0.08 0.21 0.05 0.12 0.06 0.07 0.05 0.21 0.10 0.10 0.15 0.04 0.09 0.13 0.22 0.06 0.22 0.19 0.12 0.04 0.06 0.21 0.23 0.04 0.14 0.13 0.16 0.07 0.15 0.17 0.12 0.15 0.21 0.03 0.18 0.15 0.12 0.20 0.32 0.07 0.18 0.36 0.13 0.27 0.04 0.08 0.00 0.15 0.14 0.13 0.14 0.10 0.10 0.11
0.05 0.23 0.16 0.10 0.12 0.15 0.35 0.32 0.13 0.14 0.14 0.11 0.04 0.18 0.20 0.28 0.25 0.23 0.11 0.04 0.17 0.21 0.13 0.06 0.21 0.27 0.07 0.12 0.37 0.27 0.12 0.23 0.18 0.22 0.38 0.06 0.17 0.06 0.14 0.11 0.21 0.34 0.09 0.16 0.06 0.21 0.15 0.21 0.17 0.06 0.10 0.12 0.20 0.31 0.06 0.24 0.24 0.18 0.18 0.22 0.10 0.21 0.25 0.29 0.10 0.18 0.14 0.20 0.24 0.18 0.03 0.28 0.18 0.22 0.29 0.13 0.11 0.30 0.25 0.13 0.33 0.04 0.09 0.34 0.17 0.21 0.25 0.21 0.03 0.12 0.18 0.23 0.15 0.00 0.28 0.27 0.16 0.11 0.20 0.26
0.23 0.15 0.20 0.22 0.16 0.23 0.12 0.03 0.15 0.22 0.21 0.17 0.26 0.10 0.12 0.14 0.11 0.12 0.17 0.32 0.19 0.10 0.18 0.22 0.13 0.16 0.23 0.17 0.09 0.02 0.17 0.09 0.11 0.14 0.10 0.31 0.25 0.34 0.15 0.18 0.21 0.12 0.19 0.19 0.25 0.07 0.13 0.15 0.12 0.22 0.20 0.21 0.09 0.15 0.24 0.04 0.09 0.10 0.11 0.07 0.19 0.10 0.16 0.13 0.18 0.13 0.14 0.15 0.17 0.10 0.28 0.03 0.10 0.14 0.06 0.15 0.17 0.04 0.15 0.15 0.05 0.29 0.19 0.14 0.26 0.17 0.12 0.29 0.27 0.22 0.10 0.15 0.14 0.28 0.00 0.03 0.12 0.17 0.09 0.04
0.22 0.14 0.19 0.21 0.19 0.22 0.15 0.04 0.14 0.25 0.20 0.16 0.25 0.09 0.12 0.17 0.14 0.09 0.17 0.31 0.18 0.13 0.17 0.21 0.10 0.19 0.22 0.18 0.10 0.01 0.15 0.12 0.10 0.11 0.11 0.30 0.28 0.33 0.14 0.21 0.24 0.15 0.18 0.22 0.24 0.07 0.12 0.18 0.11 0.21 0.18 0.20 0.07 0.18 0.23 0.04 0.12 0.09 0.10 0.10 0.19 0.07 0.19 0.16 0.17 0.12 0.13 0.18 0.20 0.09 0.27 0.06 0.13 0.12 0.09 0.15 0.16 0.07 0.18 0.15 0.06 0.28 0.18 0.17 0.29 0.16 0.15 0.32 0.26 0.23 0.09 0.12 0.13 0.27 0.03 0.00 0.11 0.16 0.07 0.07
0.11 0.22 0.15 0.11 0.08 0.14 0.19 0.15 0.04 0.15 0.14 0.05 0.14 0.13 0.19 0.12 0.09 0.19 0.06 0.20 0.16 0.06 0.12 0.10 0.21 0.11 0.11 0.07 0.21 0.11 0.04 0.07 0.06 0.21 0.22 0.18 0.17 0.21 0.14 0.11 0.13 0.18 0.07 0.12 0.12 0.05 0.06 0.07 0.09 0.10 0.10 0.12 0.12 0.15 0.12 0.08 0.07 0.17 0.05 0.06 0.08 0.18 0.09 0.13 0.06 0.18 0.08 0.07 0.09 0.17 0.16 0.12 0.03 0.21 0.13 0.03 0.05 0.14 0.09 0.11 0.17 0.17 0.07 0.18 0.18 0.21 0.09 0.21 0.15 0.12 0.14 0.22 0.14 0.16 0.12 0.11 0.00 0.05 0.04 0.10
0.09 0.17 0.11 0.15 0.12 0.10 0.24 0.21 0.02 0.19 0.09 0.07 0.09 0.08 0.15 0.17 0.14 0.15 0.01 0.15 0.12 0.11 0.08 0.05 0.16 0.15 0.12 0.12 0.26 0.15 0.07 0.12 0.07 0.17 0.27 0.13 0.21 0.17 0.09 0.15 0.17 0.23 0.02 0.16 0.07 0.10 0.04 0.12 0.06 0.05 0.05 0.07 0.09 0.20 0.07 0.13 0.12 0.12 0.07 0.11 0.12 0.14 0.14 0.18 0.03 0.14 0.03 0.12 0.13 0.12 0.11 0.17 0.07 0.17 0.18 0.08 0.03 0.19 0.14 0.06 0.22 0.12 0.03 0.23 0.22 0.16 0.14 0.26 0.10 0.17 0.09 0.18 0.10 0.11 0.17 0.16 0.05 0.00 0.09 0.15
0.15 0.18 0.12 0.15 0.12 0.15 0.15 0.12 0.07 0.19 0.13 0.09 0.18 0.09 0.15 0.11 0.08 0.15 0.09 0.24 0.12 0.06 0.10 0.14 0.16 0.12 0.15 0.12 0.17 0.07 0.08 0.06 0.02 0.17 0.18 0.22 0.21 0.25 0.09 0.15 0.17 0.14 0.11 0.16 0.16 0.01 0.05 0.12 0.05 0.14 0.11 0.12 0.07 0.12 0.15 0.04 0.05 0.12 0.02 0.03 0.12 0.14 0.12 0.10 0.10 0.14 0.06 0.12 0.13 0.12 0.20 0.08 0.06 0.17 0.10 0.07 0.09 0.10 0.11 0.07 0.13 0.21 0.11 0.14 0.22 0.17 0.09 0.26 0.18 0.17 0.09 0.18 0.10 0.20 0.09 0.07 0.04 0.09 0.00 0.06
0.21 0.18 0.17 0.20 0.14 0.21 0.09 0.06 0.12 0.19 0.19 0.15 0.24 0.09 0.15 0.11 0.08 0.15 0.15 0.30 0.16 0.06 0.15 0.20 0.16 0.12 0.21 0.14 0.12 0.05 0.14 0.06 0.08 0.17 0.12 0.28 0.21 0.31 0.13 0.15 0.17 0.08 0.17 0.16 0.22 0.05 0.11 0.12 0.09 0.20 0.17 0.18 0.07 0.12 0.21 0.03 0.05 0.12 0.08 0.04 0.16 0.14 0.12 0.10 0.16 0.14 0.12 0.12 0.13 0.12 0.26 0.02 0.07 0.17 0.04 0.13 0.15 0.04 0.11 0.13 0.07 0.27 0.17 0.10 0.22 0.17 0.09 0.26 0.24 0.19 0.09 0.18 0.11 0.26 0.04 0.07 0.10 0.15 0.06 0.00
Team_tasks_times:
Team 0:
1: 0.25
2: 0.25
3: 4.00 2.00 1.00
4: 1.00 1.00 2.00 0.50 0.75
5: 0.25
6: 4.00 2.00 1.00
7: 1.00 1.00 2.00 0.50 0.75
8: 4.00 2.00 1.00
9: 0.25
10: 4.00 2.00 1.00
11: 0.25
12: 0.25
13: 4.00 2.00 1.00
14: 4.00 2.00 1.00
15: 0.25
16: 1.00 1.00 2.00 0.50 0.75
17: 1.00 1.00 2.00 0.50 0.75
18: 0.25
19: 1.00 1.00 2.00 0.50 0.75
20: 4.00 2.00 1.00
21: 0.25
22: 0.25
23: 1.00 1.00 2.00 0.50 0.75
24: 1.00 1.00 2.00 0.50 0.75
25: 0.25
26: 1.00 1.00 2.00 0.50 0.75
27: 0.25
28: 0.25
29: 1.00 1.00 2.00 0.50 0.75
30: 4.00 2.00 1.00
31: 4.00 2.00 1.00
32: 1.00 1.00 2.00 0.50 0.75
33: 0.25
34: 1.00 1.00 2.00 0.50 0.75
35: 0.25
36: 1.00 1.00 2.00 0.50 0.75
37: 1.00 1.00 2.00 0.50 0.75
38: 0.25
39: 1.00 1.00 2.00 0.50 0.75
40: 0.25
41: 0.25
42: 1.00 1.00 2.00 0.50 0.75
43: 1.00 1.00 2.00 0.50 0.75
44: 4.00 2.00 1.00
45: 1.00 1.00 2.00 0.50 0.75
46: 4.00 2.00 1.00
47: 4.00 2.00 1.00
48: 1.00 1.00 2.00 0.50 0.75
49: 0.25
50: 1.00 1.00 2.00 0.50 0.75
51: 0.25
52: 0.25
53: 4.00 2.00 1.00
54: 4.00 2.00 1.00
55: 4.00 2.00 1.00
56: 4.00 2.00 1.00
57: 1.00 1.00 2.00 0.50 0.75
58: 4.00 2.00 1.00
59: 4.00 2.00 1.00
60: 1.00 1.00 2.00 0.50 0.75
61: 1.00 1.00 2.00 0.50 0.75
62: 0.25
63: 4.00 2.00 1.00
64: 4.00 2.00 1.00
65: 4.00 2.00 1.00
66: 4.00 2.00 1.00
67: 0.25
68: 0.25
69: 1.00 1.00 2.00 0.50 0.75
70: 4.00 2.00 1.00
71: 4.00 2.00 1.00
72: 4.00 2.00 1.00
73: 4.00 2.00 1.00
74: 4.00 2.00 1.00
75: 4.00 2.00 1.00
76: 4.00 2.00 1.00
77: 0.25
78: 1.00 1.00 2.00 0.50 0.75
79: 0.25
80: 0.25
81: 1.00 1.00 2.00 0.50 0.75
82: 1.00 1.00 2.00 0.50 0.75
83: 0.25
84: 1.00 1.00 2.00 0.50 0.75
85: 1.00 1.00 2.00 0.50 0.75
86: 0.25
87: 1.00 1.00 2.00 0.50 0.75
88: 0.25
89: 4.00 2.00 1.00
90: 4.00 2.00 1.00
91: 0.25
92: 0.25
93: 1.00 1.00 2.00 0.50 0.75
94: 0.25
95: 1.00 1.00 2.00 0.50 0.75
96: 4.00 2.00 1.00
97: 4.00 2.00 1.00
98: 0.25
99: 0.25
Team 1:
1: 1.00
2: 1.00
3: 1.00 0.50 2.00
4: 4.00 1.00 0.50 0.25 0.75
5: 1.00
6: 1.00 0.50 2.00
7: 4.00 1.00 0.50 0.25 0.75
8: 1.00 0.50 2.00
9: 1.00
10: 1.00 0.50 2.00
11: 1.00
12: 1.00
13: 1.00 0.50 2.00
14: 1.00 0.50 2.00
15: 1.00
16: 4.00 1.00 0.50 0.25 0.75
17: 4.00 1.00 0.50 0.25 0.75
18: 1.00
19: 4.00 1.00 0.50 0.25 0.75
20: 1.00 0.50 2.00
21: 1.00
22: 1.00
23: 4.00 1.00 0.50 0.25 0.75
24: 4.00 1.00 0.50 0.25 0.75
25: 1.00
26: 4.00 1.00 0.50 0.25 0.75
27: 1.00
28: 1.00
29: 4.00 1.00 0.50 0.25 0.75
30: 1.00 0.50 2.00
31: 1.00 0.50 2.00
32: 4.00 1.00 0.50 0.25 0.75
33: 1.00
34: 4.00 1.00 0.50 0.25 0.75
35: 1.00
36: 4.00 1.00 0.50 0.25 0.75
37: 4.00 1.00 0.50 0.25 0.75
38: 1.00
39: 4.00 1.00 0.50 0.25 0.75
40: 1.00
41: 1.00
42: 4.00 1.00 0.50 0.25 0.75
43: 4.00 1.00 0.50 0.25 0.75
44: 1.00 0.50 2.00
45: 4.00 1.00 0.50 0.25 0.75
46: 1.00 0.50 2.00
47: 1.00 0.50 2.00
48: 4.00 1.00 0.50 0.25 0.75
49: 1.00
50: 4.00 1.00 0.50 0.25 0.75
51: 1.00
52: 1.00
53: 1.00 0.50 2.00
54: 1.00 0.50 2.00
55: 1.00 0.50 2.00
56: 1.00 0.50 2.00
57: 4.00 1.00 0.50 0.25 0.75
58: 1.00 0.50 2.00
59: 1.00 0.50 2.00
60: 4.00 1.00 0.50 0.25 0.75
61: 4.00 1.00 0.50 0.25 0.75
62: 1.00
63: 1.00 0.50 2.00
64: 1.00 0.50 2.00
65: 1.00 0.50 2.00
66: 1.00 0.50 2.00
67: 1.00
68: 1.00
69: 4.00 1.00 0.50 0.25 0.75
70: 1.00 0.50 2.00
71: 1.00 0.50 2.00
72: 1.00 0.50 2.00
73: 1.00 0.50 2.00
74: 1.00 0.50 2.00
75: 1.00 0.50 2.00
76: 1.00 0.50 2.00
77: 1.00
78: 4.00 1.00 0.50 0.25 0.75
79: 1.00
80: 1.00
81: 4.00 1.00 0.50 0.25 0.75
82: 4.00 1.00 0.50 0.25 0.75
83: 1.00
84: 4.00 1.00 0.50 0.25 0.75
85: 4.00 1.00 0.50 0.25 0.75
86: 1.00
87: 4.00 1.00 0.50 0.25 0.75
88: 1.00
89: 1.00 0.50 2.00
90: 1.00 0.50 2.00
91: 1.00
92: 1.00
93: 4.00 1.00 0.50 0.25 0.75
94: 1.00
95: 4.00 1.00 0.50 0.25 0.75
96: 1.00 0.50 2.00
97: 1.00 0.50 2.00
98: 1.00
99: 1.00
Team 2:
1: 1.00
2: 1.00
3: 2.00 0.50 4.00
4: 2.00 1.00 0.50 0.25 3.00
5: 1.00
6: 2.00 0.50 4.00
7: 2.00 1.00 0.50 0.25 3.00
8: 2.00 0.50 4.00
9: 1.00
10: 2.00 0.50 4.00
11: 1.00
12: 1.00
13: 2.00 0.50 4.00
14: 2.00 0.50 4.00
15: 1.00
16: 2.00 1.00 0.50 0.25 3.00
17: 2.00 1.00 0.50 0.25 3.00
18: 1.00
19: 2.00 1.00 0.50 0.25 3.00
20: 2.00 0.50 4.00
21: 1.00
22: 1.00
23: 2.00 1.00 0.50 0.25 3.00
24: 2.00 1.00 0.50 0.25 3.00
25: 1.00
26: 2.00 1.00 0.50 0.25 3.00
27: 1.00
28: 1.00
29: 2.00 1.00 0.50 0.25 3.00
30: 2.00 0.50 4.00
31: 2.00 0.50 4.00
32: 2.00 1.00 0.50 0.25 3.00
33: 1.00
34: 2.00 1.00 0.50 0.25 3.00
35: 1.00
36: 2.00 1.00 0.50 0.25 3.00
37: 2.00 1.00 0.50 0.25 3.00
38: 1.00
39: 2.00 1.00 0.50 0.25 3.00
40: 1.00
41: 1.00
42: 2.00 1.00 0.50 0.25 3.00
43: 2.00 1.00 0.50 0.25 3.00
44: 2.00 0.50 4.00
45: 2.00 1.00 0.50 0.25 3.00
46: 2.00 0.50 4.00
47: 2.00 0.50 4.00
48: 2.00 1.00 0.50 0.25 3.00
49: 1.00
50: 2.00 1.00 0.50 0.25 3.00
51: 1.00
52: 1.00
53: 2.00 0.50 4.00
54: 2.00 0.50 4.00
55: 2.00 0.50 4.00
56: 2.00 0.50 4.00
57: 2.00 1.00 0.50 0.25 3.00
58: 2.00 0.50 4.00
59: 2.00 0.50 4.00
60: 2.00 1.00 0.50 0.25 3.00
61: 2.00 1.00 0.50 0.25 3.00
62: 1.00
63: 2.00 0.50 4.00
64: 2.00 0.50 4.00
65: 2.00 0.50 4.00
66: 2.00 0.50 4.00
67: 1.00
68: 1.00
69: 2.00 1.00 0.50 0.25 3.00
70: 2.00 0.50 4.00
71: 2.00 0.50 4.00
72: 2.00 0.50 4.00
73: 2.00 0.50 4.00
74: 2.00 0.50 4.00
75: 2.00 0.50 4.00
76: 2.00 0.50 4.00
77: 1.00
78: 2.00 1.00 0.50 0.25 3.00
79: 1.00
80: 1.00
81: 2.00 1.00 0.50 0.25 3.00
82: 2.00 1.00 0.50 0.25 3.00
83: 1.00
84: 2.00 1.00 0.50 0.25 3.00
85: 2.00 1.00 0.50 0.25 3.00
86: 1.00
87: 2.00 1.00 0.50 0.25 3.00
88: 1.00
89: 2.00 0.50 4.00
90: 2.00 0.50 4.00
91: 1.00
92: 1.00
93: 2.00 1.00 0.50 0.25 3.00
94: 1.00
95: 2.00 1.00 0.50 0.25 3.00
96: 2.00 0.50 4.00
97: 2.00 0.50 4.00
98: 1.00
99: 1.00
