Number_of_customers: 100
Number_of_teams: 3
Number_of_services: 3
Customers_requested_services:
1 0 0 1 2 0 0 0 2 0 2 0 1 2 0 0 0 2 1 0 2 1 1 2 1 1 0 0 1 1 1 1 1 0 0 0 2 1 2 1 1 2 0 2 0 0 2 1 0 2 2 0 2 1 2 0 2 1 2 1 0 1 0 2 2 2 1 2 0 2 0 0 1 2 0 0 2 1 1 2 0 0 1 1 1 0 2 2 1 1 2 1 1 0 0 0 0 1 0
Daily_available_time: 8
Service 0:
Number_of_tasks: 1
Dependencies:
0: 
Service 1:
Number_of_tasks: 3
Dependencies:
0: 
1: 0
2: 1
Service 2:
Number_of_tasks: 5
Dependencies:
0: 
1: 
2: 4
3: 
4: 0 1 3
Travel_times:
0.00 0.20 0.04 0.26 0.31 0.23 0.06 0.12 0.22 0.25 0.30 0.09 0.12 0.23 0.05 0.17 0.17 0.03 0.08 0.07 0.20 0.06 0.05 0.21 0.18 0.16 0.28 0.04 0.27 0.09 0.19 0.23 0.10 0.21 0.12 0.17 0.09 0.07 0.16 0.15 0.13 0.11 0.03 0.15 0.09 0.23 0.12 0.06 0.18 0.07 0.24 0.04 0.17 0.09 0.07 0.10 0.16 0.20 0.19 0.15 0.09 0.09 0.15 0.25 0.11 0.16 0.14 0.14 0.17 0.32 0.12 0.12 0.03 0.07 0.12 0.07 0.10 0.21 0.07 0.17 0.19 0.07 0.11 0.21 0.20 0.09 0.23 0.09 0.07 0.21 0.06 0.19 0.09 0.13 0.01 0.13 0.11 0.17 0.17 0.14
0.20 0.00 0.18 0.21 0.17 0.11 0.15 0.15 0.03 0.22 0.18 0.21 0.15 0.09 0.18 0.02 0.09 0.23 0.28 0.21 0.06 0.19 0.24 0.29 0.04 0.12 0.14 0.17 0.17 0.10 0.28 0.15 0.21 0.12 0.31 0.13 0.27 0.26 0.10 0.04 0.33 0.30 0.23 0.10 0.11 0.11 0.30 0.26 0.01 0.26 0.04 0.23 0.12 0.17 0.27 0.27 0.26 0.39 0.21 0.27 0.28 0.15 0.21 0.26 0.09 0.04 0.33 0.33 0.15 0.19 0.31 0.13 0.17 0.21 0.10 0.22 0.21 0.22 0.21 0.03 0.03 0.17 0.15 0.09 0.39 0.13 0.09 0.17 0.12 0.07 0.26 0.06 0.29 0.31 0.20 0.10 0.15 0.37 0.22 0.34
0.04 0.18 0.00 0.22 0.27 0.19 0.03 0.11 0.21 0.21 0.26 0.10 0.10 0.19 0.08 0.16 0.16 0.04 0.10 0.11 0.17 0.09 0.06 0.17 0.15 0.12 0.24 0.07 0.23 0.08 0.15 0.19 0.11 0.18 0.13 0.15 0.09 0.08 0.12 0.14 0.15 0.12 0.04 0.12 0.07 0.19 0.12 0.07 0.17 0.08 0.22 0.05 0.13 0.07 0.08 0.08 0.12 0.21 0.15 0.11 0.10 0.08 0.12 0.21 0.09 0.15 0.15 0.15 0.14 0.28 0.12 0.08 0.03 0.03 0.10 0.11 0.06 0.17 0.11 0.15 0.17 0.07 0.10 0.20 0.21 0.05 0.21 0.08 0.06 0.17 0.07 0.15 0.10 0.13 0.03 0.12 0.07 0.19 0.14 0.15
0.26 0.21 0.22 0.00 0.07 0.11 0.20 0.27 0.24 0.01 0.04 0.32 0.27 0.13 0.30 0.19 0.20 0.26 0.20 0.33 0.15 0.31 0.21 0.07 0.18 0.10 0.09 0.29 0.04 0.16 0.07 0.07 0.33 0.10 0.14 0.25 0.17 0.26 0.12 0.17 0.12 0.15 0.26 0.12 0.21 0.11 0.13 0.28 0.20 0.18 0.26 0.24 0.10 0.29 0.25 0.15 0.10 0.18 0.07 0.11 0.17 0.27 0.10 0.04 0.15 0.18 0.19 0.24 0.08 0.06 0.14 0.14 0.25 0.19 0.21 0.33 0.15 0.04 0.33 0.19 0.21 0.28 0.26 0.23 0.18 0.17 0.25 0.29 0.22 0.16 0.25 0.15 0.28 0.12 0.25 0.21 0.15 0.15 0.08 0.12
0.31 0.17 0.27 0.07 0.00 0.07 0.25 0.32 0.20 0.07 0.03 0.37 0.32 0.08 0.35 0.18 0.25 0.31 0.25 0.38 0.10 0.36 0.26 0.14 0.12 0.15 0.03 0.34 0.04 0.21 0.13 0.07 0.38 0.09 0.18 0.30 0.22 0.31 0.15 0.15 0.18 0.20 0.31 0.15 0.26 0.08 0.18 0.33 0.16 0.23 0.21 0.29 0.14 0.34 0.30 0.21 0.15 0.24 0.12 0.16 0.22 0.32 0.15 0.11 0.20 0.21 0.24 0.29 0.13 0.04 0.19 0.19 0.30 0.24 0.27 0.38 0.21 0.09 0.38 0.15 0.20 0.33 0.31 0.25 0.24 0.21 0.26 0.34 0.27 0.10 0.30 0.11 0.33 0.17 0.30 0.27 0.20 0.22 0.13 0.19
0.23 0.11 0.19 0.11 0.07 0.00 0.17 0.24 0.14 0.11 0.07 0.30 0.25 0.02 0.27 0.11 0.17 0.23 0.18 0.30 0.05 0.28 0.18 0.18 0.07 0.07 0.05 0.26 0.07 0.14 0.17 0.04 0.31 0.02 0.20 0.22 0.16 0.23 0.07 0.08 0.22 0.19 0.23 0.07 0.18 0.01 0.19 0.25 0.10 0.15 0.15 0.22 0.07 0.26 0.23 0.15 0.15 0.28 0.10 0.16 0.17 0.24 0.10 0.15 0.12 0.13 0.22 0.22 0.06 0.09 0.20 0.12 0.23 0.16 0.19 0.30 0.13 0.11 0.30 0.08 0.12 0.26 0.24 0.17 0.28 0.14 0.18 0.26 0.20 0.06 0.23 0.05 0.26 0.20 0.22 0.19 0.12 0.26 0.11 0.23
0.06 0.15 0.03 0.20 0.25 0.17 0.00 0.08 0.18 0.19 0.24 0.12 0.07 0.17 0.10 0.13 0.14 0.07 0.12 0.12 0.15 0.11 0.09 0.16 0.12 0.11 0.22 0.09 0.21 0.05 0.14 0.17 0.13 0.16 0.15 0.12 0.11 0.11 0.11 0.11 0.17 0.14 0.07 0.10 0.04 0.17 0.15 0.10 0.14 0.11 0.20 0.08 0.11 0.09 0.11 0.11 0.11 0.24 0.13 0.11 0.12 0.07 0.10 0.19 0.07 0.12 0.18 0.18 0.12 0.26 0.15 0.06 0.05 0.05 0.07 0.12 0.06 0.16 0.12 0.13 0.15 0.08 0.07 0.17 0.24 0.04 0.19 0.09 0.03 0.15 0.10 0.14 0.13 0.16 0.05 0.09 0.05 0.21 0.12 0.18
0.12 0.15 0.11 0.27 0.32 0.24 0.08 0.00 0.12 0.26 0.31 0.05 0.00 0.24 0.07 0.14 0.07 0.15 0.20 0.06 0.21 0.06 0.17 0.23 0.19 0.17 0.29 0.07 0.28 0.11 0.21 0.24 0.06 0.23 0.23 0.05 0.19 0.18 0.17 0.17 0.25 0.22 0.15 0.17 0.06 0.24 0.22 0.18 0.16 0.18 0.12 0.15 0.18 0.03 0.19 0.19 0.18 0.31 0.20 0.19 0.20 0.03 0.17 0.26 0.12 0.11 0.26 0.26 0.19 0.33 0.23 0.13 0.09 0.13 0.05 0.14 0.13 0.23 0.06 0.17 0.12 0.04 0.01 0.09 0.32 0.10 0.11 0.03 0.04 0.22 0.18 0.21 0.21 0.24 0.12 0.05 0.12 0.29 0.18 0.26
0.22 0.03 0.21 0.24 0.20 0.14 0.18 0.12 0.00 0.25 0.20 0.17 0.12 0.12 0.17 0.05 0.06 0.25 0.30 0.18 0.09 0.16 0.27 0.31 0.07 0.15 0.17 0.17 0.20 0.13 0.31 0.17 0.18 0.14 0.34 0.10 0.29 0.29 0.12 0.07 0.35 0.32 0.25 0.12 0.14 0.14 0.33 0.28 0.04 0.29 0.02 0.26 0.15 0.14 0.29 0.29 0.28 0.42 0.24 0.29 0.31 0.13 0.24 0.29 0.12 0.06 0.36 0.36 0.18 0.22 0.33 0.15 0.19 0.23 0.11 0.25 0.24 0.24 0.18 0.05 0.03 0.15 0.12 0.06 0.42 0.15 0.06 0.14 0.15 0.10 0.28 0.09 0.31 0.34 0.22 0.09 0.17 0.40 0.24 0.36
0.25 0.22 0.21 0.01 0.07 0.11 0.19 0.26 0.25 0.00 0.05 0.31 0.26 0.14 0.29 0.20 0.20 0.25 0.20 0.32 0.16 0.30 0.20 0.07 0.19 0.10 0.10 0.28 0.05 0.15 0.06 0.08 0.32 0.11 0.13 0.24 0.16 0.25 0.12 0.18 0.12 0.14 0.25 0.12 0.20 0.11 0.12 0.27 0.21 0.17 0.26 0.24 0.10 0.28 0.24 0.15 0.09 0.18 0.06 0.10 0.16 0.26 0.09 0.04 0.14 0.18 0.18 0.24 0.07 0.07 0.13 0.13 0.24 0.18 0.21 0.32 0.15 0.04 0.32 0.20 0.21 0.28 0.25 0.24 0.17 0.16 0.26 0.28 0.21 0.17 0.24 0.16 0.27 0.12 0.24 0.21 0.14 0.15 0.07 0.12
0.30 0.18 0.26 0.04 0.03 0.07 0.24 0.31 0.20 0.05 0.00 0.36 0.31 0.09 0.34 0.17 0.24 0.30 0.25 0.37 0.12 0.35 0.25 0.11 0.14 0.14 0.05 0.33 0.03 0.21 0.11 0.07 0.37 0.08 0.18 0.29 0.21 0.30 0.14 0.15 0.17 0.19 0.30 0.14 0.25 0.07 0.17 0.32 0.17 0.22 0.22 0.29 0.13 0.33 0.29 0.20 0.14 0.23 0.11 0.15 0.21 0.31 0.14 0.08 0.19 0.20 0.24 0.29 0.12 0.02 0.18 0.18 0.29 0.23 0.26 0.37 0.20 0.09 0.37 0.15 0.19 0.33 0.30 0.24 0.21 0.21 0.25 0.33 0.27 0.12 0.29 0.12 0.32 0.17 0.29 0.26 0.19 0.19 0.12 0.17
0.09 0.21 0.10 0.32 0.37 0.30 0.12 0.05 0.17 0.31 0.36 0.00 0.05 0.29 0.03 0.19 0.12 0.12 0.17 0.02 0.27 0.03 0.13 0.28 0.25 0.23 0.34 0.04 0.33 0.16 0.26 0.30 0.02 0.28 0.20 0.08 0.16 0.15 0.23 0.22 0.22 0.19 0.12 0.22 0.12 0.29 0.19 0.15 0.21 0.15 0.17 0.12 0.23 0.03 0.15 0.17 0.23 0.28 0.25 0.21 0.17 0.05 0.22 0.31 0.17 0.16 0.22 0.22 0.24 0.38 0.20 0.18 0.07 0.13 0.11 0.11 0.17 0.28 0.03 0.22 0.17 0.04 0.06 0.12 0.28 0.15 0.14 0.04 0.10 0.27 0.15 0.26 0.17 0.20 0.09 0.11 0.17 0.26 0.24 0.23
0.12 0.15 0.10 0.27 0.32 0.25 0.07 0.00 0.12 0.26 0.31 0.05 0.00 0.24 0.06 0.14 0.07 0.15 0.20 0.06 0.22 0.06 0.16 0.23 0.20 0.17 0.29 0.07 0.28 0.11 0.21 0.25 0.06 0.23 0.23 0.05 0.19 0.18 0.17 0.17 0.25 0.22 0.15 0.17 0.07 0.24 0.22 0.18 0.16 0.18 0.12 0.15 0.18 0.03 0.18 0.18 0.17 0.31 0.20 0.19 0.20 0.02 0.17 0.26 0.12 0.11 0.25 0.25 0.19 0.33 0.23 0.13 0.09 0.13 0.06 0.14 0.13 0.23 0.06 0.17 0.12 0.04 0.01 0.10 0.31 0.11 0.11 0.03 0.05 0.22 0.17 0.21 0.21 0.23 0.12 0.06 0.12 0.29 0.19 0.26
0.23 0.09 0.19 0.13 0.08 0.02 0.17 0.24 0.12 0.14 0.09 0.29 0.24 0.00 0.27 0.11 0.17 0.23 0.19 0.30 0.03 0.28 0.18 0.20 0.05 0.07 0.05 0.26 0.09 0.14 0.20 0.06 0.30 0.03 0.22 0.22 0.18 0.23 0.07 0.07 0.24 0.21 0.23 0.07 0.18 0.02 0.21 0.25 0.08 0.17 0.13 0.21 0.06 0.26 0.22 0.18 0.17 0.30 0.12 0.18 0.19 0.24 0.12 0.17 0.12 0.13 0.25 0.25 0.07 0.11 0.22 0.11 0.22 0.16 0.19 0.30 0.13 0.13 0.30 0.07 0.12 0.26 0.23 0.17 0.31 0.14 0.18 0.26 0.20 0.03 0.22 0.04 0.25 0.23 0.22 0.19 0.12 0.28 0.13 0.25
0.05 0.18 0.08 0.30 0.35 0.27 0.10 0.07 0.17 0.29 0.34 0.03 0.06 0.27 0.00 0.17 0.12 0.08 0.14 0.03 0.25 0.01 0.10 0.26 0.22 0.20 0.32 0.01 0.31 0.14 0.24 0.27 0.05 0.26 0.17 0.11 0.13 0.12 0.20 0.20 0.18 0.15 0.09 0.20 0.09 0.27 0.17 0.12 0.19 0.12 0.18 0.09 0.21 0.04 0.12 0.14 0.20 0.25 0.23 0.19 0.14 0.04 0.20 0.29 0.15 0.14 0.19 0.19 0.22 0.36 0.16 0.16 0.05 0.11 0.08 0.08 0.14 0.26 0.03 0.20 0.15 0.02 0.06 0.16 0.25 0.13 0.17 0.04 0.07 0.25 0.11 0.24 0.14 0.17 0.06 0.08 0.15 0.23 0.21 0.20
0.17 0.02 0.16 0.19 0.18 0.11 0.13 0.14 0.05 0.20 0.17 0.19 0.14 0.11 0.17 0.00 0.07 0.20 0.26 0.19 0.08 0.17 0.22 0.27 0.06 0.10 0.15 0.15 0.15 0.08 0.26 0.12 0.20 0.09 0.29 0.11 0.25 0.24 0.08 0.03 0.31 0.28 0.21 0.08 0.09 0.10 0.28 0.24 0.03 0.24 0.06 0.21 0.10 0.15 0.24 0.24 0.23 0.37 0.19 0.25 0.26 0.14 0.19 0.24 0.07 0.03 0.31 0.31 0.13 0.20 0.28 0.11 0.14 0.18 0.08 0.20 0.19 0.20 0.19 0.04 0.02 0.15 0.13 0.07 0.37 0.11 0.07 0.15 0.10 0.08 0.23 0.07 0.26 0.29 0.17 0.08 0.12 0.35 0.20 0.32
0.17 0.09 0.16 0.20 0.25 0.17 0.14 0.07 0.06 0.20 0.24 0.12 0.07 0.17 0.12 0.07 0.00 0.21 0.26 0.12 0.15 0.12 0.22 0.27 0.12 0.11 0.22 0.13 0.21 0.08 0.26 0.17 0.13 0.16 0.29 0.04 0.25 0.24 0.11 0.10 0.31 0.28 0.21 0.10 0.09 0.17 0.28 0.24 0.09 0.24 0.06 0.21 0.11 0.09 0.25 0.25 0.24 0.37 0.19 0.25 0.26 0.08 0.19 0.24 0.07 0.04 0.31 0.31 0.14 0.26 0.29 0.11 0.15 0.19 0.06 0.20 0.19 0.20 0.12 0.10 0.05 0.10 0.07 0.04 0.37 0.11 0.05 0.09 0.10 0.15 0.24 0.14 0.27 0.29 0.18 0.04 0.13 0.35 0.20 0.32
0.03 0.23 0.04 0.26 0.31 0.23 0.07 0.15 0.25 0.25 0.30 0.12 0.15 0.23 0.08 0.20 0.21 0.00 0.05 0.10 0.20 0.09 0.05 0.21 0.19 0.16 0.28 0.07 0.27 0.12 0.19 0.23 0.13 0.21 0.12 0.20 0.09 0.04 0.16 0.18 0.13 0.11 0.00 0.15 0.12 0.23 0.12 0.03 0.21 0.07 0.27 0.01 0.17 0.12 0.04 0.10 0.16 0.17 0.19 0.15 0.09 0.12 0.15 0.25 0.14 0.19 0.11 0.11 0.17 0.32 0.12 0.12 0.06 0.07 0.15 0.07 0.10 0.21 0.09 0.20 0.22 0.10 0.14 0.24 0.17 0.10 0.26 0.12 0.10 0.21 0.03 0.19 0.06 0.13 0.03 0.16 0.11 0.15 0.17 0.13
0.08 0.28 0.10 0.20 0.25 0.18 0.12 0.20 0.30 0.20 0.25 0.17 0.20 0.19 0.14 0.26 0.26 0.05 0.00 0.15 0.21 0.14 0.04 0.16 0.24 0.15 0.23 0.13 0.21 0.17 0.14 0.18 0.18 0.16 0.07 0.25 0.04 0.05 0.18 0.24 0.08 0.06 0.06 0.18 0.17 0.17 0.07 0.07 0.27 0.02 0.32 0.04 0.16 0.17 0.05 0.05 0.11 0.11 0.14 0.10 0.03 0.17 0.10 0.19 0.19 0.24 0.06 0.06 0.12 0.27 0.06 0.15 0.11 0.07 0.20 0.12 0.07 0.16 0.14 0.25 0.27 0.15 0.19 0.29 0.12 0.15 0.31 0.17 0.15 0.22 0.05 0.21 0.08 0.08 0.08 0.21 0.13 0.09 0.12 0.08
0.07 0.21 0.11 0.33 0.38 0.30 0.12 0.06 0.18 0.32 0.37 0.02 0.06 0.30 0.03 0.19 0.12 0.10 0.15 0.00 0.27 0.02 0.12 0.28 0.25 0.23 0.35 0.04 0.34 0.16 0.26 0.30 0.03 0.29 0.19 0.10 0.16 0.14 0.23 0.22 0.20 0.18 0.10 0.23 0.12 0.30 0.20 0.13 0.22 0.15 0.17 0.11 0.24 0.04 0.14 0.17 0.23 0.27 0.26 0.22 0.15 0.06 0.23 0.32 0.18 0.17 0.21 0.21 0.25 0.39 0.18 0.18 0.07 0.14 0.11 0.10 0.17 0.28 0.02 0.23 0.18 0.04 0.07 0.14 0.27 0.16 0.16 0.04 0.10 0.28 0.13 0.26 0.16 0.20 0.08 0.11 0.18 0.25 0.24 0.21
0.20 0.06 0.17 0.15 0.10 0.05 0.15 0.21 0.09 0.16 0.12 0.27 0.22 0.03 0.25 0.08 0.15 0.20 0.21 0.27 0.00 0.26 0.18 0.23 0.03 0.06 0.07 0.23 0.11 0.11 0.22 0.08 0.28 0.05 0.25 0.19 0.21 0.20 0.04 0.05 0.27 0.24 0.21 0.05 0.15 0.05 0.24 0.23 0.06 0.20 0.10 0.19 0.06 0.24 0.20 0.20 0.19 0.33 0.15 0.21 0.22 0.21 0.15 0.20 0.09 0.11 0.27 0.27 0.09 0.13 0.24 0.09 0.20 0.15 0.16 0.27 0.15 0.15 0.27 0.04 0.10 0.23 0.21 0.15 0.33 0.11 0.15 0.23 0.17 0.01 0.20 0.01 0.23 0.25 0.20 0.16 0.10 0.31 0.15 0.28
0.06 0.19 0.09 0.31 0.36 0.28 0.11 0.06 0.16 0.30 0.35 0.03 0.06 0.28 0.01 0.17 0.12 0.09 0.14 0.02 0.26 0.00 0.11 0.27 0.23 0.21 0.33 0.02 0.32 0.15 0.25 0.28 0.04 0.27 0.17 0.11 0.14 0.12 0.21 0.21 0.19 0.16 0.09 0.21 0.10 0.28 0.18 0.12 0.20 0.13 0.18 0.10 0.22 0.03 0.13 0.15 0.21 0.25 0.24 0.20 0.14 0.04 0.21 0.30 0.16 0.15 0.20 0.20 0.23 0.37 0.17 0.17 0.06 0.12 0.09 0.08 0.15 0.27 0.02 0.21 0.16 0.03 0.05 0.15 0.26 0.14 0.17 0.03 0.09 0.26 0.12 0.25 0.15 0.18 0.06 0.09 0.16 0.23 0.23 0.20
0.05 0.24 0.06 0.21 0.26 0.18 0.09 0.17 0.27 0.20 0.25 0.13 0.16 0.18 0.10 0.22 0.22 0.05 0.04 0.12 0.18 0.11 0.00 0.17 0.21 0.12 0.23 0.09 0.22 0.14 0.15 0.18 0.15 0.17 0.07 0.21 0.04 0.05 0.14 0.20 0.09 0.06 0.05 0.14 0.13 0.18 0.08 0.07 0.23 0.03 0.28 0.04 0.12 0.14 0.04 0.05 0.11 0.15 0.14 0.10 0.04 0.14 0.11 0.20 0.15 0.21 0.09 0.09 0.13 0.27 0.07 0.11 0.08 0.04 0.16 0.12 0.05 0.17 0.12 0.21 0.24 0.12 0.16 0.26 0.15 0.11 0.28 0.14 0.12 0.19 0.04 0.18 0.07 0.09 0.04 0.18 0.10 0.13 0.12 0.10
0.21 0.29 0.17 0.07 0.14 0.18 0.16 0.23 0.31 0.07 0.11 0.28 0.23 0.20 0.26 0.27 0.27 0.21 0.16 0.28 0.23 0.27 0.17 0.00 0.25 0.16 0.16 0.24 0.11 0.18 0.02 0.14 0.29 0.17 0.09 0.26 0.12 0.21 0.19 0.25 0.08 0.11 0.21 0.19 0.18 0.18 0.09 0.24 0.28 0.14 0.33 0.20 0.17 0.25 0.21 0.11 0.05 0.14 0.07 0.07 0.13 0.23 0.08 0.03 0.20 0.25 0.15 0.20 0.13 0.11 0.10 0.16 0.21 0.15 0.21 0.28 0.11 0.07 0.28 0.26 0.28 0.24 0.22 0.30 0.12 0.16 0.32 0.24 0.18 0.23 0.21 0.23 0.24 0.08 0.21 0.22 0.14 0.11 0.07 0.08
0.18 0.04 0.15 0.18 0.12 0.07 0.12 0.19 0.07 0.19 0.14 0.25 0.20 0.05 0.22 0.06 0.12 0.19 0.24 0.25 0.03 0.23 0.21 0.25 0.00 0.09 0.10 0.21 0.14 0.09 0.25 0.11 0.26 0.08 0.28 0.17 0.23 0.23 0.07 0.03 0.29 0.26 0.19 0.07 0.13 0.07 0.27 0.22 0.03 0.23 0.08 0.20 0.09 0.21 0.23 0.23 0.22 0.36 0.18 0.23 0.25 0.19 0.17 0.23 0.07 0.08 0.30 0.30 0.12 0.16 0.27 0.10 0.17 0.17 0.14 0.25 0.17 0.18 0.25 0.02 0.07 0.21 0.18 0.12 0.36 0.10 0.13 0.21 0.15 0.03 0.22 0.03 0.25 0.28 0.17 0.14 0.11 0.34 0.18 0.30
0.16 0.12 0.12 0.10 0.15 0.07 0.11 0.17 0.15 0.10 0.14 0.23 0.17 0.07 0.20 0.10 0.11 0.16 0.15 0.23 0.06 0.21 0.12 0.16 0.09 0.00 0.12 0.19 0.11 0.07 0.16 0.07 0.24 0.06 0.18 0.15 0.14 0.16 0.03 0.08 0.20 0.17 0.16 0.03 0.11 0.07 0.17 0.18 0.11 0.14 0.17 0.15 0.01 0.19 0.15 0.14 0.13 0.27 0.09 0.14 0.15 0.17 0.09 0.14 0.05 0.09 0.21 0.21 0.03 0.16 0.18 0.04 0.15 0.09 0.12 0.23 0.09 0.09 0.23 0.10 0.12 0.19 0.17 0.14 0.27 0.07 0.16 0.19 0.13 0.07 0.15 0.06 0.18 0.19 0.15 0.12 0.05 0.25 0.09 0.21
0.28 0.14 0.24 0.09 0.03 0.05 0.22 0.29 0.17 0.10 0.05 0.34 0.29 0.05 0.32 0.15 0.22 0.28 0.23 0.35 0.07 0.33 0.23 0.16 0.10 0.12 0.00 0.31 0.05 0.18 0.15 0.05 0.35 0.06 0.18 0.27 0.19 0.28 0.12 0.12 0.20 0.17 0.28 0.12 0.23 0.05 0.17 0.30 0.13 0.20 0.18 0.27 0.11 0.31 0.27 0.18 0.13 0.26 0.09 0.14 0.19 0.29 0.12 0.13 0.17 0.18 0.21 0.27 0.10 0.07 0.18 0.16 0.27 0.21 0.24 0.35 0.18 0.09 0.35 0.12 0.17 0.31 0.28 0.22 0.27 0.19 0.23 0.31 0.25 0.07 0.27 0.09 0.30 0.18 0.27 0.24 0.17 0.24 0.11 0.21
0.04 0.17 0.07 0.29 0.34 0.26 0.09 0.07 0.17 0.28 0.33 0.04 0.07 0.26 0.01 0.15 0.13 0.07 0.13 0.04 0.23 0.02 0.09 0.24 0.21 0.19 0.31 0.00 0.30 0.12 0.22 0.26 0.06 0.25 0.16 0.12 0.12 0.11 0.19 0.18 0.18 0.15 0.08 0.18 0.08 0.26 0.15 0.11 0.18 0.11 0.19 0.08 0.20 0.04 0.12 0.13 0.19 0.24 0.22 0.18 0.13 0.05 0.18 0.28 0.14 0.13 0.18 0.18 0.21 0.35 0.15 0.15 0.04 0.10 0.07 0.07 0.13 0.24 0.04 0.19 0.14 0.03 0.07 0.17 0.24 0.12 0.18 0.04 0.06 0.24 0.11 0.22 0.14 0.16 0.05 0.09 0.14 0.22 0.20 0.19
0.27 0.17 0.23 0.04 0.04 0.07 0.21 0.28 0.20 0.05 0.03 0.33 0.28 0.09 0.31 0.15 0.21 0.27 0.21 0.34 0.11 0.32 0.22 0.11 0.14 0.11 0.05 0.30 0.00 0.17 0.11 0.04 0.34 0.06 0.15 0.26 0.18 0.27 0.11 0.13 0.15 0.16 0.27 0.11 0.21 0.07 0.14 0.29 0.16 0.19 0.21 0.25 0.10 0.30 0.26 0.17 0.11 0.21 0.08 0.12 0.18 0.28 0.11 0.09 0.15 0.17 0.20 0.25 0.09 0.05 0.15 0.15 0.26 0.20 0.23 0.34 0.17 0.05 0.34 0.15 0.17 0.29 0.27 0.21 0.22 0.17 0.22 0.30 0.23 0.12 0.26 0.11 0.29 0.14 0.26 0.23 0.16 0.20 0.09 0.16
0.09 0.10 0.08 0.16 0.21 0.14 0.05 0.11 0.13 0.15 0.21 0.16 0.11 0.14 0.14 0.08 0.08 0.12 0.17 0.16 0.11 0.15 0.14 0.18 0.09 0.07 0.18 0.12 0.17 0.00 0.18 0.14 0.17 0.12 0.21 0.08 0.17 0.16 0.07 0.06 0.23 0.20 0.12 0.06 0.04 0.13 0.20 0.15 0.09 0.16 0.14 0.13 0.07 0.12 0.16 0.16 0.15 0.29 0.11 0.17 0.18 0.11 0.11 0.16 0.02 0.07 0.23 0.23 0.08 0.23 0.20 0.03 0.09 0.11 0.05 0.16 0.11 0.12 0.16 0.07 0.10 0.12 0.10 0.12 0.29 0.03 0.14 0.12 0.06 0.11 0.15 0.10 0.18 0.21 0.10 0.05 0.04 0.27 0.12 0.24
0.19 0.28 0.15 0.07 0.13 0.17 0.14 0.21 0.31 0.06 0.11 0.26 0.21 0.20 0.24 0.26 0.26 0.19 0.14 0.26 0.22 0.25 0.15 0.02 0.25 0.16 0.15 0.22 0.11 0.18 0.00 0.14 0.27 0.17 0.07 0.25 0.11 0.19 0.18 0.24 0.06 0.09 0.20 0.18 0.17 0.17 0.07 0.21 0.27 0.12 0.32 0.18 0.16 0.23 0.19 0.09 0.03 0.12 0.07 0.04 0.11 0.21 0.07 0.05 0.19 0.25 0.13 0.18 0.13 0.12 0.08 0.15 0.19 0.12 0.20 0.26 0.09 0.07 0.26 0.26 0.28 0.22 0.20 0.30 0.11 0.15 0.32 0.22 0.16 0.23 0.19 0.22 0.22 0.06 0.18 0.22 0.14 0.09 0.07 0.06
0.23 0.15 0.19 0.07 0.07 0.04 0.17 0.24 0.17 0.08 0.07 0.30 0.25 0.06 0.27 0.12 0.17 0.23 0.18 0.30 0.08 0.28 0.18 0.14 0.11 0.07 0.05 0.26 0.04 0.14 0.14 0.00 0.31 0.03 0.17 0.22 0.14 0.23 0.07 0.10 0.18 0.15 0.23 0.07 0.18 0.04 0.15 0.25 0.13 0.15 0.18 0.22 0.07 0.26 0.23 0.13 0.11 0.25 0.07 0.12 0.15 0.24 0.07 0.12 0.12 0.13 0.19 0.22 0.06 0.09 0.16 0.12 0.23 0.16 0.19 0.30 0.13 0.07 0.30 0.12 0.14 0.26 0.24 0.17 0.25 0.14 0.18 0.26 0.20 0.09 0.23 0.08 0.26 0.17 0.22 0.19 0.12 0.23 0.07 0.19
0.10 0.21 0.11 0.33 0.38 0.31 0.13 0.06 0.18 0.32 0.37 0.02 0.06 0.30 0.05 0.20 0.13 0.13 0.18 0.03 0.28 0.04 0.15 0.29 0.26 0.24 0.35 0.06 0.34 0.17 0.27 0.31 0.00 0.29 0.21 0.09 0.17 0.17 0.24 0.23 0.23 0.20 0.13 0.23 0.12 0.30 0.21 0.16 0.22 0.17 0.17 0.14 0.24 0.04 0.17 0.17 0.24 0.30 0.26 0.22 0.18 0.06 0.23 0.32 0.18 0.17 0.24 0.24 0.25 0.39 0.21 0.19 0.08 0.14 0.12 0.12 0.17 0.29 0.04 0.23 0.18 0.05 0.07 0.13 0.30 0.17 0.13 0.04 0.11 0.28 0.16 0.27 0.19 0.22 0.10 0.12 0.18 0.28 0.25 0.24
0.21 0.12 0.18 0.10 0.09 0.02 0.16 0.23 0.14 0.11 0.08 0.28 0.23 0.03 0.26 0.09 0.16 0.21 0.16 0.29 0.05 0.27 0.17 0.17 0.08 0.06 0.06 0.25 0.06 0.12 0.17 0.03 0.29 0.00 0.20 0.21 0.15 0.21 0.06 0.07 0.21 0.18 0.22 0.06 0.17 0.01 0.18 0.24 0.10 0.15 0.15 0.20 0.05 0.25 0.21 0.15 0.14 0.28 0.10 0.15 0.17 0.23 0.10 0.15 0.11 0.12 0.22 0.22 0.04 0.10 0.19 0.10 0.21 0.15 0.17 0.29 0.12 0.10 0.29 0.09 0.11 0.24 0.22 0.16 0.28 0.12 0.17 0.25 0.18 0.06 0.21 0.05 0.24 0.20 0.21 0.17 0.11 0.26 0.10 0.22
0.12 0.31 0.13 0.14 0.18 0.20 0.15 0.23 0.34 0.13 0.18 0.20 0.23 0.22 0.17 0.29 0.29 0.12 0.07 0.19 0.25 0.17 0.07 0.09 0.28 0.18 0.18 0.16 0.15 0.21 0.07 0.17 0.21 0.20 0.00 0.28 0.04 0.12 0.21 0.27 0.02 0.01 0.12 0.21 0.20 0.20 0.01 0.14 0.30 0.05 0.35 0.11 0.19 0.20 0.12 0.04 0.06 0.08 0.10 0.04 0.04 0.21 0.10 0.12 0.22 0.27 0.06 0.11 0.15 0.20 0.01 0.18 0.15 0.10 0.23 0.19 0.10 0.09 0.19 0.28 0.30 0.19 0.23 0.33 0.08 0.18 0.34 0.21 0.19 0.26 0.12 0.25 0.15 0.01 0.11 0.25 0.16 0.06 0.09 0.03
0.17 0.13 0.15 0.25 0.30 0.22 0.12 0.05 0.10 0.24 0.29 0.08 0.05 0.22 0.11 0.11 0.04 0.20 0.25 0.10 0.19 0.11 0.21 0.26 0.17 0.15 0.27 0.12 0.26 0.08 0.25 0.22 0.09 0.21 0.28 0.00 0.24 0.23 0.15 0.14 0.30 0.27 0.20 0.15 0.08 0.21 0.27 0.23 0.14 0.23 0.09 0.20 0.15 0.08 0.24 0.24 0.23 0.36 0.18 0.24 0.25 0.07 0.18 0.24 0.10 0.09 0.30 0.30 0.17 0.31 0.28 0.11 0.14 0.18 0.05 0.19 0.18 0.20 0.11 0.15 0.10 0.09 0.06 0.04 0.36 0.10 0.06 0.07 0.09 0.20 0.23 0.18 0.26 0.28 0.17 0.04 0.12 0.34 0.19 0.31
0.09 0.27 0.09 0.17 0.22 0.16 0.11 0.19 0.29 0.16 0.21 0.16 0.19 0.18 0.13 0.25 0.25 0.09 0.04 0.16 0.21 0.14 0.04 0.12 0.23 0.14 0.19 0.12 0.18 0.17 0.11 0.14 0.17 0.15 0.04 0.24 0.00 0.09 0.17 0.23 0.06 0.03 0.09 0.17 0.16 0.16 0.04 0.11 0.26 0.01 0.31 0.07 0.15 0.16 0.08 0.01 0.07 0.12 0.10 0.06 0.01 0.17 0.07 0.16 0.18 0.23 0.07 0.07 0.11 0.23 0.04 0.14 0.10 0.06 0.19 0.16 0.06 0.12 0.16 0.24 0.26 0.15 0.18 0.28 0.12 0.14 0.30 0.16 0.15 0.21 0.08 0.21 0.11 0.04 0.08 0.20 0.12 0.10 0.09 0.07
0.07 0.26 0.08 0.26 0.31 0.23 0.11 0.18 0.29 0.25 0.30 0.15 0.18 0.23 0.12 0.24 0.24 0.04 0.05 0.14 0.20 0.12 0.05 0.21 0.23 0.16 0.28 0.11 0.27 0.16 0.19 0.23 0.17 0.21 0.12 0.23 0.09 0.00 0.16 0.22 0.13 0.11 0.03 0.16 0.15 0.23 0.12 0.02 0.25 0.07 0.30 0.03 0.17 0.15 0.01 0.10 0.16 0.13 0.19 0.15 0.09 0.16 0.15 0.25 0.17 0.22 0.07 0.07 0.17 0.32 0.12 0.13 0.10 0.07 0.18 0.07 0.10 0.21 0.12 0.23 0.25 0.14 0.17 0.28 0.13 0.13 0.29 0.15 0.14 0.21 0.01 0.20 0.03 0.13 0.06 0.20 0.11 0.11 0.17 0.13
0.16 0.10 0.12 0.12 0.15 0.07 0.11 0.17 0.12 0.12 0.14 0.23 0.17 0.07 0.20 0.08 0.11 0.16 0.18 0.23 0.04 0.21 0.14 0.19 0.07 0.03 0.12 0.19 0.11 0.07 0.18 0.07 0.24 0.06 0.21 0.15 0.17 0.16 0.00 0.06 0.23 0.20 0.16 0.01 0.11 0.07 0.20 0.18 0.09 0.16 0.14 0.15 0.02 0.19 0.17 0.17 0.15 0.29 0.11 0.17 0.18 0.17 0.11 0.16 0.05 0.06 0.23 0.23 0.06 0.16 0.21 0.04 0.15 0.11 0.12 0.23 0.11 0.12 0.23 0.07 0.09 0.19 0.17 0.12 0.29 0.07 0.13 0.19 0.13 0.04 0.15 0.04 0.18 0.21 0.15 0.12 0.05 0.27 0.12 0.24
0.15 0.04 0.14 0.17 0.15 0.08 0.11 0.17 0.07 0.18 0.15 0.22 0.17 0.07 0.20 0.03 0.10 0.18 0.24 0.22 0.05 0.21 0.20 0.25 0.03 0.08 0.12 0.18 0.13 0.06 0.24 0.10 0.23 0.07 0.27 0.14 0.23 0.22 0.06 0.00 0.29 0.26 0.18 0.06 0.10 0.07 0.26 0.21 0.03 0.22 0.08 0.19 0.08 0.18 0.22 0.22 0.21 0.35 0.17 0.23 0.24 0.17 0.17 0.22 0.05 0.06 0.29 0.29 0.11 0.17 0.26 0.09 0.15 0.17 0.11 0.22 0.17 0.17 0.22 0.02 0.04 0.18 0.16 0.10 0.35 0.09 0.11 0.18 0.12 0.05 0.21 0.04 0.24 0.27 0.15 0.11 0.11 0.33 0.17 0.30
0.13 0.33 0.15 0.12 0.18 0.22 0.17 0.25 0.35 0.12 0.17 0.22 0.25 0.24 0.18 0.31 0.31 0.13 0.08 0.20 0.27 0.19 0.09 0.08 0.29 0.20 0.20 0.18 0.15 0.23 0.06 0.18 0.23 0.21 0.02 0.30 0.06 0.13 0.23 0.29 0.00 0.03 0.14 0.23 0.22 0.22 0.03 0.15 0.32 0.07 0.37 0.12 0.21 0.22 0.13 0.06 0.07 0.06 0.12 0.06 0.05 0.23 0.12 0.11 0.24 0.29 0.07 0.12 0.17 0.18 0.02 0.20 0.16 0.12 0.25 0.20 0.12 0.11 0.20 0.30 0.32 0.21 0.24 0.34 0.07 0.20 0.36 0.22 0.21 0.27 0.13 0.27 0.16 0.02 0.13 0.26 0.18 0.04 0.11 0.01
0.11 0.30 0.12 0.15 0.20 0.19 0.14 0.22 0.32 0.14 0.19 0.19 0.22 0.21 0.15 0.28 0.28 0.11 0.06 0.18 0.24 0.16 0.06 0.11 0.26 0.17 0.17 0.15 0.16 0.20 0.09 0.15 0.20 0.18 0.01 0.27 0.03 0.11 0.20 0.26 0.03 0.00 0.11 0.20 0.19 0.19 0.02 0.13 0.29 0.04 0.34 0.10 0.18 0.19 0.10 0.03 0.05 0.09 0.09 0.04 0.02 0.20 0.09 0.14 0.21 0.26 0.04 0.10 0.14 0.21 0.01 0.17 0.13 0.09 0.22 0.18 0.09 0.11 0.18 0.27 0.29 0.17 0.21 0.31 0.10 0.17 0.33 0.19 0.17 0.24 0.10 0.24 0.13 0.03 0.10 0.23 0.15 0.07 0.08 0.04
0.03 0.23 0.04 0.26 0.31 0.23 0.07 0.15 0.25 0.25 0.30 0.12 0.15 0.23 0.09 0.21 0.21 0.00 0.06 0.10 0.21 0.09 0.05 0.21 0.19 0.16 0.28 0.08 0.27 0.12 0.20 0.23 0.13 0.22 0.12 0.20 0.09 0.03 0.16 0.18 0.14 0.11 0.00 0.16 0.12 0.23 0.13 0.03 0.21 0.08 0.27 0.02 0.17 0.12 0.04 0.10 0.16 0.16 0.19 0.15 0.09 0.12 0.16 0.25 0.14 0.19 0.11 0.11 0.18 0.32 0.12 0.12 0.06 0.07 0.15 0.07 0.10 0.21 0.09 0.20 0.22 0.11 0.14 0.24 0.17 0.10 0.26 0.12 0.11 0.21 0.03 0.20 0.06 0.14 0.03 0.16 0.11 0.14 0.17 0.14
0.15 0.10 0.12 0.12 0.15 0.07 0.10 0.17 0.12 0.12 0.14 0.22 0.17 0.07 0.20 0.08 0.10 0.15 0.18 0.23 0.05 0.21 0.14 0.19 0.07 0.03 0.12 0.18 0.11 0.06 0.18 0.07 0.23 0.06 0.21 0.15 0.17 0.16 0.01 0.06 0.23 0.20 0.16 0.00 0.11 0.07 0.20 0.18 0.09 0.16 0.14 0.14 0.02 0.19 0.17 0.17 0.15 0.29 0.11 0.17 0.18 0.17 0.11 0.16 0.04 0.06 0.23 0.23 0.06 0.16 0.21 0.04 0.15 0.11 0.12 0.23 0.11 0.12 0.23 0.07 0.09 0.18 0.16 0.12 0.29 0.07 0.13 0.18 0.12 0.05 0.15 0.04 0.18 0.21 0.15 0.12 0.05 0.27 0.12 0.24
0.09 0.11 0.07 0.21 0.26 0.18 0.04 0.06 0.14 0.20 0.25 0.12 0.07 0.18 0.09 0.09 0.09 0.12 0.17 0.12 0.15 0.10 0.13 0.18 0.13 0.11 0.23 0.08 0.21 0.04 0.17 0.18 0.12 0.17 0.20 0.08 0.16 0.15 0.11 0.10 0.22 0.19 0.12 0.11 0.00 0.17 0.19 0.15 0.10 0.15 0.15 0.12 0.12 0.08 0.15 0.15 0.15 0.28 0.14 0.16 0.17 0.06 0.11 0.20 0.06 0.07 0.22 0.22 0.12 0.27 0.20 0.07 0.06 0.10 0.03 0.12 0.10 0.16 0.12 0.11 0.10 0.08 0.06 0.12 0.28 0.04 0.14 0.08 0.02 0.15 0.15 0.14 0.17 0.20 0.09 0.04 0.06 0.26 0.12 0.23
0.23 0.11 0.19 0.11 0.08 0.01 0.17 0.24 0.14 0.11 0.07 0.29 0.24 0.02 0.27 0.10 0.17 0.23 0.17 0.30 0.05 0.28 0.18 0.18 0.07 0.07 0.05 0.26 0.07 0.13 0.17 0.04 0.30 0.01 0.20 0.21 0.16 0.23 0.07 0.07 0.22 0.19 0.23 0.07 0.17 0.00 0.19 0.25 0.10 0.15 0.15 0.21 0.06 0.26 0.22 0.15 0.15 0.28 0.10 0.16 0.17 0.24 0.10 0.15 0.12 0.13 0.22 0.22 0.05 0.09 0.20 0.11 0.22 0.16 0.18 0.30 0.12 0.11 0.30 0.08 0.12 0.25 0.23 0.17 0.28 0.14 0.18 0.26 0.19 0.06 0.22 0.05 0.25 0.20 0.22 0.18 0.12 0.26 0.11 0.23
0.12 0.30 0.12 0.13 0.18 0.19 0.15 0.22 0.33 0.12 0.17 0.19 0.22 0.21 0.17 0.28 0.28 0.12 0.07 0.20 0.24 0.18 0.08 0.09 0.27 0.17 0.17 0.15 0.14 0.20 0.07 0.15 0.21 0.18 0.01 0.27 0.04 0.12 0.20 0.26 0.03 0.02 0.13 0.20 0.19 0.19 0.00 0.15 0.29 0.05 0.34 0.11 0.18 0.19 0.12 0.04 0.04 0.09 0.09 0.03 0.04 0.20 0.09 0.12 0.21 0.26 0.06 0.11 0.15 0.19 0.01 0.17 0.14 0.09 0.22 0.20 0.09 0.09 0.20 0.27 0.29 0.18 0.21 0.32 0.09 0.17 0.33 0.20 0.18 0.25 0.12 0.24 0.15 0.01 0.12 0.24 0.15 0.07 0.08 0.04
0.06 0.26 0.07 0.28 0.33 0.25 0.10 0.18 0.28 0.27 0.32 0.15 0.18 0.25 0.12 0.24 0.24 0.03 0.07 0.13 0.23 0.12 0.07 0.24 0.22 0.18 0.30 0.11 0.29 0.15 0.21 0.25 0.16 0.24 0.14 0.23 0.11 0.02 0.18 0.21 0.15 0.13 0.03 0.18 0.15 0.25 0.15 0.00 0.25 0.10 0.30 0.04 0.19 0.15 0.03 0.12 0.18 0.13 0.21 0.17 0.11 0.15 0.18 0.27 0.17 0.22 0.09 0.07 0.20 0.34 0.14 0.14 0.09 0.09 0.18 0.05 0.12 0.24 0.12 0.23 0.25 0.14 0.17 0.27 0.14 0.13 0.29 0.15 0.14 0.23 0.03 0.21 0.03 0.15 0.06 0.19 0.13 0.13 0.20 0.15
0.18 0.01 0.17 0.20 0.16 0.10 0.14 0.16 0.04 0.21 0.17 0.21 0.16 0.08 0.19 0.03 0.09 0.21 0.27 0.22 0.06 0.20 0.23 0.28 0.03 0.11 0.13 0.18 0.16 0.09 0.27 0.13 0.22 0.10 0.30 0.14 0.26 0.25 0.09 0.03 0.32 0.29 0.21 0.09 0.10 0.10 0.29 0.25 0.00 0.25 0.05 0.22 0.11 0.18 0.25 0.25 0.24 0.38 0.20 0.26 0.27 0.16 0.20 0.25 0.08 0.05 0.32 0.32 0.14 0.18 0.29 0.12 0.15 0.20 0.11 0.22 0.20 0.21 0.22 0.02 0.04 0.17 0.15 0.09 0.38 0.12 0.10 0.18 0.12 0.06 0.24 0.05 0.27 0.30 0.18 0.11 0.14 0.36 0.21 0.33
0.07 0.26 0.08 0.18 0.23 0.15 0.11 0.18 0.29 0.17 0.22 0.15 0.18 0.17 0.12 0.24 0.24 0.07 0.02 0.15 0.20 0.13 0.03 0.14 0.23 0.14 0.20 0.11 0.19 0.16 0.12 0.15 0.17 0.15 0.05 0.23 0.01 0.07 0.16 0.22 0.07 0.04 0.08 0.16 0.15 0.15 0.05 0.10 0.25 0.00 0.30 0.06 0.14 0.15 0.07 0.03 0.09 0.13 0.11 0.07 0.02 0.16 0.08 0.17 0.17 0.22 0.07 0.07 0.11 0.24 0.04 0.13 0.10 0.05 0.18 0.15 0.05 0.14 0.15 0.23 0.25 0.14 0.17 0.28 0.13 0.13 0.29 0.15 0.14 0.21 0.07 0.20 0.10 0.06 0.07 0.20 0.11 0.11 0.10 0.08
0.24 0.04 0.22 0.26 0.21 0.15 0.20 0.12 0.02 0.26 0.22 0.17 0.12 0.13 0.18 0.06 0.06 0.27 0.32 0.17 0.10 0.18 0.28 0.33 0.08 0.17 0.18 0.19 0.21 0.14 0.32 0.18 0.17 0.15 0.35 0.09 0.31 0.30 0.14 0.08 0.37 0.34 0.27 0.14 0.15 0.15 0.34 0.30 0.05 0.30 0.00 0.27 0.16 0.15 0.31 0.31 0.30 0.43 0.25 0.31 0.32 0.14 0.25 0.30 0.13 0.08 0.37 0.37 0.20 0.23 0.35 0.17 0.21 0.25 0.12 0.26 0.25 0.26 0.18 0.07 0.05 0.16 0.12 0.04 0.43 0.17 0.05 0.15 0.16 0.11 0.30 0.10 0.33 0.35 0.24 0.11 0.19 0.41 0.26 0.38
0.04 0.23 0.05 0.24 0.29 0.22 0.08 0.15 0.26 0.24 0.29 0.12 0.15 0.21 0.09 0.21 0.21 0.01 0.04 0.11 0.19 0.10 0.04 0.20 0.20 0.15 0.27 0.08 0.25 0.13 0.18 0.22 0.14 0.20 0.11 0.20 0.07 0.03 0.15 0.19 0.12 0.10 0.02 0.14 0.12 0.21 0.11 0.04 0.22 0.06 0.27 0.00 0.15 0.12 0.03 0.09 0.15 0.16 0.17 0.14 0.07 0.13 0.14 0.23 0.14 0.20 0.10 0.10 0.16 0.31 0.10 0.10 0.07 0.06 0.15 0.08 0.09 0.20 0.09 0.21 0.23 0.11 0.15 0.25 0.16 0.10 0.27 0.13 0.11 0.19 0.02 0.18 0.05 0.12 0.04 0.17 0.10 0.14 0.16 0.12
0.17 0.12 0.13 0.10 0.14 0.07 0.11 0.18 0.15 0.10 0.13 0.23 0.18 0.06 0.21 0.10 0.11 0.17 0.16 0.24 0.06 0.22 0.12 0.17 0.09 0.01 0.11 0.20 0.10 0.07 0.16 0.07 0.24 0.05 0.19 0.15 0.15 0.17 0.02 0.08 0.21 0.18 0.17 0.02 0.12 0.06 0.18 0.19 0.11 0.14 0.16 0.15 0.00 0.20 0.16 0.15 0.14 0.27 0.09 0.15 0.16 0.18 0.09 0.14 0.06 0.08 0.21 0.21 0.04 0.15 0.18 0.05 0.16 0.10 0.12 0.24 0.09 0.10 0.24 0.09 0.11 0.19 0.17 0.14 0.27 0.07 0.15 0.20 0.13 0.07 0.16 0.06 0.19 0.19 0.16 0.12 0.06 0.25 0.10 0.22
0.09 0.17 0.07 0.29 0.34 0.26 0.09 0.03 0.14 0.28 0.33 0.03 0.03 0.26 0.04 0.15 0.09 0.12 0.17 0.04 0.24 0.03 0.14 0.25 0.21 0.19 0.31 0.04 0.30 0.12 0.23 0.26 0.04 0.25 0.20 0.08 0.16 0.15 0.19 0.18 0.22 0.19 0.12 0.19 0.08 0.26 0.19 0.15 0.18 0.15 0.15 0.12 0.20 0.00 0.16 0.16 0.19 0.28 0.22 0.18 0.17 0.02 0.19 0.28 0.14 0.13 0.23 0.23 0.21 0.35 0.20 0.15 0.06 0.10 0.07 0.11 0.13 0.25 0.04 0.19 0.14 0.02 0.03 0.12 0.29 0.12 0.14 0.00 0.07 0.24 0.15 0.23 0.18 0.21 0.09 0.07 0.14 0.26 0.21 0.23
0.07 0.27 0.08 0.25 0.30 0.23 0.11 0.19 0.29 0.24 0.29 0.15 0.18 0.22 0.12 0.24 0.25 0.04 0.05 0.14 0.20 0.13 0.04 0.21 0.23 0.15 0.27 0.12 0.26 0.16 0.19 0.23 0.17 0.21 0.12 0.24 0.08 0.01 0.17 0.22 0.13 0.10 0.04 0.17 0.15 0.22 0.12 0.03 0.25 0.07 0.31 0.03 0.16 0.16 0.00 0.10 0.15 0.12 0.18 0.14 0.08 0.16 0.15 0.24 0.17 0.23 0.07 0.07 0.17 0.31 0.11 0.14 0.10 0.06 0.18 0.07 0.10 0.21 0.12 0.24 0.26 0.14 0.18 0.28 0.13 0.14 0.30 0.16 0.14 0.21 0.01 0.20 0.03 0.13 0.07 0.20 0.12 0.11 0.17 0.13
0.10 0.27 0.08 0.15 0.21 0.15 0.11 0.19 0.29 0.15 0.20 0.17 0.18 0.18 0.14 0.24 0.25 0.10 0.05 0.17 0.20 0.15 0.05 0.11 0.23 0.14 0.18 0.13 0.17 0.16 0.09 0.13 0.17 0.15 0.04 0.24 0.01 0.10 0.17 0.22 0.06 0.03 0.10 0.17 0.15 0.15 0.04 0.12 0.25 0.03 0.31 0.09 0.15 0.16 0.10 0.00 0.06 0.12 0.09 0.05 0.02 0.16 0.06 0.15 0.17 0.23 0.07 0.09 0.11 0.22 0.04 0.14 0.10 0.06 0.18 0.17 0.06 0.11 0.17 0.24 0.26 0.14 0.18 0.28 0.13 0.14 0.30 0.16 0.14 0.21 0.10 0.20 0.12 0.05 0.09 0.20 0.12 0.11 0.07 0.07
0.16 0.26 0.12 0.10 0.15 0.15 0.11 0.18 0.28 0.09 0.14 0.23 0.17 0.17 0.20 0.23 0.24 0.16 0.11 0.23 0.19 0.21 0.11 0.05 0.22 0.13 0.13 0.19 0.11 0.15 0.03 0.11 0.24 0.14 0.06 0.23 0.07 0.16 0.15 0.21 0.07 0.05 0.16 0.15 0.15 0.15 0.04 0.18 0.24 0.09 0.30 0.15 0.14 0.19 0.15 0.06 0.00 0.14 0.04 0.01 0.07 0.17 0.04 0.09 0.17 0.22 0.10 0.15 0.10 0.16 0.05 0.12 0.15 0.09 0.17 0.23 0.06 0.05 0.23 0.23 0.25 0.19 0.17 0.27 0.14 0.12 0.29 0.19 0.13 0.20 0.15 0.19 0.18 0.06 0.15 0.19 0.11 0.12 0.04 0.08
0.20 0.39 0.21 0.18 0.24 0.28 0.24 0.31 0.42 0.18 0.23 0.28 0.31 0.30 0.25 0.37 0.37 0.17 0.11 0.27 0.33 0.25 0.15 0.14 0.36 0.27 0.26 0.24 0.21 0.29 0.12 0.25 0.30 0.28 0.08 0.36 0.12 0.13 0.29 0.35 0.06 0.09 0.16 0.29 0.28 0.28 0.09 0.13 0.38 0.13 0.43 0.16 0.27 0.28 0.12 0.12 0.14 0.00 0.18 0.12 0.11 0.29 0.18 0.17 0.30 0.35 0.06 0.06 0.24 0.25 0.09 0.26 0.23 0.18 0.31 0.17 0.18 0.17 0.25 0.36 0.38 0.27 0.31 0.40 0.02 0.26 0.42 0.29 0.27 0.34 0.14 0.33 0.11 0.08 0.19 0.33 0.24 0.04 0.17 0.06
0.19 0.21 0.15 0.07 0.12 0.10 0.13 0.20 0.24 0.06 0.11 0.25 0.20 0.12 0.23 0.19 0.19 0.19 0.14 0.26 0.15 0.24 0.14 0.07 0.18 0.09 0.09 0.22 0.08 0.11 0.07 0.07 0.26 0.10 0.10 0.18 0.10 0.19 0.11 0.17 0.12 0.09 0.19 0.11 0.14 0.10 0.09 0.21 0.20 0.11 0.25 0.17 0.09 0.22 0.18 0.09 0.04 0.18 0.00 0.06 0.10 0.20 0.03 0.06 0.12 0.17 0.12 0.17 0.06 0.13 0.09 0.08 0.18 0.12 0.15 0.26 0.09 0.03 0.26 0.18 0.21 0.21 0.19 0.23 0.18 0.10 0.25 0.22 0.15 0.16 0.18 0.15 0.21 0.10 0.18 0.15 0.08 0.16 0.02 0.12
0.15 0.27 0.11 0.11 0.16 0.16 0.11 0.19 0.29 0.10 0.15 0.21 0.19 0.18 0.19 0.25 0.25 0.15 0.10 0.22 0.21 0.20 0.10 0.07 0.23 0.14 0.14 0.18 0.12 0.17 0.04 0.12 0.22 0.15 0.04 0.24 0.06 0.15 0.17 0.23 0.06 0.04 0.15 0.17 0.16 0.16 0.03 0.17 0.26 0.07 0.31 0.14 0.15 0.18 0.14 0.05 0.01 0.12 0.06 0.00 0.06 0.17 0.06 0.10 0.18 0.23 0.09 0.14 0.11 0.17 0.04 0.14 0.14 0.08 0.19 0.22 0.06 0.07 0.22 0.24 0.26 0.17 0.18 0.28 0.12 0.14 0.30 0.18 0.15 0.21 0.14 0.21 0.17 0.04 0.14 0.20 0.12 0.10 0.05 0.07
0.09 0.28 0.10 0.17 0.22 0.17 0.12 0.20 0.31 0.16 0.21 0.17 0.20 0.19 0.14 0.26 0.26 0.09 0.03 0.15 0.22 0.14 0.04 0.13 0.25 0.15 0.19 0.13 0.18 0.18 0.11 0.15 0.18 0.17 0.04 0.25 0.01 0.09 0.18 0.24 0.05 0.02 0.09 0.18 0.17 0.17 0.04 0.11 0.27 0.02 0.32 0.07 0.16 0.17 0.08 0.02 0.07 0.11 0.10 0.06 0.00 0.18 0.07 0.16 0.19 0.24 0.05 0.07 0.12 0.23 0.03 0.15 0.12 0.07 0.20 0.15 0.07 0.13 0.15 0.25 0.27 0.16 0.20 0.30 0.11 0.15 0.31 0.17 0.16 0.23 0.08 0.22 0.11 0.05 0.08 0.21 0.13 0.09 0.09 0.06
0.09 0.15 0.08 0.27 0.32 0.24 0.07 0.03 0.13 0.26 0.31 0.05 0.02 0.24 0.04 0.14 0.08 0.12 0.17 0.06 0.21 0.04 0.14 0.23 0.19 0.17 0.29 0.05 0.28 0.11 0.21 0.24 0.06 0.23 0.21 0.07 0.17 0.16 0.17 0.17 0.23 0.20 0.12 0.17 0.06 0.24 0.20 0.15 0.16 0.16 0.14 0.13 0.18 0.02 0.16 0.16 0.17 0.29 0.20 0.17 0.18 0.00 0.17 0.26 0.12 0.11 0.23 0.23 0.19 0.33 0.20 0.13 0.06 0.11 0.05 0.12 0.11 0.23 0.06 0.17 0.12 0.02 0.02 0.12 0.29 0.10 0.14 0.02 0.04 0.22 0.15 0.21 0.18 0.21 0.10 0.05 0.12 0.27 0.18 0.24
0.15 0.21 0.12 0.10 0.15 0.10 0.10 0.17 0.24 0.09 0.14 0.22 0.17 0.12 0.20 0.19 0.19 0.15 0.10 0.23 0.15 0.21 0.11 0.08 0.17 0.09 0.12 0.18 0.11 0.11 0.07 0.07 0.23 0.10 0.10 0.18 0.07 0.15 0.11 0.17 0.12 0.09 0.16 0.11 0.11 0.10 0.09 0.18 0.20 0.08 0.25 0.14 0.09 0.19 0.15 0.06 0.04 0.18 0.03 0.06 0.07 0.17 0.00 0.09 0.12 0.17 0.12 0.14 0.06 0.16 0.10 0.08 0.15 0.09 0.13 0.23 0.06 0.06 0.23 0.18 0.20 0.18 0.16 0.23 0.18 0.08 0.24 0.18 0.12 0.15 0.15 0.15 0.18 0.10 0.15 0.15 0.06 0.16 0.02 0.13
0.25 0.26 0.21 0.04 0.11 0.15 0.19 0.26 0.29 0.04 0.08 0.31 0.26 0.17 0.29 0.24 0.24 0.25 0.19 0.32 0.20 0.30 0.20 0.03 0.23 0.14 0.13 0.28 0.09 0.16 0.05 0.12 0.32 0.15 0.12 0.24 0.16 0.25 0.16 0.22 0.11 0.14 0.25 0.16 0.20 0.15 0.12 0.27 0.25 0.17 0.30 0.23 0.14 0.28 0.24 0.15 0.09 0.17 0.06 0.10 0.16 0.26 0.09 0.00 0.17 0.22 0.18 0.23 0.11 0.07 0.13 0.13 0.24 0.18 0.21 0.32 0.15 0.04 0.32 0.23 0.25 0.27 0.25 0.28 0.16 0.15 0.29 0.28 0.21 0.21 0.24 0.20 0.27 0.11 0.24 0.21 0.14 0.14 0.07 0.11
0.11 0.09 0.09 0.15 0.20 0.12 0.07 0.12 0.12 0.14 0.19 0.17 0.12 0.12 0.15 0.07 0.07 0.14 0.19 0.18 0.09 0.16 0.15 0.20 0.07 0.05 0.17 0.14 0.15 0.02 0.19 0.12 0.18 0.11 0.22 0.10 0.18 0.17 0.05 0.05 0.24 0.21 0.14 0.04 0.06 0.12 0.21 0.17 0.08 0.17 0.13 0.14 0.06 0.14 0.17 0.17 0.17 0.30 0.12 0.18 0.19 0.12 0.12 0.17 0.00 0.05 0.24 0.24 0.07 0.21 0.21 0.04 0.11 0.12 0.07 0.18 0.12 0.13 0.18 0.06 0.08 0.14 0.12 0.11 0.30 0.04 0.12 0.14 0.08 0.10 0.17 0.08 0.20 0.22 0.11 0.07 0.06 0.28 0.13 0.25
0.16 0.04 0.15 0.18 0.21 0.13 0.12 0.11 0.06 0.18 0.20 0.16 0.11 0.13 0.14 0.03 0.04 0.19 0.24 0.17 0.11 0.15 0.21 0.25 0.08 0.09 0.18 0.13 0.17 0.07 0.25 0.13 0.17 0.12 0.27 0.09 0.23 0.22 0.06 0.06 0.29 0.26 0.19 0.06 0.07 0.13 0.26 0.22 0.05 0.22 0.08 0.20 0.08 0.13 0.23 0.23 0.22 0.35 0.17 0.23 0.24 0.11 0.17 0.22 0.05 0.00 0.30 0.30 0.12 0.22 0.27 0.09 0.13 0.17 0.06 0.18 0.17 0.18 0.17 0.06 0.03 0.12 0.10 0.05 0.36 0.09 0.07 0.13 0.09 0.11 0.22 0.10 0.25 0.28 0.16 0.06 0.11 0.33 0.18 0.30
0.14 0.33 0.15 0.19 0.24 0.22 0.18 0.26 0.36 0.18 0.24 0.22 0.25 0.25 0.19 0.31 0.31 0.11 0.06 0.21 0.27 0.20 0.09 0.15 0.30 0.21 0.21 0.18 0.20 0.23 0.13 0.19 0.24 0.22 0.06 0.30 0.07 0.07 0.23 0.29 0.07 0.04 0.11 0.23 0.22 0.22 0.06 0.09 0.32 0.07 0.37 0.10 0.21 0.23 0.07 0.07 0.10 0.06 0.12 0.09 0.05 0.23 0.12 0.18 0.24 0.30 0.00 0.05 0.18 0.26 0.05 0.20 0.17 0.12 0.25 0.13 0.12 0.15 0.19 0.31 0.33 0.21 0.25 0.35 0.06 0.20 0.37 0.23 0.21 0.28 0.08 0.27 0.09 0.07 0.14 0.27 0.18 0.04 0.12 0.07
0.14 0.33 0.15 0.24 0.29 0.22 0.18 0.26 0.36 0.24 0.29 0.22 0.25 0.25 0.19 0.31 0.31 0.11 0.06 0.21 0.27 0.20 0.09 0.20 0.30 0.21 0.27 0.18 0.25 0.23 0.18 0.22 0.24 0.22 0.11 0.30 0.07 0.07 0.23 0.29 0.12 0.10 0.11 0.23 0.22 0.22 0.11 0.07 0.32 0.07 0.37 0.10 0.21 0.23 0.07 0.09 0.15 0.06 0.17 0.14 0.07 0.23 0.14 0.23 0.24 0.30 0.05 0.00 0.18 0.31 0.10 0.20 0.17 0.12 0.25 0.11 0.12 0.20 0.19 0.31 0.33 0.21 0.25 0.35 0.07 0.20 0.37 0.23 0.21 0.28 0.08 0.27 0.05 0.12 0.14 0.27 0.18 0.09 0.16 0.12
0.17 0.15 0.14 0.08 0.13 0.06 0.12 0.19 0.18 0.07 0.12 0.24 0.19 0.07 0.22 0.13 0.14 0.17 0.12 0.25 0.09 0.23 0.13 0.13 0.12 0.03 0.10 0.21 0.09 0.08 0.13 0.06 0.25 0.04 0.15 0.17 0.11 0.17 0.06 0.11 0.17 0.14 0.18 0.06 0.12 0.05 0.15 0.20 0.14 0.11 0.20 0.16 0.04 0.21 0.17 0.11 0.10 0.24 0.06 0.11 0.12 0.19 0.06 0.11 0.07 0.12 0.18 0.18 0.00 0.14 0.15 0.06 0.17 0.11 0.14 0.25 0.07 0.06 0.25 0.13 0.15 0.20 0.18 0.17 0.24 0.09 0.19 0.21 0.14 0.10 0.17 0.09 0.20 0.16 0.17 0.14 0.07 0.21 0.06 0.18
0.32 0.19 0.28 0.06 0.04 0.09 0.26 0.33 0.22 0.07 0.02 0.38 0.33 0.11 0.36 0.20 0.26 0.32 0.27 0.39 0.13 0.37 0.27 0.11 0.16 0.16 0.07 0.35 0.05 0.23 0.12 0.09 0.39 0.10 0.20 0.31 0.23 0.32 0.16 0.17 0.18 0.21 0.32 0.16 0.27 0.09 0.19 0.34 0.18 0.24 0.23 0.31 0.15 0.35 0.31 0.22 0.16 0.25 0.13 0.17 0.23 0.33 0.16 0.07 0.21 0.22 0.26 0.31 0.14 0.00 0.20 0.20 0.31 0.25 0.28 0.39 0.22 0.11 0.39 0.17 0.21 0.35 0.32 0.26 0.23 0.23 0.27 0.35 0.29 0.14 0.31 0.13 0.34 0.18 0.31 0.28 0.21 0.21 0.15 0.18
0.12 0.31 0.12 0.14 0.19 0.20 0.15 0.23 0.33 0.13 0.18 0.20 0.23 0.22 0.16 0.28 0.29 0.12 0.06 0.18 0.24 0.17 0.07 0.10 0.27 0.18 0.18 0.15 0.15 0.20 0.08 0.16 0.21 0.19 0.01 0.28 0.04 0.12 0.21 0.26 0.02 0.01 0.12 0.21 0.20 0.20 0.01 0.14 0.29 0.04 0.35 0.10 0.18 0.20 0.11 0.04 0.05 0.09 0.09 0.04 0.03 0.20 0.10 0.13 0.21 0.27 0.05 0.10 0.15 0.20 0.00 0.17 0.14 0.10 0.23 0.18 0.10 0.10 0.18 0.28 0.30 0.18 0.22 0.32 0.09 0.17 0.34 0.20 0.18 0.25 0.11 0.24 0.14 0.02 0.11 0.24 0.16 0.07 0.09 0.03
0.12 0.13 0.08 0.14 0.19 0.12 0.06 0.13 0.15 0.13 0.18 0.18 0.13 0.11 0.16 0.11 0.11 0.12 0.15 0.18 0.09 0.17 0.11 0.16 0.10 0.04 0.16 0.15 0.15 0.03 0.15 0.12 0.19 0.10 0.18 0.11 0.14 0.13 0.04 0.09 0.20 0.17 0.12 0.04 0.07 0.11 0.17 0.14 0.12 0.13 0.17 0.10 0.05 0.15 0.14 0.14 0.12 0.26 0.08 0.14 0.15 0.13 0.08 0.13 0.04 0.09 0.20 0.20 0.06 0.20 0.17 0.00 0.11 0.08 0.07 0.18 0.08 0.10 0.18 0.10 0.12 0.14 0.12 0.15 0.26 0.03 0.16 0.15 0.08 0.09 0.12 0.08 0.15 0.18 0.11 0.07 0.02 0.24 0.09 0.21
0.03 0.17 0.03 0.25 0.30 0.23 0.05 0.09 0.19 0.24 0.29 0.07 0.09 0.22 0.05 0.14 0.15 0.06 0.11 0.07 0.20 0.06 0.08 0.21 0.17 0.15 0.27 0.04 0.26 0.09 0.19 0.23 0.08 0.21 0.15 0.14 0.10 0.10 0.15 0.15 0.16 0.13 0.06 0.15 0.06 0.22 0.14 0.09 0.15 0.10 0.21 0.07 0.16 0.06 0.10 0.10 0.15 0.23 0.18 0.14 0.12 0.06 0.15 0.24 0.11 0.13 0.17 0.17 0.17 0.31 0.14 0.11 0.00 0.06 0.09 0.07 0.10 0.21 0.07 0.15 0.16 0.04 0.08 0.18 0.23 0.09 0.20 0.06 0.04 0.20 0.09 0.19 0.12 0.15 0.03 0.10 0.10 0.21 0.17 0.17
0.07 0.21 0.03 0.19 0.24 0.16 0.05 0.13 0.23 0.18 0.23 0.13 0.13 0.16 0.11 0.18 0.19 0.07 0.07 0.14 0.15 0.12 0.04 0.15 0.17 0.09 0.21 0.10 0.20 0.11 0.12 0.16 0.14 0.15 0.10 0.18 0.06 0.07 0.11 0.17 0.12 0.09 0.07 0.11 0.10 0.16 0.09 0.09 0.20 0.05 0.25 0.06 0.10 0.10 0.06 0.06 0.09 0.18 0.12 0.08 0.07 0.11 0.09 0.18 0.12 0.17 0.12 0.12 0.11 0.25 0.10 0.08 0.06 0.00 0.13 0.14 0.03 0.15 0.14 0.18 0.20 0.10 0.12 0.22 0.18 0.08 0.24 0.10 0.09 0.15 0.06 0.15 0.09 0.11 0.06 0.14 0.06 0.16 0.11 0.13
0.12 0.10 0.10 0.21 0.27 0.19 0.07 0.05 0.11 0.21 0.26 0.11 0.06 0.19 0.08 0.08 0.06 0.15 0.20 0.11 0.16 0.09 0.16 0.21 0.14 0.12 0.24 0.07 0.23 0.05 0.20 0.19 0.12 0.17 0.23 0.05 0.19 0.18 0.12 0.11 0.25 0.22 0.15 0.12 0.03 0.18 0.22 0.18 0.11 0.18 0.12 0.15 0.12 0.07 0.18 0.18 0.17 0.31 0.15 0.19 0.20 0.05 0.13 0.21 0.07 0.06 0.25 0.25 0.14 0.28 0.23 0.07 0.09 0.13 0.00 0.14 0.13 0.17 0.11 0.12 0.07 0.07 0.04 0.10 0.31 0.05 0.11 0.07 0.04 0.17 0.17 0.15 0.21 0.23 0.12 0.02 0.07 0.29 0.14 0.26
0.07 0.22 0.11 0.33 0.38 0.30 0.12 0.14 0.25 0.32 0.37 0.11 0.14 0.30 0.08 0.20 0.20 0.07 0.12 0.10 0.27 0.08 0.12 0.28 0.25 0.23 0.35 0.07 0.34 0.16 0.26 0.30 0.12 0.29 0.19 0.19 0.16 0.07 0.23 0.22 0.20 0.18 0.07 0.23 0.12 0.30 0.20 0.05 0.22 0.15 0.26 0.08 0.24 0.11 0.07 0.17 0.23 0.17 0.26 0.22 0.15 0.12 0.23 0.32 0.18 0.18 0.13 0.11 0.25 0.39 0.18 0.18 0.07 0.14 0.14 0.00 0.17 0.28 0.08 0.23 0.21 0.10 0.14 0.24 0.17 0.16 0.25 0.12 0.10 0.28 0.07 0.26 0.07 0.20 0.08 0.15 0.18 0.17 0.24 0.20
0.10 0.21 0.06 0.15 0.21 0.13 0.06 0.13 0.24 0.15 0.20 0.17 0.13 0.13 0.14 0.19 0.19 0.10 0.07 0.17 0.15 0.15 0.05 0.11 0.17 0.09 0.18 0.13 0.17 0.11 0.09 0.13 0.17 0.12 0.10 0.18 0.06 0.10 0.11 0.17 0.12 0.09 0.10 0.11 0.10 0.12 0.09 0.12 0.20 0.05 0.25 0.09 0.09 0.13 0.10 0.06 0.06 0.18 0.09 0.06 0.07 0.11 0.06 0.15 0.12 0.17 0.12 0.12 0.07 0.22 0.10 0.08 0.10 0.03 0.13 0.17 0.00 0.11 0.17 0.18 0.20 0.13 0.12 0.23 0.18 0.08 0.24 0.13 0.09 0.15 0.10 0.15 0.12 0.10 0.09 0.15 0.06 0.16 0.07 0.13
0.21 0.22 0.17 0.04 0.09 0.11 0.16 0.23 0.24 0.04 0.09 0.28 0.23 0.13 0.26 0.20 0.20 0.21 0.16 0.28 0.15 0.27 0.17 0.07 0.18 0.09 0.09 0.24 0.05 0.12 0.07 0.07 0.29 0.10 0.09 0.20 0.12 0.21 0.12 0.17 0.11 0.11 0.21 0.12 0.16 0.11 0.09 0.24 0.21 0.14 0.26 0.20 0.10 0.25 0.21 0.11 0.05 0.17 0.03 0.07 0.13 0.23 0.06 0.04 0.13 0.18 0.15 0.20 0.06 0.11 0.10 0.10 0.21 0.15 0.17 0.28 0.11 0.00 0.28 0.19 0.21 0.24 0.22 0.23 0.17 0.12 0.25 0.24 0.18 0.16 0.21 0.15 0.24 0.10 0.21 0.17 0.11 0.15 0.04 0.12
0.07 0.21 0.11 0.33 0.38 0.30 0.12 0.06 0.18 0.32 0.37 0.03 0.06 0.30 0.03 0.19 0.12 0.09 0.14 0.02 0.27 0.02 0.12 0.28 0.25 0.23 0.35 0.04 0.34 0.16 0.26 0.30 0.04 0.29 0.19 0.11 0.16 0.12 0.23 0.22 0.20 0.18 0.09 0.23 0.12 0.30 0.20 0.12 0.22 0.15 0.18 0.09 0.24 0.04 0.12 0.17 0.23 0.25 0.26 0.22 0.15 0.06 0.23 0.32 0.18 0.17 0.19 0.19 0.25 0.39 0.18 0.18 0.07 0.14 0.11 0.08 0.17 0.28 0.00 0.23 0.18 0.04 0.07 0.15 0.25 0.16 0.17 0.04 0.10 0.28 0.12 0.26 0.15 0.20 0.08 0.11 0.18 0.23 0.24 0.20
0.17 0.03 0.15 0.19 0.15 0.08 0.13 0.17 0.05 0.20 0.15 0.22 0.17 0.07 0.20 0.04 0.10 0.20 0.25 0.23 0.04 0.21 0.21 0.26 0.02 0.10 0.12 0.19 0.15 0.07 0.26 0.12 0.23 0.09 0.28 0.15 0.24 0.23 0.07 0.02 0.30 0.27 0.20 0.07 0.11 0.08 0.27 0.23 0.02 0.23 0.07 0.21 0.09 0.19 0.24 0.24 0.23 0.36 0.18 0.24 0.25 0.17 0.18 0.23 0.06 0.06 0.31 0.31 0.13 0.17 0.28 0.10 0.15 0.18 0.12 0.23 0.18 0.19 0.23 0.00 0.05 0.18 0.16 0.10 0.37 0.10 0.11 0.19 0.12 0.05 0.23 0.04 0.26 0.29 0.17 0.12 0.12 0.34 0.19 0.31
0.19 0.03 0.17 0.21 0.20 0.12 0.15 0.12 0.03 0.21 0.19 0.17 0.12 0.12 0.15 0.02 0.05 0.22 0.27 0.18 0.10 0.16 0.24 0.28 0.07 0.12 0.17 0.14 0.17 0.10 0.28 0.14 0.18 0.11 0.30 0.10 0.26 0.25 0.09 0.04 0.32 0.29 0.22 0.09 0.10 0.12 0.29 0.25 0.04 0.25 0.05 0.23 0.11 0.14 0.26 0.26 0.25 0.38 0.21 0.26 0.27 0.12 0.20 0.25 0.08 0.03 0.33 0.33 0.15 0.21 0.30 0.12 0.16 0.20 0.07 0.21 0.20 0.21 0.18 0.05 0.00 0.14 0.11 0.05 0.39 0.12 0.06 0.14 0.12 0.10 0.25 0.09 0.28 0.31 0.19 0.07 0.14 0.36 0.21 0.33
0.07 0.17 0.07 0.28 0.33 0.26 0.08 0.04 0.15 0.28 0.33 0.04 0.04 0.26 0.02 0.15 0.10 0.10 0.15 0.04 0.23 0.03 0.12 0.24 0.21 0.19 0.31 0.03 0.29 0.12 0.22 0.26 0.05 0.24 0.19 0.09 0.15 0.14 0.19 0.18 0.21 0.17 0.11 0.18 0.08 0.25 0.18 0.14 0.17 0.14 0.16 0.11 0.19 0.02 0.14 0.14 0.19 0.27 0.21 0.17 0.16 0.02 0.18 0.27 0.14 0.12 0.21 0.21 0.20 0.35 0.18 0.14 0.04 0.10 0.07 0.10 0.13 0.24 0.04 0.18 0.14 0.00 0.04 0.14 0.27 0.12 0.15 0.02 0.06 0.23 0.13 0.22 0.16 0.19 0.07 0.07 0.14 0.25 0.20 0.21
0.11 0.15 0.10 0.26 0.31 0.24 0.07 0.01 0.12 0.25 0.30 0.06 0.01 0.23 0.06 0.13 0.07 0.14 0.19 0.07 0.21 0.05 0.16 0.22 0.18 0.17 0.28 0.07 0.27 0.10 0.20 0.24 0.07 0.22 0.23 0.06 0.18 0.17 0.17 0.16 0.24 0.21 0.14 0.16 0.06 0.23 0.21 0.17 0.15 0.17 0.12 0.15 0.17 0.03 0.18 0.18 0.17 0.31 0.19 0.18 0.20 0.02 0.16 0.25 0.12 0.10 0.25 0.25 0.18 0.32 0.22 0.12 0.08 0.12 0.04 0.14 0.12 0.22 0.07 0.16 0.11 0.04 0.00 0.10 0.31 0.10 0.12 0.03 0.04 0.21 0.17 0.20 0.20 0.23 0.11 0.04 0.11 0.29 0.18 0.25
0.21 0.09 0.20 0.23 0.25 0.17 0.17 0.09 0.06 0.24 0.24 0.12 0.10 0.17 0.16 0.07 0.04 0.24 0.29 0.14 0.15 0.15 0.26 0.30 0.12 0.14 0.22 0.17 0.21 0.12 0.30 0.17 0.13 0.16 0.33 0.04 0.28 0.28 0.12 0.10 0.34 0.31 0.24 0.12 0.12 0.17 0.32 0.27 0.09 0.28 0.04 0.25 0.14 0.12 0.28 0.28 0.27 0.40 0.23 0.28 0.30 0.12 0.23 0.28 0.11 0.05 0.35 0.35 0.17 0.26 0.32 0.15 0.18 0.22 0.10 0.24 0.23 0.23 0.15 0.10 0.05 0.14 0.10 0.00 0.41 0.15 0.02 0.12 0.14 0.15 0.27 0.14 0.30 0.33 0.21 0.08 0.16 0.39 0.23 0.35
0.20 0.39 0.21 0.18 0.24 0.28 0.24 0.32 0.42 0.17 0.21 0.28 0.31 0.31 0.25 0.37 0.37 0.17 0.12 0.27 0.33 0.26 0.15 0.12 0.36 0.27 0.27 0.24 0.22 0.29 0.11 0.25 0.30 0.28 0.08 0.36 0.12 0.13 0.29 0.35 0.07 0.10 0.17 0.29 0.28 0.28 0.09 0.14 0.38 0.13 0.43 0.16 0.27 0.29 0.13 0.13 0.14 0.02 0.18 0.12 0.11 0.29 0.18 0.16 0.30 0.36 0.06 0.07 0.24 0.23 0.09 0.26 0.23 0.18 0.31 0.17 0.18 0.17 0.25 0.37 0.39 0.27 0.31 0.41 0.00 0.26 0.42 0.29 0.27 0.34 0.14 0.33 0.11 0.08 0.20 0.33 0.25 0.02 0.17 0.06
0.09 0.13 0.05 0.17 0.21 0.14 0.04 0.10 0.15 0.16 0.21 0.15 0.11 0.14 0.13 0.11 0.11 0.10 0.15 0.16 0.11 0.14 0.11 0.16 0.10 0.07 0.19 0.12 0.17 0.03 0.15 0.14 0.17 0.12 0.18 0.10 0.14 0.13 0.07 0.09 0.20 0.17 0.10 0.07 0.04 0.14 0.17 0.13 0.12 0.13 0.17 0.10 0.07 0.12 0.14 0.14 0.12 0.26 0.10 0.14 0.15 0.10 0.08 0.15 0.04 0.09 0.20 0.20 0.09 0.23 0.17 0.03 0.09 0.08 0.05 0.16 0.08 0.12 0.16 0.10 0.12 0.12 0.10 0.15 0.26 0.00 0.16 0.12 0.06 0.12 0.12 0.10 0.15 0.18 0.08 0.07 0.02 0.24 0.09 0.21
0.23 0.09 0.21 0.25 0.26 0.18 0.19 0.11 0.06 0.26 0.25 0.14 0.11 0.18 0.17 0.07 0.05 0.26 0.31 0.16 0.15 0.17 0.28 0.32 0.13 0.16 0.23 0.18 0.22 0.14 0.32 0.18 0.13 0.17 0.34 0.06 0.30 0.29 0.13 0.11 0.36 0.33 0.26 0.13 0.14 0.18 0.33 0.29 0.10 0.29 0.05 0.27 0.15 0.14 0.30 0.30 0.29 0.42 0.25 0.30 0.31 0.14 0.24 0.29 0.12 0.07 0.37 0.37 0.19 0.27 0.34 0.16 0.20 0.24 0.11 0.25 0.24 0.25 0.17 0.11 0.06 0.15 0.12 0.02 0.42 0.16 0.00 0.14 0.15 0.16 0.29 0.15 0.32 0.35 0.23 0.10 0.18 0.40 0.25 0.37
0.09 0.17 0.08 0.29 0.34 0.26 0.09 0.03 0.14 0.28 0.33 0.04 0.03 0.26 0.04 0.15 0.09 0.12 0.17 0.04 0.23 0.03 0.14 0.24 0.21 0.19 0.31 0.04 0.30 0.12 0.22 0.26 0.04 0.25 0.21 0.07 0.16 0.15 0.19 0.18 0.22 0.19 0.12 0.18 0.08 0.26 0.20 0.15 0.18 0.15 0.15 0.13 0.20 0.00 0.16 0.16 0.19 0.29 0.22 0.18 0.17 0.02 0.18 0.28 0.14 0.13 0.23 0.23 0.21 0.35 0.20 0.15 0.06 0.10 0.07 0.12 0.13 0.24 0.04 0.19 0.14 0.02 0.03 0.12 0.29 0.12 0.14 0.00 0.06 0.24 0.15 0.22 0.18 0.21 0.09 0.07 0.14 0.27 0.20 0.23
0.07 0.12 0.06 0.22 0.27 0.20 0.03 0.04 0.15 0.21 0.27 0.10 0.05 0.20 0.07 0.10 0.10 0.10 0.15 0.10 0.17 0.09 0.12 0.18 0.15 0.13 0.25 0.06 0.23 0.06 0.16 0.20 0.11 0.18 0.19 0.09 0.15 0.14 0.13 0.12 0.21 0.17 0.11 0.12 0.02 0.19 0.18 0.14 0.12 0.14 0.16 0.11 0.13 0.07 0.14 0.14 0.13 0.27 0.15 0.15 0.16 0.04 0.12 0.21 0.08 0.09 0.21 0.21 0.14 0.29 0.18 0.08 0.04 0.09 0.04 0.10 0.09 0.18 0.10 0.12 0.12 0.06 0.04 0.14 0.27 0.06 0.15 0.06 0.00 0.17 0.13 0.16 0.16 0.19 0.07 0.06 0.07 0.25 0.14 0.21
0.21 0.07 0.17 0.16 0.10 0.06 0.15 0.22 0.10 0.17 0.12 0.27 0.22 0.03 0.25 0.08 0.15 0.21 0.22 0.28 0.01 0.26 0.19 0.23 0.03 0.07 0.07 0.24 0.12 0.11 0.23 0.09 0.28 0.06 0.26 0.20 0.21 0.21 0.04 0.05 0.27 0.24 0.21 0.05 0.15 0.06 0.25 0.23 0.06 0.21 0.11 0.19 0.07 0.24 0.21 0.21 0.20 0.34 0.16 0.21 0.23 0.22 0.15 0.21 0.10 0.11 0.28 0.28 0.10 0.14 0.25 0.09 0.20 0.15 0.17 0.28 0.15 0.16 0.28 0.05 0.10 0.23 0.21 0.15 0.34 0.12 0.16 0.24 0.17 0.00 0.20 0.01 0.23 0.26 0.20 0.17 0.10 0.32 0.16 0.28
0.06 0.26 0.07 0.25 0.30 0.23 0.10 0.18 0.28 0.24 0.29 0.15 0.17 0.22 0.11 0.23 0.24 0.03 0.05 0.13 0.20 0.12 0.04 0.21 0.22 0.15 0.27 0.11 0.26 0.15 0.19 0.23 0.16 0.21 0.12 0.23 0.08 0.01 0.15 0.21 0.13 0.10 0.03 0.15 0.15 0.22 0.12 0.03 0.24 0.07 0.30 0.02 0.16 0.15 0.01 0.10 0.15 0.14 0.18 0.14 0.08 0.15 0.15 0.24 0.17 0.22 0.08 0.08 0.17 0.31 0.11 0.12 0.09 0.06 0.17 0.07 0.10 0.21 0.12 0.23 0.25 0.13 0.17 0.27 0.14 0.12 0.29 0.15 0.13 0.20 0.00 0.19 0.03 0.13 0.06 0.19 0.11 0.12 0.17 0.13
0.19 0.06 0.15 0.15 0.11 0.05 0.14 0.21 0.09 0.16 0.12 0.26 0.21 0.04 0.24 0.07 0.14 0.19 0.21 0.26 0.01 0.25 0.18 0.23 0.03 0.06 0.09 0.22 0.11 0.10 0.22 0.08 0.27 0.05 0.25 0.18 0.21 0.20 0.04 0.04 0.27 0.24 0.20 0.04 0.14 0.05 0.24 0.21 0.05 0.20 0.10 0.18 0.06 0.23 0.20 0.20 0.19 0.33 0.15 0.21 0.22 0.21 0.15 0.20 0.08 0.10 0.27 0.27 0.09 0.13 0.24 0.08 0.19 0.15 0.15 0.26 0.15 0.15 0.26 0.04 0.09 0.22 0.20 0.14 0.33 0.10 0.15 0.22 0.16 0.01 0.19 0.00 0.22 0.25 0.18 0.15 0.09 0.31 0.15 0.28
0.09 0.29 0.10 0.28 0.33 0.26 0.13 0.21 0.31 0.27 0.32 0.17 0.21 0.25 0.14 0.26 0.27 0.06 0.08 0.16 0.23 0.15 0.07 0.24 0.25 0.18 0.30 0.14 0.29 0.18 0.22 0.26 0.19 0.24 0.15 0.26 0.11 0.03 0.18 0.24 0.16 0.13 0.06 0.18 0.17 0.25 0.15 0.03 0.27 0.10 0.33 0.05 0.19 0.18 0.03 0.12 0.18 0.11 0.21 0.17 0.11 0.18 0.18 0.27 0.20 0.25 0.09 0.05 0.20 0.34 0.14 0.15 0.12 0.09 0.21 0.07 0.12 0.24 0.15 0.26 0.28 0.16 0.20 0.30 0.11 0.15 0.32 0.18 0.16 0.23 0.03 0.22 0.00 0.16 0.09 0.22 0.14 0.13 0.20 0.16
0.13 0.31 0.13 0.12 0.17 0.20 0.16 0.24 0.34 0.12 0.17 0.20 0.23 0.23 0.17 0.29 0.29 0.13 0.08 0.20 0.25 0.18 0.09 0.08 0.28 0.19 0.18 0.16 0.14 0.21 0.06 0.17 0.22 0.20 0.01 0.28 0.04 0.13 0.21 0.27 0.02 0.03 0.14 0.21 0.20 0.20 0.01 0.15 0.30 0.06 0.35 0.12 0.19 0.21 0.13 0.05 0.06 0.08 0.10 0.04 0.05 0.21 0.10 0.11 0.22 0.28 0.07 0.12 0.16 0.18 0.02 0.18 0.15 0.11 0.23 0.20 0.10 0.10 0.20 0.29 0.31 0.19 0.23 0.33 0.08 0.18 0.35 0.21 0.19 0.26 0.13 0.25 0.16 0.00 0.12 0.25 0.17 0.06 0.10 0.03
0.01 0.20 0.03 0.25 0.30 0.22 0.05 0.12 0.22 0.24 0.29 0.09 0.12 0.22 0.06 0.17 0.18 0.03 0.08 0.08 0.20 0.06 0.04 0.21 0.17 0.15 0.27 0.05 0.26 0.10 0.18 0.22 0.10 0.21 0.11 0.17 0.08 0.06 0.15 0.15 0.13 0.10 0.03 0.15 0.09 0.22 0.12 0.06 0.18 0.07 0.24 0.04 0.16 0.09 0.07 0.09 0.15 0.19 0.18 0.14 0.08 0.10 0.15 0.24 0.11 0.16 0.14 0.14 0.17 0.31 0.11 0.11 0.03 0.06 0.12 0.08 0.09 0.21 0.08 0.17 0.19 0.07 0.11 0.21 0.20 0.08 0.23 0.09 0.07 0.20 0.06 0.18 0.09 0.12 0.00 0.13 0.10 0.17 0.17 0.14
0.13 0.10 0.12 0.21 0.27 0.19 0.09 0.05 0.09 0.21 0.26 0.11 0.06 0.19 0.08 0.08 0.04 0.16 0.21 0.11 0.16 0.09 0.18 0.22 0.14 0.12 0.24 0.09 0.23 0.05 0.22 0.19 0.12 0.17 0.25 0.04 0.20 0.20 0.12 0.11 0.26 0.23 0.16 0.12 0.04 0.18 0.24 0.19 0.11 0.20 0.11 0.17 0.12 0.07 0.20 0.20 0.19 0.33 0.15 0.20 0.21 0.05 0.15 0.21 0.07 0.06 0.27 0.27 0.14 0.28 0.24 0.07 0.10 0.14 0.02 0.15 0.15 0.17 0.11 0.12 0.07 0.07 0.04 0.08 0.33 0.07 0.10 0.07 0.06 0.17 0.19 0.15 0.22 0.25 0.13 0.00 0.08 0.31 0.15 0.27
0.11 0.15 0.07 0.15 0.20 0.12 0.05 0.12 0.17 0.14 0.19 0.17 0.12 0.12 0.15 0.12 0.13 0.11 0.13 0.18 0.10 0.16 0.10 0.14 0.11 0.05 0.17 0.14 0.16 0.04 0.14 0.12 0.18 0.11 0.16 0.12 0.12 0.11 0.05 0.11 0.18 0.15 0.11 0.05 0.06 0.12 0.15 0.13 0.14 0.11 0.19 0.10 0.06 0.14 0.12 0.12 0.11 0.24 0.08 0.12 0.13 0.12 0.06 0.14 0.06 0.11 0.18 0.18 0.07 0.21 0.16 0.02 0.10 0.06 0.07 0.18 0.06 0.11 0.18 0.12 0.14 0.14 0.11 0.16 0.25 0.02 0.18 0.14 0.07 0.10 0.11 0.09 0.14 0.17 0.10 0.08 0.00 0.22 0.07 0.19
0.17 0.37 0.19 0.15 0.22 0.26 0.21 0.29 0.40 0.15 0.19 0.26 0.29 0.28 0.23 0.35 0.35 0.15 0.09 0.25 0.31 0.23 0.13 0.11 0.34 0.25 0.24 0.22 0.20 0.27 0.09 0.23 0.28 0.26 0.06 0.34 0.10 0.11 0.27 0.33 0.04 0.07 0.14 0.27 0.26 0.26 0.07 0.13 0.36 0.11 0.41 0.14 0.25 0.26 0.11 0.11 0.12 0.04 0.16 0.10 0.09 0.27 0.16 0.14 0.28 0.33 0.04 0.09 0.21 0.21 0.07 0.24 0.21 0.16 0.29 0.17 0.16 0.15 0.23 0.34 0.36 0.25 0.29 0.39 0.02 0.24 0.40 0.27 0.25 0.32 0.12 0.31 0.13 0.06 0.17 0.31 0.22 0.00 0.15 0.03
0.17 0.22 0.14 0.08 0.13 0.11 0.12 0.18 0.24 0.07 0.12 0.24 0.19 0.13 0.21 0.20 0.20 0.17 0.12 0.24 0.15 0.23 0.12 0.07 0.18 0.09 0.11 0.20 0.09 0.12 0.07 0.07 0.25 0.10 0.09 0.19 0.09 0.17 0.12 0.17 0.11 0.08 0.17 0.12 0.12 0.11 0.08 0.20 0.21 0.10 0.26 0.16 0.10 0.21 0.17 0.07 0.04 0.17 0.02 0.05 0.09 0.18 0.02 0.07 0.13 0.18 0.12 0.16 0.06 0.15 0.09 0.09 0.17 0.11 0.14 0.24 0.07 0.04 0.24 0.19 0.21 0.20 0.18 0.23 0.17 0.09 0.25 0.20 0.14 0.16 0.17 0.15 0.20 0.10 0.17 0.15 0.07 0.15 0.00 0.12
0.14 0.34 0.15 0.12 0.19 0.23 0.18 0.26 0.36 0.12 0.17 0.23 0.26 0.25 0.20 0.32 0.32 0.13 0.08 0.21 0.28 0.20 0.10 0.08 0.30 0.21 0.21 0.19 0.16 0.24 0.06 0.19 0.24 0.22 0.03 0.31 0.07 0.13 0.24 0.30 0.01 0.04 0.14 0.24 0.23 0.23 0.04 0.15 0.33 0.08 0.38 0.12 0.22 0.23 0.13 0.07 0.08 0.06 0.12 0.07 0.06 0.24 0.13 0.11 0.25 0.30 0.07 0.12 0.18 0.18 0.03 0.21 0.17 0.13 0.26 0.20 0.13 0.12 0.20 0.31 0.33 0.21 0.25 0.35 0.06 0.21 0.37 0.23 0.21 0.28 0.13 0.28 0.16 0.03 0.14 0.27 0.19 0.03 0.12 0.00
Team_tasks_times:
Team 0:
1: 2.00 2.00 1.00
2: 0.75
3: 0.75
4: 2.00 2.00 1.00
5: 2000.00 0.50 4.00 1.50 0.25
6: 0.75
7: 0.75
8: 0.75
9: 2000.00 0.50 4.00 1.50 0.25
10: 0.75
11: 2000.00 0.50 4.00 1.50 0.25
12: 0.75
13: 2.00 2.00 1.00
14: 2000.00 0.50 4.00 1.50 0.25
15: 0.75
16: 0.75
17: 0.75
18: 2000.00 0.50 4.00 1.50 0.25
19: 2.00 2.00 1.00
20: 0.75
21: 2000.00 0.50 4.00 1.50 0.25
22: 2.00 2.00 1.00
23: 2.00 2.00 1.00
24: 2000.00 0.50 4.00 1.50 0.25
25: 2.00 2.00 1.00
26: 2.00 2.00 1.00
27: 0.75
28: 0.75
29: 2.00 2.00 1.00
30: 2.00 2.00 1.00
31: 2.00 2.00 1.00
32: 2.00 2.00 1.00
33: 2.00 2.00 1.00
34: 0.75
35: 0.75
36: 0.75
37: 2000.00 0.50 4.00 1.50 0.25
38: 2.00 2.00 1.00
39: 2000.00 0.50 4.00 1.50 0.25
40: 2.00 2.00 1.00
41: 2.00 2.00 1.00
42: 2000.00 0.50 4.00 1.50 0.25
43: 0.75
44: 2000.00 0.50 4.00 1.50 0.25
45: 0.75
46: 0.75
47: 2000.00 0.50 4.00 1.50 0.25
48: 2.00 2.00 1.00
49: 0.75
50: 2000.00 0.50 4.00 1.50 0.25
51: 2000.00 0.50 4.00 1.50 0.25
52: 0.75
53: 2000.00 0.50 4.00 1.50 0.25
54: 2.00 2.00 1.00
55: 2000.00 0.50 4.00 1.50 0.25
56: 0.75
57: 2000.00 0.50 4.00 1.50 0.25
58: 2.00 2.00 1.00
59: 2000.00 0.50 4.00 1.50 0.25
60: 2.00 2.00 1.00
61: 0.75
62: 2.00 2.00 1.00
63: 0.75
64: 2000.00 0.50 4.00 1.50 0.25
65: 2000.00 0.50 4.00 1.50 0.25
66: 2000.00 0.50 4.00 1.50 0.25
67: 2.00 2.00 1.00
68: 2000.00 0.50 4.00 1.50 0.25
69: 0.75
70: 2000.00 0.50 4.00 1.50 0.25
71: 0.75
72: 0.75
73: 2.00 2.00 1.00
74: 2000.00 0.50 4.00 1.50 0.25
75: 0.75
76: 0.75
77: 2000.00 0.50 4.00 1.50 0.25
78: 2.00 2.00 1.00
79: 2.00 2.00 1.00
80: 2000.00 0.50 4.00 1.50 0.25
81: 0.75
82: 0.75
83: 2.00 2.00 1.00
84: 2.00 2.00 1.00
85: 2.00 2.00 1.00
86: 0.75
87: 2000.00 0.50 4.00 1.50 0.25
88: 2000.00 0.50 4.00 1.50 0.25
89: 2.00 2.00 1.00
90: 2.00 2.00 1.00
91: 2000.00 0.50 4.00 1.50 0.25
92: 2.00 2.00 1.00
93: 2.00 2.00 1.00
94: 0.75
95: 0.75
96: 0.75
97: 0.75
98: 2.00 2.00 1.00
99: 0.75
Team 1:
1: 2.00 1.00 1000.00
2: 1.50
3: 1.50
4: 2.00 1.00 1000.00
5: 1000.00 0.50 1.00 3.00 3.00
6: 1.50
7: 1.50
8: 1.50
9: 1000.00 0.50 1.00 3.00 3.00
10: 1.50
11: 1000.00 0.50 1.00 3.00 3.00
12: 1.50
13: 2.00 1.00 1000.00
14: 1000.00 0.50 1.00 3.00 3.00
15: 1.50
16: 1.50
17: 1.50
18: 1000.00 0.50 1.00 3.00 3.00
19: 2.00 1.00 1000.00
20: 1.50
21: 1000.00 0.50 1.00 3.00 3.00
22: 2.00 1.00 1000.00
23: 2.00 1.00 1000.00
24: 1000.00 0.50 1.00 3.00 3.00
25: 2.00 1.00 1000.00
26: 2.00 1.00 1000.00
27: 1.50
28: 1.50
29: 2.00 1.00 1000.00
30: 2.00 1.00 1000.00
31: 2.00 1.00 1000.00
32: 2.00 1.00 1000.00
33: 2.00 1.00 1000.00
34: 1.50
35: 1.50
36: 1.50
37: 1000.00 0.50 1.00 3.00 3.00
38: 2.00 1.00 1000.00
39: 1000.00 0.50 1.00 3.00 3.00
40: 2.00 1.00 1000.00
41: 2.00 1.00 1000.00
42: 1000.00 0.50 1.00 3.00 3.00
43: 1.50
44: 1000.00 0.50 1.00 3.00 3.00
45: 1.50
46: 1.50
47: 1000.00 0.50 1.00 3.00 3.00
48: 2.00 1.00 1000.00
49: 1.50
50: 1000.00 0.50 1.00 3.00 3.00
51: 1000.00 0.50 1.00 3.00 3.00
52: 1.50
53: 1000.00 0.50 1.00 3.00 3.00
54: 2.00 1.00 1000.00
55: 1000.00 0.50 1.00 3.00 3.00
56: 1.50
57: 1000.00 0.50 1.00 3.00 3.00
58: 2.00 1.00 1000.00
59: 1000.00 0.50 1.00 3.00 3.00
60: 2.00 1.00 1000.00
61: 1.50
62: 2.00 1.00 1000.00
63: 1.50
64: 1000.00 0.50 1.00 3.00 3.00
65: 1000.00 0.50 1.00 3.00 3.00
66: 1000.00 0.50 1.00 3.00 3.00
67: 2.00 1.00 1000.00
68: 1000.00 0.50 1.00 3.00 3.00
69: 1.50
70: 1000.00 0.50 1.00 3.00 3.00
71: 1.50
72: 1.50
73: 2.00 1.00 1000.00
74: 1000.00 0.50 1.00 3.00 3.00
75: 1.50
76: 1.50
77: 1000.00 0.50 1.00 3.00 3.00
78: 2.00 1.00 1000.00
79: 2.00 1.00 1000.00
80: 1000.00 0.50 1.00 3.00 3.00
81: 1.50
82: 1.50
83: 2.00 1.00 1000.00
84: 2.00 1.00 1000.00
85: 2.00 1.00 1000.00
86: 1.50
87: 1000.00 0.50 1.00 3.00 3.00
88: 1000.00 0.50 1.00 3.00 3.00
89: 2.00 1.00 1000.00
90: 2.00 1.00 1000.00
91: 1000.00 0.50 1.00 3.00 3.00
92: 2.00 1.00 1000.00
93: 2.00 1.00 1000.00
94: 1.50
95: 1.50
96: 1.50
97: 1.50
98: 2.00 1.00 1000.00
99: 1.50
Team 2:
1: 2.00 0.50 2000.00
2: 4.00
3: 4.00
4: 2.00 0.50 2000.00
5: 1.00 0.25 2.00 2.00 1.00
6: 4.00
7: 4.00
8: 4.00
9: 1.00 0.25 2.00 2.00 1.00
10: 4.00
11: 1.00 0.25 2.00 2.00 1.00
12: 4.00
13: 2.00 0.50 2000.00
14: 1.00 0.25 2.00 2.00 1.00
15: 4.00
16: 4.00
17: 4.00
18: 1.00 0.25 2.00 2.00 1.00
19: 2.00 0.50 2000.00
20: 4.00
21: 1.00 0.25 2.00 2.00 1.00
22: 2.00 0.50 2000.00
23: 2.00 0.50 2000.00
24: 1.00 0.25 2.00 2.00 1.00
25: 2.00 0.50 2000.00
26: 2.00 0.50 2000.00
27: 4.00
28: 4.00
29: 2.00 0.50 2000.00
30: 2.00 0.50 2000.00
31: 2.00 0.50 2000.00
32: 2.00 0.50 2000.00
33: 2.00 0.50 2000.00
34: 4.00
35: 4.00
36: 4.00
37: 1.00 0.25 2.00 2.00 1.00
38: 2.00 0.50 2000.00
39: 1.00 0.25 2.00 2.00 1.00
40: 2.00 0.50 2000.00
41: 2.00 0.50 2000.00
42: 1.00 0.25 2.00 2.00 1.00
43: 4.00
44: 1.00 0.25 2.00 2.00 1.00
45: 4.00
46: 4.00
47: 1.00 0.25 2.00 2.00 1.00
48: 2.00 0.50 2000.00
49: 4.00
50: 1.00 0.25 2.00 2.00 1.00
51: 1.00 0.25 2.00 2.00 1.00
52: 4.00
53: 1.00 0.25 2.00 2.00 1.00
54: 2.00 0.50 2000.00
55: 1.00 0.25 2.00 2.00 1.00
56: 4.00
57: 1.00 0.25 2.00 2.00 1.00
58: 2.00 0.50 2000.00
59: 1.00 0.25 2.00 2.00 1.00
60: 2.00 0.50 2000.00
61: 4.00
62: 2.00 0.50 2000.00
63: 4.00
64: 1.00 0.25 2.00 2.00 1.00
65: 1.00 0.25 2.00 2.00 1.00
66: 1.00 0.25 2.00 2.00 1.00
67: 2.00 0.50 2000.00
68: 1.00 0.25 2.00 2.00 1.00
69: 4.00
70: 1.00 0.25 2.00 2.00 1.00
71: 4.00
72: 4.00
73: 2.00 0.50 2000.00
74: 1.00 0.25 2.00 2.00 1.00
75: 4.00
76: 4.00
77: 1.00 0.25 2.00 2.00 1.00
78: 2.00 0.50 2000.00
79: 2.00 0.50 2000.00
80: 1.00 0.25 2.00 2.00 1.00
81: 4.00
82: 4.00
83: 2.00 0.50 2000.00
84: 2.00 0.50 2000.00
85: 2.00 0.50 2000.00
86: 4.00
87: 1.00 0.25 2.00 2.00 1.00
88: 1.00 0.25 2.00 2.00 1.00
89: 2.00 0.50 2000.00
90: 2.00 0.50 2000.00
91: 1.00 0.25 2.00 2.00 1.00
92: 2.00 0.50 2000.00
93: 2.00 0.50 2000.00
94: 4.00
95: 4.00
96: 4.00
97: 4.00
98: 2.00 0.50 2000.00
99: 4.00
