Number_of_customers: 10
Number_of_teams: 3
Number_of_services: 3
Customers_requested_services:
0 0 2 1 2 2 1 1 2
Daily_available_time: 8
Service 0:
Number_of_tasks: 1
Dependencies:
0: 
Service 1:
Number_of_tasks: 3
Dependencies:
0: 2
1: 2
2: 
Service 2:
Number_of_tasks: 5
Dependencies:
0: 
1: 0 2 3 4
2: 
3: 
4: 
Travel_times:
0.00 0.12 0.31 0.04 0.34 0.11 0.31 0.06 0.37 0.09
0.12 0.00 0.19 0.11 0.22 0.04 0.19 0.11 0.25 0.05
0.31 0.19 0.00 0.30 0.04 0.20 0.09 0.30 0.06 0.21
0.04 0.11 0.30 0.00 0.33 0.11 0.30 0.02 0.36 0.08
0.34 0.22 0.04 0.33 0.00 0.24 0.08 0.33 0.04 0.25
0.11 0.04 0.20 0.11 0.24 0.00 0.21 0.13 0.26 0.09
0.31 0.19 0.09 0.30 0.08 0.21 0.00 0.30 0.06 0.22
0.06 0.11 0.30 0.02 0.33 0.13 0.30 0.00 0.36 0.08
0.37 0.25 0.06 0.36 0.04 0.26 0.06 0.36 0.00 0.28
0.09 0.05 0.21 0.08 0.25 0.09 0.22 0.08 0.28 0.00
Team_tasks_times:
Team 0:
1: 1.50
2: 1.50
3: 0.50 0.75 0.75 4.00 0.50
4: 4.00 1.00 0.50
5: 0.50 0.75 0.75 4.00 0.50
6: 0.50 0.75 0.75 4.00 0.50
7: 4.00 1.00 0.50
8: 4.00 1.00 0.50
9: 0.50 0.75 0.75 4.00 0.50
Team 1:
1: 0.75
2: 0.75
3: 1.00 3.00 1.50 2.00 2.00
4: 1.00 2.00 1.00
5: 1.00 3.00 1.50 2.00 2.00
6: 1.00 3.00 1.50 2.00 2.00
7: 1.00 2.00 1.00
8: 1.00 2.00 1.00
9: 1.00 3.00 1.50 2.00 2.00
Team 2:
1: 1.50
2: 1.50
3: 0.50 1.50 0.75 2.00 2.00
4: 4.00 1.00 1.00
5: 0.50 1.50 0.75 2.00 2.00
6: 0.50 1.50 0.75 2.00 2.00
7: 4.00 1.00 1.00
8: 4.00 1.00 1.00
9: 0.50 1.50 0.75 2.00 2.00
