Number_of_customers: 10
Number_of_teams: 3
Number_of_services: 3
Customers_requested_services:
2 1 2 1 1 2 1 2 1
Daily_available_time: 8
Service 0:
Number_of_tasks: 1
Dependencies:
0: 
Service 1:
Number_of_tasks: 3
Dependencies:
0: 2
1: 2
2: 
Service 2:
Number_of_tasks: 5
Dependencies:
0: 
1: 0 2
2: 
3: 0 2
4: 0 2
Travel_times:
0.00 0.13 0.24 0.37 0.34 0.32 0.44 0.43 0.20 0.28
0.13 0.00 0.11 0.25 0.21 0.19 0.32 0.31 0.07 0.15
0.24 0.11 0.00 0.14 0.11 0.14 0.21 0.20 0.03 0.10
0.37 0.25 0.14 0.00 0.11 0.08 0.07 0.06 0.17 0.09
0.34 0.21 0.11 0.11 0.00 0.19 0.11 0.09 0.14 0.15
0.32 0.19 0.14 0.08 0.19 0.00 0.12 0.14 0.14 0.04
0.44 0.32 0.21 0.07 0.11 0.12 0.00 0.06 0.24 0.16
0.43 0.31 0.20 0.06 0.09 0.14 0.06 0.00 0.23 0.15
0.20 0.07 0.03 0.17 0.14 0.14 0.24 0.23 0.00 0.10
0.28 0.15 0.10 0.09 0.15 0.04 0.16 0.15 0.10 0.00
Team_tasks_times:
Team 0:
1: 3.00 2.00 1.50 0.25 1.00
2: 0.50 1.50 0.50
3: 3.00 2.00 1.50 0.25 1.00
4: 0.50 1.50 0.50
5: 0.50 1.50 0.50
6: 3.00 2.00 1.50 0.25 1.00
7: 0.50 1.50 0.50
8: 3.00 2.00 1.50 0.25 1.00
9: 0.50 1.50 0.50
Team 1:
1: 3.00 2.00 1.50 0.50 1.00
2: 1.00 3.00 0.50
3: 3.00 2.00 1.50 0.50 1.00
4: 1.00 3.00 0.50
5: 1.00 3.00 0.50
6: 3.00 2.00 1.50 0.50 1.00
7: 1.00 3.00 0.50
8: 3.00 2.00 1.50 0.50 1.00
9: 1.00 3.00 0.50
Team 2:
1: 3.00 1.00 0.75 0.25 1.00
2: 2.00 0.75 0.25
3: 3.00 1.00 0.75 0.25 1.00
4: 2.00 0.75 0.25
5: 2.00 0.75 0.25
6: 3.00 1.00 0.75 0.25 1.00
7: 2.00 0.75 0.25
8: 3.00 1.00 0.75 0.25 1.00
9: 2.00 0.75 0.25
