Number_of_customers: 10
Number_of_teams: 3
Number_of_services: 3
Customers_requested_services:
0 0 1 0 1 1 2 2 0
Daily_available_time: 8
Service 0:
Number_of_tasks: 1
Dependencies:
0: 
Service 1:
Number_of_tasks: 3
Dependencies:
0: 
1: 0 2
2: 
Service 2:
Number_of_tasks: 5
Dependencies:
0: 4
1: 4
2: 4
3: 4
4: 
Travel_times:
0.00 0.08 0.40 0.23 0.06 0.21 0.18 0.22 0.27 0.27
0.08 0.00 0.32 0.15 0.03 0.15 0.11 0.14 0.20 0.19
0.40 0.32 0.00 0.19 0.35 0.20 0.21 0.18 0.25 0.12
0.23 0.15 0.19 0.00 0.18 0.02 0.09 0.07 0.06 0.16
0.06 0.03 0.35 0.18 0.00 0.16 0.14 0.17 0.23 0.23
0.21 0.15 0.20 0.02 0.16 0.00 0.10 0.08 0.07 0.17
0.18 0.11 0.21 0.09 0.14 0.10 0.00 0.04 0.15 0.09
0.22 0.14 0.18 0.07 0.17 0.08 0.04 0.00 0.13 0.09
0.27 0.20 0.25 0.06 0.23 0.07 0.15 0.13 0.00 0.22
0.27 0.19 0.12 0.16 0.23 0.17 0.09 0.09 0.22 0.00
Team_tasks_times:
Team 0:
1: 1000.00
2: 1000.00
3: 1.50 0.25 1.00
4: 1000.00
5: 1.50 0.25 1.00
6: 1.50 0.25 1.00
7: 3.00 1.50 4.00 0.75 1.00
8: 3.00 1.50 4.00 0.75 1.00
9: 1000.00
Team 1:
1: 1000.00
2: 1000.00
3: 1.00 0.25 1.50
4: 1000.00
5: 1.00 0.25 1.50
6: 1.00 0.25 1.50
7: 1.50 1.50 3.00 3.00 1.00
8: 1.50 1.50 3.00 3.00 1.00
9: 1000.00
Team 2:
1: 3.00
2: 3.00
3: 0.75 1.50 0.75
4: 3.00
5: 0.75 1.50 0.75
6: 0.75 1.50 0.75
7: 3.00 0.75 4.00 0.50 1.50
8: 3.00 0.75 4.00 0.50 1.50
9: 3.00
