Number_of_customers: 10
Number_of_teams: 3
Number_of_services: 1
Customers_requested_services:
0 0 0 0 0 0 0 0 0
Daily_available_time: 8
Service 0:
Number_of_tasks: 3
Dependencies:
0: 
1: 0
2: 0
Travel_times:
0.00 0.20 0.11 0.12 0.25 0.13 0.06 0.24 0.10 0.14
0.20 0.00 0.20 0.15 0.18 0.15 0.16 0.21 0.19 0.11
0.11 0.20 0.00 0.23 0.36 0.24 0.05 0.35 0.02 0.25
0.12 0.15 0.23 0.00 0.12 0.01 0.18 0.12 0.22 0.05
0.25 0.18 0.36 0.12 0.00 0.12 0.31 0.04 0.34 0.11
0.13 0.15 0.24 0.01 0.12 0.00 0.19 0.11 0.22 0.04
0.06 0.16 0.05 0.18 0.31 0.19 0.00 0.30 0.04 0.20
0.24 0.21 0.35 0.12 0.04 0.11 0.30 0.00 0.33 0.11
0.10 0.19 0.02 0.22 0.34 0.22 0.04 0.33 0.00 0.24
0.14 0.11 0.25 0.05 0.11 0.04 0.20 0.11 0.24 0.00
Team_tasks_times:
Team 0:
1: 0.50 1000.00 1000.00
2: 0.50 1000.00 1000.00
3: 0.50 1000.00 1000.00
4: 0.50 1000.00 1000.00
5: 0.50 1000.00 1000.00
6: 0.50 1000.00 1000.00
7: 0.50 1000.00 1000.00
8: 0.50 1000.00 1000.00
9: 0.50 1000.00 1000.00
Team 1:
1: 1000.00 1.00 1000.00
2: 1000.00 1.00 1000.00
3: 1000.00 1.00 1000.00
4: 1000.00 1.00 1000.00
5: 1000.00 1.00 1000.00
6: 1000.00 1.00 1000.00
7: 1000.00 1.00 1000.00
8: 1000.00 1.00 1000.00
9: 1000.00 1.00 1000.00
Team 2:
1: 1000.00 1000.00 3.00
2: 1000.00 1000.00 3.00
3: 1000.00 1000.00 3.00
4: 1000.00 1000.00 3.00
5: 1000.00 1000.00 3.00
6: 1000.00 1000.00 3.00
7: 1000.00 1000.00 3.00
8: 1000.00 1000.00 3.00
9: 1000.00 1000.00 3.00
