Number_of_customers: 10
Number_of_teams: 3
Number_of_services: 1
Customers_requested_services:
0 0 0 0 0 0 0 0 0
Daily_available_time: 8
Service 0:
Number_of_tasks: 3
Dependencies:
0: 2
1: 
2: 1
Travel_times:
0.00 0.19 0.25 0.05 0.04 0.11 0.13 0.09 0.25 0.16
0.19 0.00 0.10 0.14 0.22 0.24 0.07 0.28 0.09 0.24
0.25 0.10 0.00 0.20 0.28 0.24 0.13 0.34 0.01 0.30
0.05 0.14 0.20 0.00 0.08 0.12 0.12 0.14 0.20 0.15
0.04 0.22 0.28 0.08 0.00 0.07 0.17 0.12 0.28 0.20
0.11 0.24 0.24 0.12 0.07 0.00 0.24 0.19 0.25 0.26
0.13 0.07 0.13 0.12 0.17 0.24 0.00 0.21 0.13 0.17
0.09 0.28 0.34 0.14 0.12 0.19 0.21 0.00 0.34 0.07
0.25 0.09 0.01 0.20 0.28 0.25 0.13 0.34 0.00 0.30
0.16 0.24 0.30 0.15 0.20 0.26 0.17 0.07 0.30 0.00
Team_tasks_times:
Team 0:
1: 0.50 1000.00 1000.00
2: 0.50 1000.00 1000.00
3: 0.50 1000.00 1000.00
4: 0.50 1000.00 1000.00
5: 0.50 1000.00 1000.00
6: 0.50 1000.00 1000.00
7: 0.50 1000.00 1000.00
8: 0.50 1000.00 1000.00
9: 0.50 1000.00 1000.00
Team 1:
1: 1000.00 1.50 1000.00
2: 1000.00 1.50 1000.00
3: 1000.00 1.50 1000.00
4: 1000.00 1.50 1000.00
5: 1000.00 1.50 1000.00
6: 1000.00 1.50 1000.00
7: 1000.00 1.50 1000.00
8: 1000.00 1.50 1000.00
9: 1000.00 1.50 1000.00
Team 2:
1: 1000.00 1000.00 1.00
2: 1000.00 1000.00 1.00
3: 1000.00 1000.00 1.00
4: 1000.00 1000.00 1.00
5: 1000.00 1000.00 1.00
6: 1000.00 1000.00 1.00
7: 1000.00 1000.00 1.00
8: 1000.00 1000.00 1.00
9: 1000.00 1000.00 1.00
