Number_of_customers: 10
Number_of_teams: 3
Number_of_services: 1
Customers_requested_services:
0 0 0 0 0 0 0 0 0
Daily_available_time: 8
Service 0:
Number_of_tasks: 3
Dependencies:
0: 2
1: 2
2: 
Travel_times:
0.00 0.22 0.15 0.12 0.29 0.12 0.13 0.23 0.09 0.05
0.22 0.00 0.07 0.11 0.09 0.10 0.19 0.01 0.26 0.25
0.15 0.07 0.00 0.04 0.13 0.11 0.15 0.07 0.20 0.18
0.12 0.11 0.04 0.00 0.17 0.12 0.16 0.11 0.15 0.14
0.29 0.09 0.13 0.17 0.00 0.17 0.26 0.08 0.33 0.31
0.12 0.10 0.11 0.12 0.17 0.00 0.09 0.11 0.16 0.15
0.13 0.19 0.15 0.16 0.26 0.09 0.00 0.20 0.07 0.07
0.23 0.01 0.07 0.11 0.08 0.11 0.20 0.00 0.27 0.25
0.09 0.26 0.20 0.15 0.33 0.16 0.07 0.27 0.00 0.03
0.05 0.25 0.18 0.14 0.31 0.15 0.07 0.25 0.03 0.00
Team_tasks_times:
Team 0:
1: 2.00 1000.00 1000.00
2: 2.00 1000.00 1000.00
3: 2.00 1000.00 1000.00
4: 2.00 1000.00 1000.00
5: 2.00 1000.00 1000.00
6: 2.00 1000.00 1000.00
7: 2.00 1000.00 1000.00
8: 2.00 1000.00 1000.00
9: 2.00 1000.00 1000.00
Team 1:
1: 1000.00 1.00 1000.00
2: 1000.00 1.00 1000.00
3: 1000.00 1.00 1000.00
4: 1000.00 1.00 1000.00
5: 1000.00 1.00 1000.00
6: 1000.00 1.00 1000.00
7: 1000.00 1.00 1000.00
8: 1000.00 1.00 1000.00
9: 1000.00 1.00 1000.00
Team 2:
1: 1000.00 1000.00 0.50
2: 1000.00 1000.00 0.50
3: 1000.00 1000.00 0.50
4: 1000.00 1000.00 0.50
5: 1000.00 1000.00 0.50
6: 1000.00 1000.00 0.50
7: 1000.00 1000.00 0.50
8: 1000.00 1000.00 0.50
9: 1000.00 1000.00 0.50
