Number_of_customers: 15
Number_of_teams: 3
Number_of_services: 3
Customers_requested_services:
1 0 1 2 1 2 2 0 2 2 2 0 1 0
Daily_available_time: 8
Service 0:
Number_of_tasks: 1
Dependencies:
0: 
Service 1:
Number_of_tasks: 3
Dependencies:
0: 2
1: 2
2: 
Service 2:
Number_of_tasks: 5
Dependencies:
0: 
1: 0 2 3 4
2: 
3: 
4: 
Travel_times:
0.00 0.25 0.10 0.24 0.26 0.15 0.06 0.25 0.16 0.30 0.19 0.19 0.09 0.18 0.15
0.25 0.00 0.17 0.22 0.20 0.12 0.26 0.19 0.09 0.24 0.08 0.20 0.20 0.12 0.21
0.10 0.17 0.00 0.34 0.35 0.07 0.15 0.35 0.18 0.40 0.24 0.29 0.19 0.28 0.25
0.24 0.22 0.34 0.00 0.12 0.31 0.18 0.05 0.15 0.10 0.16 0.05 0.15 0.11 0.09
0.26 0.20 0.35 0.12 0.00 0.32 0.20 0.07 0.17 0.04 0.12 0.10 0.17 0.07 0.12
0.15 0.12 0.07 0.31 0.32 0.00 0.15 0.32 0.15 0.37 0.21 0.26 0.16 0.25 0.22
0.06 0.26 0.15 0.18 0.20 0.15 0.00 0.19 0.17 0.24 0.20 0.13 0.06 0.14 0.10
0.25 0.19 0.35 0.05 0.07 0.32 0.19 0.00 0.16 0.05 0.11 0.06 0.16 0.07 0.10
0.16 0.09 0.18 0.15 0.17 0.15 0.17 0.16 0.00 0.21 0.05 0.11 0.11 0.09 0.13
0.30 0.24 0.40 0.10 0.04 0.37 0.24 0.05 0.21 0.00 0.16 0.11 0.21 0.12 0.15
0.19 0.08 0.24 0.16 0.12 0.21 0.20 0.11 0.05 0.16 0.00 0.14 0.14 0.06 0.16
0.19 0.20 0.29 0.05 0.10 0.26 0.13 0.06 0.11 0.11 0.14 0.00 0.10 0.08 0.04
0.09 0.20 0.19 0.15 0.17 0.16 0.06 0.16 0.11 0.21 0.14 0.10 0.00 0.09 0.06
0.18 0.12 0.28 0.11 0.07 0.25 0.14 0.07 0.09 0.12 0.06 0.08 0.09 0.00 0.10
0.15 0.21 0.25 0.09 0.12 0.22 0.10 0.10 0.13 0.15 0.16 0.04 0.06 0.10 0.00
Team_tasks_times:
Team 0:
1: 0.75 1.00 2.00
2: 0.50
3: 0.75 1.00 2.00
4: 0.75 0.25 1.00 3.00 1.00
5: 0.75 1.00 2.00
6: 0.75 0.25 1.00 3.00 1.00
7: 0.75 0.25 1.00 3.00 1.00
8: 0.50
9: 0.75 0.25 1.00 3.00 1.00
10: 0.75 0.25 1.00 3.00 1.00
11: 0.75 0.25 1.00 3.00 1.00
12: 0.50
13: 0.75 1.00 2.00
14: 0.50
Team 1:
1: 3.00 3.00 1.00
2: 1.00
3: 3.00 3.00 1.00
4: 3.00 1.00 2.00 1.00 1.50
5: 3.00 3.00 1.00
6: 3.00 1.00 2.00 1.00 1.50
7: 3.00 1.00 2.00 1.00 1.50
8: 1.00
9: 3.00 1.00 2.00 1.00 1.50
10: 3.00 1.00 2.00 1.00 1.50
11: 3.00 1.00 2.00 1.00 1.50
12: 1.00
13: 3.00 3.00 1.00
14: 1.00
Team 2:
1: 0.25 3.00 0.75
2: 0.25
3: 0.25 3.00 0.75
4: 4.00 0.25 2.00 1.50 2.00
5: 0.25 3.00 0.75
6: 4.00 0.25 2.00 1.50 2.00
7: 4.00 0.25 2.00 1.50 2.00
8: 0.25
9: 4.00 0.25 2.00 1.50 2.00
10: 4.00 0.25 2.00 1.50 2.00
11: 4.00 0.25 2.00 1.50 2.00
12: 0.25
13: 0.25 3.00 0.75
14: 0.25
