Number_of_customers: 15
Number_of_teams: 3
Number_of_services: 1
Customers_requested_services:
0 0 0 0 0 0 0 0 0 0 0 0 0 0
Daily_available_time: 8
Service 0:
Number_of_tasks: 3
Dependencies:
0: 
1: 
2: 
Travel_times:
0.00 0.17 0.03 0.11 0.11 0.06 0.15 0.17 0.17 0.20 0.11 0.13 0.12 0.15 0.14
0.17 0.00 0.14 0.27 0.09 0.16 0.06 0.10 0.06 0.14 0.06 0.14 0.14 0.09 0.25
0.03 0.14 0.00 0.13 0.12 0.07 0.12 0.16 0.14 0.20 0.08 0.13 0.13 0.15 0.15
0.11 0.27 0.13 0.00 0.17 0.10 0.25 0.27 0.27 0.21 0.21 0.13 0.13 0.21 0.03
0.11 0.09 0.12 0.17 0.00 0.07 0.11 0.10 0.11 0.09 0.06 0.04 0.04 0.04 0.15
0.06 0.16 0.07 0.10 0.07 0.00 0.14 0.17 0.16 0.14 0.11 0.07 0.06 0.11 0.09
0.15 0.06 0.12 0.25 0.11 0.14 0.00 0.16 0.02 0.20 0.06 0.13 0.12 0.15 0.23
0.17 0.10 0.16 0.27 0.10 0.17 0.16 0.00 0.15 0.06 0.10 0.14 0.14 0.06 0.25
0.17 0.06 0.14 0.27 0.11 0.16 0.02 0.15 0.00 0.20 0.06 0.14 0.14 0.14 0.25
0.20 0.14 0.20 0.21 0.09 0.14 0.20 0.06 0.20 0.00 0.14 0.07 0.07 0.05 0.19
0.11 0.06 0.08 0.21 0.06 0.11 0.06 0.10 0.06 0.14 0.00 0.08 0.08 0.09 0.19
0.13 0.14 0.13 0.13 0.04 0.07 0.13 0.14 0.14 0.07 0.08 0.00 0.01 0.08 0.11
0.12 0.14 0.13 0.13 0.04 0.06 0.12 0.14 0.14 0.07 0.08 0.01 0.00 0.08 0.11
0.15 0.09 0.15 0.21 0.04 0.11 0.15 0.06 0.14 0.05 0.09 0.08 0.08 0.00 0.19
0.14 0.25 0.15 0.03 0.15 0.09 0.23 0.25 0.25 0.19 0.19 0.11 0.11 0.19 0.00
Team_tasks_times:
Team 0:
1: 4.00 1000.00 1000.00
2: 4.00 1000.00 1000.00
3: 4.00 1000.00 1000.00
4: 4.00 1000.00 1000.00
5: 4.00 1000.00 1000.00
6: 4.00 1000.00 1000.00
7: 4.00 1000.00 1000.00
8: 4.00 1000.00 1000.00
9: 4.00 1000.00 1000.00
10: 4.00 1000.00 1000.00
11: 4.00 1000.00 1000.00
12: 4.00 1000.00 1000.00
13: 4.00 1000.00 1000.00
14: 4.00 1000.00 1000.00
Team 1:
1: 1000.00 3.00 1000.00
2: 1000.00 3.00 1000.00
3: 1000.00 3.00 1000.00
4: 1000.00 3.00 1000.00
5: 1000.00 3.00 1000.00
6: 1000.00 3.00 1000.00
7: 1000.00 3.00 1000.00
8: 1000.00 3.00 1000.00
9: 1000.00 3.00 1000.00
10: 1000.00 3.00 1000.00
11: 1000.00 3.00 1000.00
12: 1000.00 3.00 1000.00
13: 1000.00 3.00 1000.00
14: 1000.00 3.00 1000.00
Team 2:
1: 1000.00 1000.00 0.50
2: 1000.00 1000.00 0.50
3: 1000.00 1000.00 0.50
4: 1000.00 1000.00 0.50
5: 1000.00 1000.00 0.50
6: 1000.00 1000.00 0.50
7: 1000.00 1000.00 0.50
8: 1000.00 1000.00 0.50
9: 1000.00 1000.00 0.50
10: 1000.00 1000.00 0.50
11: 1000.00 1000.00 0.50
12: 1000.00 1000.00 0.50
13: 1000.00 1000.00 0.50
14: 1000.00 1000.00 0.50
