Number_of_customers: 15
Number_of_teams: 3
Number_of_services: 1
Customers_requested_services:
0 0 0 0 0 0 0 0 0 0 0 0 0 0
Daily_available_time: 8
Service 0:
Number_of_tasks: 3
Dependencies:
0: 1
1: 
2: 1
Travel_times:
0.00 0.12 0.14 0.06 0.23 0.19 0.18 0.07 0.06 0.30 0.07 0.15 0.14 0.07 0.17
0.12 0.00 0.02 0.06 0.11 0.17 0.15 0.17 0.17 0.18 0.17 0.19 0.17 0.14 0.06
0.14 0.02 0.00 0.07 0.10 0.17 0.15 0.18 0.18 0.17 0.18 0.19 0.18 0.16 0.04
0.06 0.06 0.07 0.00 0.17 0.17 0.15 0.11 0.11 0.24 0.11 0.19 0.17 0.08 0.12
0.23 0.11 0.10 0.17 0.00 0.13 0.10 0.28 0.28 0.07 0.28 0.25 0.28 0.26 0.06
0.19 0.17 0.17 0.17 0.13 0.00 0.03 0.24 0.24 0.11 0.24 0.20 0.24 0.21 0.18
0.18 0.15 0.15 0.15 0.10 0.03 0.00 0.23 0.24 0.12 0.23 0.20 0.24 0.21 0.16
0.07 0.17 0.18 0.11 0.28 0.24 0.23 0.00 0.01 0.35 0.01 0.08 0.06 0.15 0.22
0.06 0.17 0.18 0.11 0.28 0.24 0.24 0.01 0.00 0.35 0.01 0.09 0.07 0.13 0.23
0.30 0.18 0.17 0.24 0.07 0.11 0.12 0.35 0.35 0.00 0.35 0.31 0.35 0.32 0.12
0.07 0.17 0.18 0.11 0.28 0.24 0.23 0.01 0.01 0.35 0.00 0.09 0.07 0.14 0.22
0.15 0.19 0.19 0.19 0.25 0.20 0.20 0.08 0.09 0.31 0.09 0.00 0.04 0.23 0.20
0.14 0.17 0.18 0.17 0.28 0.24 0.24 0.06 0.07 0.35 0.07 0.04 0.00 0.21 0.23
0.07 0.14 0.16 0.08 0.26 0.21 0.21 0.15 0.13 0.32 0.14 0.23 0.21 0.00 0.20
0.17 0.06 0.04 0.12 0.06 0.18 0.16 0.22 0.23 0.12 0.22 0.20 0.23 0.20 0.00
Team_tasks_times:
Team 0:
1: 2.00 1000.00 1000.00
2: 2.00 1000.00 1000.00
3: 2.00 1000.00 1000.00
4: 2.00 1000.00 1000.00
5: 2.00 1000.00 1000.00
6: 2.00 1000.00 1000.00
7: 2.00 1000.00 1000.00
8: 2.00 1000.00 1000.00
9: 2.00 1000.00 1000.00
10: 2.00 1000.00 1000.00
11: 2.00 1000.00 1000.00
12: 2.00 1000.00 1000.00
13: 2.00 1000.00 1000.00
14: 2.00 1000.00 1000.00
Team 1:
1: 1000.00 4.00 1000.00
2: 1000.00 4.00 1000.00
3: 1000.00 4.00 1000.00
4: 1000.00 4.00 1000.00
5: 1000.00 4.00 1000.00
6: 1000.00 4.00 1000.00
7: 1000.00 4.00 1000.00
8: 1000.00 4.00 1000.00
9: 1000.00 4.00 1000.00
10: 1000.00 4.00 1000.00
11: 1000.00 4.00 1000.00
12: 1000.00 4.00 1000.00
13: 1000.00 4.00 1000.00
14: 1000.00 4.00 1000.00
Team 2:
1: 1000.00 1000.00 0.50
2: 1000.00 1000.00 0.50
3: 1000.00 1000.00 0.50
4: 1000.00 1000.00 0.50
5: 1000.00 1000.00 0.50
6: 1000.00 1000.00 0.50
7: 1000.00 1000.00 0.50
8: 1000.00 1000.00 0.50
9: 1000.00 1000.00 0.50
10: 1000.00 1000.00 0.50
11: 1000.00 1000.00 0.50
12: 1000.00 1000.00 0.50
13: 1000.00 1000.00 0.50
14: 1000.00 1000.00 0.50
