Number_of_customers: 15
Number_of_teams: 3
Number_of_services: 1
Customers_requested_services:
0 0 0 0 0 0 0 0 0 0 0 0 0 0
Daily_available_time: 8
Service 0:
Number_of_tasks: 3
Dependencies:
0: 2
1: 
2: 1
Travel_times:
0.00 0.29 0.11 0.21 0.14 0.25 0.09 0.20 0.25 0.33 0.30 0.16 0.05 0.31 0.24
0.29 0.00 0.18 0.12 0.15 0.04 0.28 0.19 0.04 0.04 0.06 0.16 0.34 0.02 0.09
0.11 0.18 0.00 0.19 0.08 0.14 0.10 0.21 0.14 0.22 0.19 0.17 0.16 0.20 0.12
0.21 0.12 0.19 0.00 0.11 0.15 0.21 0.11 0.09 0.12 0.09 0.08 0.26 0.10 0.21
0.14 0.15 0.08 0.11 0.00 0.12 0.13 0.13 0.12 0.19 0.16 0.10 0.18 0.17 0.10
0.25 0.04 0.14 0.15 0.12 0.00 0.25 0.17 0.06 0.08 0.09 0.13 0.30 0.05 0.06
0.09 0.28 0.10 0.21 0.13 0.25 0.00 0.11 0.25 0.32 0.29 0.12 0.06 0.30 0.23
0.20 0.19 0.21 0.11 0.13 0.17 0.11 0.00 0.15 0.23 0.20 0.04 0.16 0.21 0.23
0.25 0.04 0.14 0.09 0.12 0.06 0.25 0.15 0.00 0.08 0.05 0.12 0.30 0.05 0.12
0.33 0.04 0.22 0.12 0.19 0.08 0.32 0.23 0.08 0.00 0.07 0.20 0.38 0.03 0.10
0.30 0.06 0.19 0.09 0.16 0.09 0.29 0.20 0.05 0.07 0.00 0.17 0.35 0.04 0.15
0.16 0.16 0.17 0.08 0.10 0.13 0.12 0.04 0.12 0.20 0.17 0.00 0.18 0.17 0.19
0.05 0.34 0.16 0.26 0.18 0.30 0.06 0.16 0.30 0.38 0.35 0.18 0.00 0.35 0.28
0.31 0.02 0.20 0.10 0.17 0.05 0.30 0.21 0.05 0.03 0.04 0.17 0.35 0.00 0.11
0.24 0.09 0.12 0.21 0.10 0.06 0.23 0.23 0.12 0.10 0.15 0.19 0.28 0.11 0.00
Team_tasks_times:
Team 0:
1: 4.00 1000.00 1000.00
2: 4.00 1000.00 1000.00
3: 4.00 1000.00 1000.00
4: 4.00 1000.00 1000.00
5: 4.00 1000.00 1000.00
6: 4.00 1000.00 1000.00
7: 4.00 1000.00 1000.00
8: 4.00 1000.00 1000.00
9: 4.00 1000.00 1000.00
10: 4.00 1000.00 1000.00
11: 4.00 1000.00 1000.00
12: 4.00 1000.00 1000.00
13: 4.00 1000.00 1000.00
14: 4.00 1000.00 1000.00
Team 1:
1: 1000.00 2.00 1000.00
2: 1000.00 2.00 1000.00
3: 1000.00 2.00 1000.00
4: 1000.00 2.00 1000.00
5: 1000.00 2.00 1000.00
6: 1000.00 2.00 1000.00
7: 1000.00 2.00 1000.00
8: 1000.00 2.00 1000.00
9: 1000.00 2.00 1000.00
10: 1000.00 2.00 1000.00
11: 1000.00 2.00 1000.00
12: 1000.00 2.00 1000.00
13: 1000.00 2.00 1000.00
14: 1000.00 2.00 1000.00
Team 2:
1: 1000.00 1000.00 2.00
2: 1000.00 1000.00 2.00
3: 1000.00 1000.00 2.00
4: 1000.00 1000.00 2.00
5: 1000.00 1000.00 2.00
6: 1000.00 1000.00 2.00
7: 1000.00 1000.00 2.00
8: 1000.00 1000.00 2.00
9: 1000.00 1000.00 2.00
10: 1000.00 1000.00 2.00
11: 1000.00 1000.00 2.00
12: 1000.00 1000.00 2.00
13: 1000.00 1000.00 2.00
14: 1000.00 1000.00 2.00
