Number_of_customers: 15
Number_of_teams: 3
Number_of_services: 1
Customers_requested_services:
0 0 0 0 0 0 0 0 0 0 0 0 0 0
Daily_available_time: 8
Service 0:
Number_of_tasks: 3
Dependencies:
0: 1
1: 
2: 1
Travel_times:
0.00 0.08 0.21 0.07 0.25 0.10 0.21 0.09 0.16 0.04 0.09 0.10 0.09 0.07 0.10
0.08 0.00 0.23 0.09 0.27 0.14 0.30 0.11 0.10 0.12 0.11 0.07 0.17 0.09 0.16
0.21 0.23 0.00 0.18 0.04 0.31 0.20 0.15 0.27 0.24 0.12 0.30 0.14 0.14 0.30
0.07 0.09 0.18 0.00 0.18 0.16 0.29 0.02 0.09 0.12 0.06 0.16 0.16 0.06 0.16
0.25 0.27 0.04 0.18 0.00 0.35 0.24 0.16 0.23 0.28 0.15 0.34 0.18 0.18 0.34
0.10 0.14 0.31 0.16 0.35 0.00 0.16 0.18 0.22 0.07 0.19 0.11 0.16 0.17 0.02
0.21 0.30 0.20 0.29 0.24 0.16 0.00 0.26 0.38 0.17 0.22 0.26 0.12 0.22 0.14
0.09 0.11 0.15 0.02 0.16 0.18 0.26 0.00 0.11 0.12 0.04 0.18 0.14 0.04 0.18
0.16 0.10 0.27 0.09 0.23 0.22 0.38 0.11 0.00 0.21 0.15 0.17 0.25 0.15 0.24
0.04 0.12 0.24 0.12 0.28 0.07 0.17 0.12 0.21 0.00 0.12 0.09 0.10 0.10 0.07
0.09 0.11 0.12 0.06 0.15 0.19 0.22 0.04 0.15 0.12 0.00 0.18 0.10 0.03 0.19
0.10 0.07 0.30 0.16 0.34 0.11 0.26 0.18 0.17 0.09 0.18 0.00 0.16 0.16 0.13
0.09 0.17 0.14 0.16 0.18 0.16 0.12 0.14 0.25 0.10 0.10 0.16 0.00 0.10 0.16
0.07 0.09 0.14 0.06 0.18 0.17 0.22 0.04 0.15 0.10 0.03 0.16 0.10 0.00 0.16
0.10 0.16 0.30 0.16 0.34 0.02 0.14 0.18 0.24 0.07 0.19 0.13 0.16 0.16 0.00
Team_tasks_times:
Team 0:
1: 4.00 1000.00 1000.00
2: 4.00 1000.00 1000.00
3: 4.00 1000.00 1000.00
4: 4.00 1000.00 1000.00
5: 4.00 1000.00 1000.00
6: 4.00 1000.00 1000.00
7: 4.00 1000.00 1000.00
8: 4.00 1000.00 1000.00
9: 4.00 1000.00 1000.00
10: 4.00 1000.00 1000.00
11: 4.00 1000.00 1000.00
12: 4.00 1000.00 1000.00
13: 4.00 1000.00 1000.00
14: 4.00 1000.00 1000.00
Team 1:
1: 1000.00 1.00 1000.00
2: 1000.00 1.00 1000.00
3: 1000.00 1.00 1000.00
4: 1000.00 1.00 1000.00
5: 1000.00 1.00 1000.00
6: 1000.00 1.00 1000.00
7: 1000.00 1.00 1000.00
8: 1000.00 1.00 1000.00
9: 1000.00 1.00 1000.00
10: 1000.00 1.00 1000.00
11: 1000.00 1.00 1000.00
12: 1000.00 1.00 1000.00
13: 1000.00 1.00 1000.00
14: 1000.00 1.00 1000.00
Team 2:
1: 1000.00 1000.00 0.50
2: 1000.00 1000.00 0.50
3: 1000.00 1000.00 0.50
4: 1000.00 1000.00 0.50
5: 1000.00 1000.00 0.50
6: 1000.00 1000.00 0.50
7: 1000.00 1000.00 0.50
8: 1000.00 1000.00 0.50
9: 1000.00 1000.00 0.50
10: 1000.00 1000.00 0.50
11: 1000.00 1000.00 0.50
12: 1000.00 1000.00 0.50
13: 1000.00 1000.00 0.50
14: 1000.00 1000.00 0.50
