Number_of_customers: 20
Number_of_teams: 3
Number_of_services: 3
Customers_requested_services:
2 0 1 2 1 2 2 0 1 2 0 0 2 0 0 2 2 0 1
Daily_available_time: 8
Service 0:
Number_of_tasks: 1
Dependencies:
0: 
Service 1:
Number_of_tasks: 3
Dependencies:
0: 
1: 
2: 0 1
Service 2:
Number_of_tasks: 5
Dependencies:
0: 
1: 3 4
2: 3 4
3: 0
4: 0
Travel_times:
0.00 0.20 0.13 0.08 0.17 0.07 0.14 0.05 0.07 0.15 0.18 0.02 0.05 0.07 0.08 0.13 0.03 0.10 0.03 0.09
0.20 0.00 0.07 0.28 0.07 0.25 0.07 0.22 0.13 0.12 0.03 0.22 0.15 0.21 0.12 0.11 0.17 0.15 0.18 0.11
0.13 0.07 0.00 0.21 0.06 0.17 0.03 0.15 0.06 0.06 0.05 0.15 0.08 0.13 0.07 0.12 0.12 0.15 0.11 0.04
0.08 0.28 0.21 0.00 0.25 0.04 0.22 0.11 0.15 0.16 0.26 0.07 0.13 0.08 0.16 0.21 0.12 0.18 0.10 0.17
0.17 0.07 0.06 0.25 0.00 0.21 0.04 0.20 0.11 0.09 0.10 0.18 0.12 0.17 0.14 0.18 0.18 0.22 0.15 0.08
0.07 0.25 0.17 0.04 0.21 0.00 0.18 0.12 0.12 0.12 0.22 0.09 0.10 0.04 0.12 0.18 0.10 0.14 0.07 0.13
0.14 0.07 0.03 0.22 0.04 0.18 0.00 0.16 0.07 0.06 0.06 0.15 0.09 0.14 0.10 0.15 0.14 0.18 0.12 0.05
0.05 0.22 0.15 0.11 0.20 0.12 0.16 0.00 0.10 0.20 0.20 0.04 0.10 0.12 0.10 0.15 0.06 0.12 0.07 0.12
0.07 0.13 0.06 0.15 0.11 0.12 0.07 0.10 0.00 0.11 0.11 0.09 0.02 0.08 0.03 0.07 0.07 0.11 0.05 0.03
0.15 0.12 0.06 0.16 0.09 0.12 0.06 0.20 0.11 0.00 0.10 0.16 0.10 0.08 0.14 0.18 0.17 0.21 0.12 0.07
0.18 0.03 0.05 0.26 0.10 0.22 0.06 0.20 0.11 0.10 0.00 0.20 0.13 0.18 0.10 0.09 0.15 0.12 0.16 0.09
0.02 0.22 0.15 0.07 0.18 0.09 0.15 0.04 0.09 0.16 0.20 0.00 0.07 0.08 0.10 0.15 0.05 0.12 0.04 0.11
0.05 0.15 0.08 0.13 0.12 0.10 0.09 0.10 0.02 0.10 0.13 0.07 0.00 0.06 0.04 0.08 0.08 0.12 0.03 0.04
0.07 0.21 0.13 0.08 0.17 0.04 0.14 0.12 0.08 0.08 0.18 0.08 0.06 0.00 0.08 0.14 0.10 0.14 0.04 0.09
0.08 0.12 0.07 0.16 0.14 0.12 0.10 0.10 0.03 0.14 0.10 0.10 0.04 0.08 0.00 0.06 0.04 0.08 0.06 0.06
0.13 0.11 0.12 0.21 0.18 0.18 0.15 0.15 0.07 0.18 0.09 0.15 0.08 0.14 0.06 0.00 0.10 0.04 0.11 0.11
0.03 0.17 0.12 0.12 0.18 0.10 0.14 0.06 0.07 0.17 0.15 0.05 0.08 0.10 0.04 0.10 0.00 0.07 0.05 0.10
0.10 0.15 0.15 0.18 0.22 0.14 0.18 0.12 0.11 0.21 0.12 0.12 0.12 0.14 0.08 0.04 0.07 0.00 0.09 0.14
0.03 0.18 0.11 0.10 0.15 0.07 0.12 0.07 0.05 0.12 0.16 0.04 0.03 0.04 0.06 0.11 0.05 0.09 0.00 0.07
0.09 0.11 0.04 0.17 0.08 0.13 0.05 0.12 0.03 0.07 0.09 0.11 0.04 0.09 0.06 0.11 0.10 0.14 0.07 0.00
Team_tasks_times:
Team 0:
1: 2.00 0.50 1.00 4.00 1.00
2: 2.00
3: 0.50 1.00 3.00
4: 2.00 0.50 1.00 4.00 1.00
5: 0.50 1.00 3.00
6: 2.00 0.50 1.00 4.00 1.00
7: 2.00 0.50 1.00 4.00 1.00
8: 2.00
9: 0.50 1.00 3.00
10: 2.00 0.50 1.00 4.00 1.00
11: 2.00
12: 2.00
13: 2.00 0.50 1.00 4.00 1.00
14: 2.00
15: 2.00
16: 2.00 0.50 1.00 4.00 1.00
17: 2.00 0.50 1.00 4.00 1.00
18: 2.00
19: 0.50 1.00 3.00
Team 1:
1: 2.00 1.00 0.50 4.00 1.00
2: 2.00
3: 1.00 2.00 0.75
4: 2.00 1.00 0.50 4.00 1.00
5: 1.00 2.00 0.75
6: 2.00 1.00 0.50 4.00 1.00
7: 2.00 1.00 0.50 4.00 1.00
8: 2.00
9: 1.00 2.00 0.75
10: 2.00 1.00 0.50 4.00 1.00
11: 2.00
12: 2.00
13: 2.00 1.00 0.50 4.00 1.00
14: 2.00
15: 2.00
16: 2.00 1.00 0.50 4.00 1.00
17: 2.00 1.00 0.50 4.00 1.00
18: 2.00
19: 1.00 2.00 0.75
Team 2:
1: 2.00 1.00 0.25 4.00 1.00
2: 0.50
3: 1.00 0.50 0.75
4: 2.00 1.00 0.25 4.00 1.00
5: 1.00 0.50 0.75
6: 2.00 1.00 0.25 4.00 1.00
7: 2.00 1.00 0.25 4.00 1.00
8: 0.50
9: 1.00 0.50 0.75
10: 2.00 1.00 0.25 4.00 1.00
11: 0.50
12: 0.50
13: 2.00 1.00 0.25 4.00 1.00
14: 0.50
15: 0.50
16: 2.00 1.00 0.25 4.00 1.00
17: 2.00 1.00 0.25 4.00 1.00
18: 0.50
19: 1.00 0.50 0.75
