Number_of_customers: 20
Number_of_teams: 3
Number_of_services: 3
Customers_requested_services:
1 2 2 2 2 1 2 0 0 2 0 0 0 2 2 0 1 2 1
Daily_available_time: 8
Service 0:
Number_of_tasks: 1
Dependencies:
0: 
Service 1:
Number_of_tasks: 3
Dependencies:
0: 2
1: 
2: 1
Service 2:
Number_of_tasks: 5
Dependencies:
0: 
1: 0
2: 0
3: 0
4: 1 2 3
Travel_times:
0.00 0.07 0.15 0.12 0.10 0.10 0.20 0.06 0.06 0.02 0.20 0.20 0.14 0.07 0.15 0.07 0.02 0.14 0.25 0.04
0.07 0.00 0.08 0.11 0.08 0.17 0.22 0.09 0.01 0.10 0.22 0.17 0.18 0.14 0.17 0.14 0.10 0.06 0.32 0.12
0.15 0.08 0.00 0.18 0.13 0.25 0.25 0.16 0.09 0.17 0.24 0.20 0.26 0.22 0.15 0.21 0.17 0.02 0.40 0.20
0.12 0.11 0.18 0.00 0.06 0.13 0.32 0.17 0.11 0.12 0.31 0.08 0.26 0.07 0.27 0.17 0.13 0.17 0.21 0.12
0.10 0.08 0.13 0.06 0.00 0.12 0.30 0.16 0.09 0.10 0.30 0.10 0.24 0.09 0.25 0.15 0.12 0.12 0.27 0.11
0.10 0.17 0.25 0.13 0.12 0.00 0.19 0.09 0.16 0.08 0.18 0.21 0.13 0.06 0.15 0.04 0.08 0.24 0.15 0.06
0.20 0.22 0.25 0.32 0.30 0.19 0.00 0.14 0.21 0.20 0.01 0.40 0.06 0.25 0.15 0.15 0.18 0.23 0.15 0.20
0.06 0.09 0.16 0.17 0.16 0.09 0.14 0.00 0.07 0.06 0.14 0.26 0.10 0.11 0.10 0.05 0.04 0.15 0.24 0.05
0.06 0.01 0.09 0.11 0.09 0.16 0.21 0.07 0.00 0.08 0.21 0.19 0.17 0.13 0.16 0.12 0.08 0.07 0.31 0.11
0.02 0.10 0.17 0.12 0.10 0.08 0.20 0.06 0.08 0.00 0.19 0.20 0.14 0.05 0.15 0.05 0.02 0.16 0.23 0.02
0.20 0.22 0.24 0.31 0.30 0.18 0.01 0.14 0.21 0.19 0.00 0.39 0.05 0.24 0.14 0.15 0.18 0.23 0.16 0.19
0.20 0.17 0.20 0.08 0.10 0.21 0.40 0.26 0.19 0.20 0.39 0.00 0.34 0.15 0.35 0.25 0.21 0.22 0.29 0.20
0.14 0.18 0.26 0.26 0.24 0.13 0.06 0.10 0.17 0.14 0.05 0.34 0.00 0.19 0.16 0.09 0.12 0.24 0.14 0.14
0.07 0.14 0.22 0.07 0.09 0.06 0.25 0.11 0.13 0.05 0.24 0.15 0.19 0.00 0.20 0.10 0.07 0.20 0.18 0.05
0.15 0.17 0.15 0.27 0.25 0.15 0.15 0.10 0.16 0.15 0.14 0.35 0.16 0.20 0.00 0.12 0.14 0.13 0.30 0.15
0.07 0.14 0.21 0.17 0.15 0.04 0.15 0.05 0.12 0.05 0.15 0.25 0.09 0.10 0.12 0.00 0.04 0.20 0.18 0.04
0.02 0.10 0.17 0.13 0.12 0.08 0.18 0.04 0.08 0.02 0.18 0.21 0.12 0.07 0.14 0.04 0.00 0.16 0.23 0.02
0.14 0.06 0.02 0.17 0.12 0.24 0.23 0.15 0.07 0.16 0.23 0.22 0.24 0.20 0.13 0.20 0.16 0.00 0.38 0.18
0.25 0.32 0.40 0.21 0.27 0.15 0.15 0.24 0.31 0.23 0.16 0.29 0.14 0.18 0.30 0.18 0.23 0.38 0.00 0.20
0.04 0.12 0.20 0.12 0.11 0.06 0.20 0.05 0.11 0.02 0.19 0.20 0.14 0.05 0.15 0.04 0.02 0.18 0.20 0.00
Team_tasks_times:
Team 0:
1: 2.00 0.75 0.25
2: 4.00 0.50 1.00 2.00 0.50
3: 4.00 0.50 1.00 2.00 0.50
4: 4.00 0.50 1.00 2.00 0.50
5: 4.00 0.50 1.00 2.00 0.50
6: 2.00 0.75 0.25
7: 4.00 0.50 1.00 2.00 0.50
8: 1.50
9: 1.50
10: 4.00 0.50 1.00 2.00 0.50
11: 1.50
12: 1.50
13: 1.50
14: 4.00 0.50 1.00 2.00 0.50
15: 4.00 0.50 1.00 2.00 0.50
16: 1.50
17: 2.00 0.75 0.25
18: 4.00 0.50 1.00 2.00 0.50
19: 2.00 0.75 0.25
Team 1:
1: 2.00 3.00 0.25
2: 1.00 0.50 0.50 2.00 0.50
3: 1.00 0.50 0.50 2.00 0.50
4: 1.00 0.50 0.50 2.00 0.50
5: 1.00 0.50 0.50 2.00 0.50
6: 2.00 3.00 0.25
7: 1.00 0.50 0.50 2.00 0.50
8: 1.50
9: 1.50
10: 1.00 0.50 0.50 2.00 0.50
11: 1.50
12: 1.50
13: 1.50
14: 1.00 0.50 0.50 2.00 0.50
15: 1.00 0.50 0.50 2.00 0.50
16: 1.50
17: 2.00 3.00 0.25
18: 1.00 0.50 0.50 2.00 0.50
19: 2.00 3.00 0.25
Team 2:
1: 4.00 3.00 0.25
2: 4.00 0.50 0.50 4.00 1.00
3: 4.00 0.50 0.50 4.00 1.00
4: 4.00 0.50 0.50 4.00 1.00
5: 4.00 0.50 0.50 4.00 1.00
6: 4.00 3.00 0.25
7: 4.00 0.50 0.50 4.00 1.00
8: 0.75
9: 0.75
10: 4.00 0.50 0.50 4.00 1.00
11: 0.75
12: 0.75
13: 0.75
14: 4.00 0.50 0.50 4.00 1.00
15: 4.00 0.50 0.50 4.00 1.00
16: 0.75
17: 4.00 3.00 0.25
18: 4.00 0.50 0.50 4.00 1.00
19: 4.00 3.00 0.25
