Number_of_customers: 20
Number_of_teams: 3
Number_of_services: 3
Customers_requested_services:
1 0 2 1 0 0 2 0 0 0 1 0 0 1 1 0 2 1 0
Daily_available_time: 8
Service 0:
Number_of_tasks: 1
Dependencies:
0: 
Service 1:
Number_of_tasks: 3
Dependencies:
0: 2
1: 2
2: 
Service 2:
Number_of_tasks: 5
Dependencies:
0: 
1: 0 2 3 4
2: 
3: 
4: 
Travel_times:
0.00 0.17 0.21 0.17 0.12 0.24 0.12 0.11 0.06 0.10 0.11 0.07 0.04 0.04 0.07 0.15 0.08 0.10 0.05 0.04
0.17 0.00 0.06 0.34 0.15 0.07 0.14 0.27 0.11 0.27 0.23 0.23 0.17 0.21 0.23 0.17 0.08 0.09 0.11 0.19
0.21 0.06 0.00 0.38 0.19 0.03 0.16 0.31 0.15 0.31 0.27 0.27 0.21 0.25 0.27 0.21 0.12 0.13 0.15 0.23
0.17 0.34 0.38 0.00 0.19 0.41 0.22 0.07 0.23 0.07 0.15 0.11 0.17 0.13 0.11 0.19 0.26 0.25 0.23 0.15
0.12 0.15 0.19 0.19 0.00 0.22 0.03 0.12 0.14 0.12 0.24 0.08 0.09 0.12 0.08 0.28 0.12 0.22 0.12 0.09
0.24 0.07 0.03 0.41 0.22 0.00 0.19 0.34 0.18 0.34 0.30 0.31 0.24 0.28 0.31 0.25 0.15 0.16 0.18 0.27
0.12 0.14 0.16 0.22 0.03 0.19 0.00 0.15 0.13 0.15 0.23 0.12 0.08 0.11 0.12 0.27 0.11 0.21 0.11 0.08
0.11 0.27 0.31 0.07 0.12 0.34 0.15 0.00 0.16 0.01 0.17 0.04 0.10 0.06 0.04 0.22 0.19 0.18 0.16 0.08
0.06 0.11 0.15 0.23 0.14 0.18 0.13 0.16 0.00 0.15 0.12 0.12 0.06 0.10 0.12 0.14 0.03 0.08 0.02 0.08
0.10 0.27 0.31 0.07 0.12 0.34 0.15 0.01 0.15 0.00 0.18 0.03 0.10 0.07 0.03 0.23 0.18 0.18 0.15 0.07
0.11 0.23 0.27 0.15 0.24 0.30 0.23 0.17 0.12 0.18 0.00 0.18 0.15 0.12 0.17 0.06 0.15 0.14 0.12 0.15
0.07 0.23 0.27 0.11 0.08 0.31 0.12 0.04 0.12 0.03 0.18 0.00 0.06 0.07 0.02 0.23 0.15 0.17 0.12 0.04
0.04 0.17 0.21 0.17 0.09 0.24 0.08 0.10 0.06 0.10 0.15 0.06 0.00 0.04 0.06 0.19 0.09 0.14 0.06 0.02
0.04 0.21 0.25 0.13 0.12 0.28 0.11 0.06 0.10 0.07 0.12 0.07 0.04 0.00 0.05 0.16 0.13 0.12 0.10 0.03
0.07 0.23 0.27 0.11 0.08 0.31 0.12 0.04 0.12 0.03 0.17 0.02 0.06 0.05 0.00 0.21 0.15 0.15 0.12 0.04
0.15 0.17 0.21 0.19 0.28 0.25 0.27 0.22 0.14 0.23 0.06 0.23 0.19 0.16 0.21 0.00 0.16 0.09 0.16 0.19
0.08 0.08 0.12 0.26 0.12 0.15 0.11 0.19 0.03 0.18 0.15 0.15 0.09 0.13 0.15 0.16 0.00 0.11 0.03 0.11
0.10 0.09 0.13 0.25 0.22 0.16 0.21 0.18 0.08 0.18 0.14 0.17 0.14 0.12 0.15 0.09 0.11 0.00 0.11 0.14
0.05 0.11 0.15 0.23 0.12 0.18 0.11 0.16 0.02 0.15 0.12 0.12 0.06 0.10 0.12 0.16 0.03 0.11 0.00 0.08
0.04 0.19 0.23 0.15 0.09 0.27 0.08 0.08 0.08 0.07 0.15 0.04 0.02 0.03 0.04 0.19 0.11 0.14 0.08 0.00
Team_tasks_times:
Team 0:
1: 4.00 1.00 4.00
2: 2.00
3: 1.00 0.25 0.50 3.00 0.25
4: 4.00 1.00 4.00
5: 2.00
6: 2.00
7: 1.00 0.25 0.50 3.00 0.25
8: 2.00
9: 2.00
10: 2.00
11: 4.00 1.00 4.00
12: 2.00
13: 2.00
14: 4.00 1.00 4.00
15: 4.00 1.00 4.00
16: 2.00
17: 1.00 0.25 0.50 3.00 0.25
18: 4.00 1.00 4.00
19: 2.00
Team 1:
1: 1.00 4.00 1.00
2: 1.00
3: 4.00 1.00 1.00 3.00 0.50
4: 1.00 4.00 1.00
5: 1.00
6: 1.00
7: 4.00 1.00 1.00 3.00 0.50
8: 1.00
9: 1.00
10: 1.00
11: 1.00 4.00 1.00
12: 1.00
13: 1.00
14: 1.00 4.00 1.00
15: 1.00 4.00 1.00
16: 1.00
17: 4.00 1.00 1.00 3.00 0.50
18: 1.00 4.00 1.00
19: 1.00
Team 2:
1: 1.00 1.00 4.00
2: 1.00
3: 1.00 0.50 0.50 1.50 0.50
4: 1.00 1.00 4.00
5: 1.00
6: 1.00
7: 1.00 0.50 0.50 1.50 0.50
8: 1.00
9: 1.00
10: 1.00
11: 1.00 1.00 4.00
12: 1.00
13: 1.00
14: 1.00 1.00 4.00
15: 1.00 1.00 4.00
16: 1.00
17: 1.00 0.50 0.50 1.50 0.50
18: 1.00 1.00 4.00
19: 1.00
