Number_of_customers: 20
Number_of_teams: 3
Number_of_services: 3
Customers_requested_services:
0 0 0 0 2 2 2 1 2 2 1 2 0 0 2 2 1 2 1
Daily_available_time: 8
Service 0:
Number_of_tasks: 1
Dependencies:
0: 
Service 1:
Number_of_tasks: 3
Dependencies:
0: 1
1: 
2: 1
Service 2:
Number_of_tasks: 5
Dependencies:
0: 1 2 3 4
1: 
2: 
3: 
4: 
Travel_times:
0.00 0.23 0.15 0.18 0.02 0.12 0.21 0.12 0.12 0.15 0.26 0.17 0.31 0.18 0.14 0.08 0.23 0.06 0.32 0.29
0.23 0.00 0.08 0.21 0.25 0.11 0.02 0.11 0.15 0.08 0.04 0.11 0.09 0.21 0.11 0.19 0.01 0.17 0.09 0.07
0.15 0.08 0.00 0.23 0.17 0.06 0.06 0.06 0.17 0.10 0.12 0.13 0.17 0.24 0.09 0.11 0.09 0.09 0.17 0.15
0.18 0.21 0.23 0.00 0.17 0.17 0.21 0.28 0.05 0.13 0.18 0.10 0.23 0.03 0.32 0.26 0.20 0.16 0.17 0.15
0.02 0.25 0.17 0.17 0.00 0.14 0.23 0.14 0.12 0.17 0.28 0.20 0.33 0.19 0.15 0.10 0.26 0.08 0.34 0.31
0.12 0.11 0.06 0.17 0.14 0.00 0.09 0.12 0.12 0.04 0.14 0.07 0.19 0.17 0.15 0.09 0.11 0.06 0.20 0.17
0.21 0.02 0.06 0.21 0.23 0.09 0.00 0.09 0.15 0.07 0.06 0.11 0.11 0.21 0.11 0.17 0.03 0.15 0.11 0.09
0.12 0.11 0.06 0.28 0.14 0.12 0.09 0.00 0.23 0.15 0.15 0.18 0.20 0.29 0.03 0.08 0.12 0.12 0.20 0.17
0.12 0.15 0.17 0.05 0.12 0.12 0.15 0.23 0.00 0.08 0.16 0.07 0.21 0.07 0.26 0.21 0.15 0.11 0.21 0.19
0.15 0.08 0.10 0.13 0.17 0.04 0.07 0.15 0.08 0.00 0.12 0.04 0.17 0.14 0.18 0.13 0.09 0.09 0.17 0.15
0.26 0.04 0.12 0.18 0.28 0.14 0.06 0.15 0.16 0.12 0.00 0.09 0.05 0.18 0.14 0.22 0.03 0.20 0.06 0.03
0.17 0.11 0.13 0.10 0.20 0.07 0.11 0.18 0.07 0.04 0.09 0.00 0.14 0.11 0.22 0.16 0.10 0.12 0.14 0.12
0.31 0.09 0.17 0.23 0.33 0.19 0.11 0.20 0.21 0.17 0.05 0.14 0.00 0.24 0.19 0.27 0.08 0.25 0.07 0.08
0.18 0.21 0.24 0.03 0.19 0.17 0.21 0.29 0.07 0.14 0.18 0.11 0.24 0.00 0.32 0.27 0.21 0.17 0.17 0.15
0.14 0.11 0.09 0.32 0.15 0.15 0.11 0.03 0.26 0.18 0.14 0.22 0.19 0.32 0.00 0.09 0.12 0.15 0.19 0.17
0.08 0.19 0.11 0.26 0.10 0.09 0.17 0.08 0.21 0.13 0.22 0.16 0.27 0.27 0.09 0.00 0.20 0.10 0.28 0.25
0.23 0.01 0.09 0.20 0.26 0.11 0.03 0.12 0.15 0.09 0.03 0.10 0.08 0.21 0.12 0.20 0.00 0.17 0.08 0.06
0.06 0.17 0.09 0.16 0.08 0.06 0.15 0.12 0.11 0.09 0.20 0.12 0.25 0.17 0.15 0.10 0.17 0.00 0.26 0.23
0.32 0.09 0.17 0.17 0.34 0.20 0.11 0.20 0.21 0.17 0.06 0.14 0.07 0.17 0.19 0.28 0.08 0.26 0.00 0.03
0.29 0.07 0.15 0.15 0.31 0.17 0.09 0.17 0.19 0.15 0.03 0.12 0.08 0.15 0.17 0.25 0.06 0.23 0.03 0.00
Team_tasks_times:
Team 0:
1: 4.00
2: 4.00
3: 4.00
4: 4.00
5: 3.00 0.25 4.00 1.50 2.00
6: 3.00 0.25 4.00 1.50 2.00
7: 3.00 0.25 4.00 1.50 2.00
8: 4.00 0.75 0.50
9: 3.00 0.25 4.00 1.50 2.00
10: 3.00 0.25 4.00 1.50 2.00
11: 4.00 0.75 0.50
12: 3.00 0.25 4.00 1.50 2.00
13: 4.00
14: 4.00
15: 3.00 0.25 4.00 1.50 2.00
16: 3.00 0.25 4.00 1.50 2.00
17: 4.00 0.75 0.50
18: 3.00 0.25 4.00 1.50 2.00
19: 4.00 0.75 0.50
Team 1:
1: 2.00
2: 2.00
3: 2.00
4: 2.00
5: 3.00 0.25 4.00 3.00 0.50
6: 3.00 0.25 4.00 3.00 0.50
7: 3.00 0.25 4.00 3.00 0.50
8: 2.00 3.00 1.00
9: 3.00 0.25 4.00 3.00 0.50
10: 3.00 0.25 4.00 3.00 0.50
11: 2.00 3.00 1.00
12: 3.00 0.25 4.00 3.00 0.50
13: 2.00
14: 2.00
15: 3.00 0.25 4.00 3.00 0.50
16: 3.00 0.25 4.00 3.00 0.50
17: 2.00 3.00 1.00
18: 3.00 0.25 4.00 3.00 0.50
19: 2.00 3.00 1.00
Team 2:
1: 1.00
2: 1.00
3: 1.00
4: 1.00
5: 3.00 1.00 4.00 0.75 2.00
6: 3.00 1.00 4.00 0.75 2.00
7: 3.00 1.00 4.00 0.75 2.00
8: 1.00 0.75 0.25
9: 3.00 1.00 4.00 0.75 2.00
10: 3.00 1.00 4.00 0.75 2.00
11: 1.00 0.75 0.25
12: 3.00 1.00 4.00 0.75 2.00
13: 1.00
14: 1.00
15: 3.00 1.00 4.00 0.75 2.00
16: 3.00 1.00 4.00 0.75 2.00
17: 1.00 0.75 0.25
18: 3.00 1.00 4.00 0.75 2.00
19: 1.00 0.75 0.25
