Number_of_customers: 20
Number_of_teams: 3
Number_of_services: 3
Customers_requested_services:
1 1 0 0 2 2 0 1 2 2 1 2 1 2 0 0 1 0 0
Daily_available_time: 8
Service 0:
Number_of_tasks: 1
Dependencies:
0: 
Service 1:
Number_of_tasks: 3
Dependencies:
0: 2
1: 2
2: 
Service 2:
Number_of_tasks: 5
Dependencies:
0: 
1: 0 2
2: 
3: 0 2
4: 0 2
Travel_times:
0.00 0.21 0.06 0.07 0.17 0.03 0.07 0.15 0.11 0.24 0.28 0.06 0.09 0.12 0.25 0.14 0.26 0.07 0.18 0.24
0.21 0.00 0.27 0.19 0.04 0.22 0.15 0.16 0.13 0.04 0.19 0.21 0.18 0.15 0.04 0.21 0.05 0.18 0.03 0.03
0.06 0.27 0.00 0.08 0.24 0.04 0.12 0.18 0.14 0.30 0.31 0.10 0.11 0.18 0.31 0.18 0.32 0.11 0.24 0.30
0.07 0.19 0.08 0.00 0.15 0.04 0.04 0.22 0.18 0.22 0.35 0.14 0.03 0.10 0.23 0.22 0.24 0.15 0.16 0.21
0.17 0.04 0.24 0.15 0.00 0.19 0.12 0.13 0.10 0.06 0.23 0.18 0.14 0.11 0.08 0.18 0.09 0.15 0.03 0.07
0.03 0.22 0.04 0.04 0.19 0.00 0.07 0.17 0.14 0.25 0.31 0.09 0.06 0.13 0.27 0.17 0.28 0.10 0.20 0.25
0.07 0.15 0.12 0.04 0.12 0.07 0.00 0.21 0.17 0.18 0.34 0.13 0.03 0.06 0.19 0.21 0.20 0.14 0.15 0.18
0.15 0.16 0.18 0.22 0.13 0.17 0.21 0.00 0.04 0.19 0.13 0.08 0.24 0.21 0.21 0.05 0.21 0.07 0.14 0.19
0.11 0.13 0.14 0.18 0.10 0.14 0.17 0.04 0.00 0.16 0.17 0.08 0.20 0.17 0.18 0.08 0.18 0.04 0.11 0.16
0.24 0.04 0.30 0.22 0.06 0.25 0.18 0.19 0.16 0.00 0.23 0.25 0.19 0.12 0.02 0.24 0.02 0.21 0.06 0.07
0.28 0.19 0.31 0.35 0.23 0.31 0.34 0.13 0.17 0.23 0.00 0.21 0.37 0.34 0.22 0.13 0.21 0.21 0.19 0.19
0.06 0.21 0.10 0.14 0.18 0.09 0.13 0.08 0.08 0.25 0.21 0.00 0.15 0.12 0.26 0.08 0.27 0.04 0.19 0.24
0.09 0.18 0.11 0.03 0.14 0.06 0.03 0.24 0.20 0.19 0.37 0.15 0.00 0.07 0.21 0.24 0.21 0.16 0.17 0.21
0.12 0.15 0.18 0.10 0.11 0.13 0.06 0.21 0.17 0.12 0.34 0.12 0.07 0.00 0.14 0.21 0.14 0.13 0.15 0.18
0.25 0.04 0.31 0.23 0.08 0.27 0.19 0.21 0.18 0.02 0.22 0.26 0.21 0.14 0.00 0.26 0.01 0.22 0.07 0.06
0.14 0.21 0.18 0.22 0.18 0.17 0.21 0.05 0.08 0.24 0.13 0.08 0.24 0.21 0.26 0.00 0.26 0.07 0.18 0.24
0.26 0.05 0.32 0.24 0.09 0.28 0.20 0.21 0.18 0.02 0.21 0.27 0.21 0.14 0.01 0.26 0.00 0.23 0.08 0.06
0.07 0.18 0.11 0.15 0.15 0.10 0.14 0.07 0.04 0.21 0.21 0.04 0.16 0.13 0.22 0.07 0.23 0.00 0.15 0.21
0.18 0.03 0.24 0.16 0.03 0.20 0.15 0.14 0.11 0.06 0.19 0.19 0.17 0.15 0.07 0.18 0.08 0.15 0.00 0.05
0.24 0.03 0.30 0.21 0.07 0.25 0.18 0.19 0.16 0.07 0.19 0.24 0.21 0.18 0.06 0.24 0.06 0.21 0.05 0.00
Team_tasks_times:
Team 0:
1: 0.50 2.00 2.00
2: 0.50 2.00 2.00
3: 0.50
4: 0.50
5: 1.50 1.50 0.50 0.50 0.75
6: 1.50 1.50 0.50 0.50 0.75
7: 0.50
8: 0.50 2.00 2.00
9: 1.50 1.50 0.50 0.50 0.75
10: 1.50 1.50 0.50 0.50 0.75
11: 0.50 2.00 2.00
12: 1.50 1.50 0.50 0.50 0.75
13: 0.50 2.00 2.00
14: 1.50 1.50 0.50 0.50 0.75
15: 0.50
16: 0.50
17: 0.50 2.00 2.00
18: 0.50
19: 0.50
Team 1:
1: 0.25 0.50 4.00
2: 0.25 0.50 4.00
3: 0.25
4: 0.25
5: 0.75 0.75 1.00 0.50 0.75
6: 0.75 0.75 1.00 0.50 0.75
7: 0.25
8: 0.25 0.50 4.00
9: 0.75 0.75 1.00 0.50 0.75
10: 0.75 0.75 1.00 0.50 0.75
11: 0.25 0.50 4.00
12: 0.75 0.75 1.00 0.50 0.75
13: 0.25 0.50 4.00
14: 0.75 0.75 1.00 0.50 0.75
15: 0.25
16: 0.25
17: 0.25 0.50 4.00
18: 0.25
19: 0.25
Team 2:
1: 0.25 2.00 2.00
2: 0.25 2.00 2.00
3: 0.25
4: 0.25
5: 1.50 1.50 0.50 0.50 0.75
6: 1.50 1.50 0.50 0.50 0.75
7: 0.25
8: 0.25 2.00 2.00
9: 1.50 1.50 0.50 0.50 0.75
10: 1.50 1.50 0.50 0.50 0.75
11: 0.25 2.00 2.00
12: 1.50 1.50 0.50 0.50 0.75
13: 0.25 2.00 2.00
14: 1.50 1.50 0.50 0.50 0.75
15: 0.25
16: 0.25
17: 0.25 2.00 2.00
18: 0.25
19: 0.25
