Number_of_customers: 20
Number_of_teams: 3
Number_of_services: 3
Customers_requested_services:
1 1 2 1 2 1 1 0 2 2 1 1 0 1 0 0 1 2 2
Daily_available_time: 8
Service 0:
Number_of_tasks: 1
Dependencies:
0: 
Service 1:
Number_of_tasks: 3
Dependencies:
0: 
1: 0 2
2: 
Service 2:
Number_of_tasks: 5
Dependencies:
0: 4
1: 4
2: 4
3: 4
4: 
Travel_times:
0.00 0.08 0.35 0.04 0.07 0.11 0.18 0.34 0.15 0.12 0.14 0.15 0.11 0.15 0.20 0.18 0.07 0.15 0.15 0.22
0.08 0.00 0.42 0.11 0.15 0.04 0.25 0.41 0.22 0.18 0.21 0.21 0.04 0.23 0.14 0.26 0.09 0.23 0.19 0.20
0.35 0.42 0.00 0.32 0.33 0.46 0.17 0.03 0.20 0.24 0.21 0.21 0.46 0.20 0.28 0.17 0.33 0.27 0.23 0.22
0.04 0.11 0.32 0.00 0.04 0.14 0.15 0.31 0.11 0.08 0.10 0.11 0.14 0.12 0.23 0.15 0.10 0.12 0.18 0.25
0.07 0.15 0.33 0.04 0.00 0.13 0.15 0.32 0.12 0.12 0.12 0.12 0.13 0.13 0.27 0.16 0.14 0.08 0.23 0.29
0.11 0.04 0.46 0.14 0.13 0.00 0.29 0.45 0.26 0.22 0.24 0.25 0.01 0.26 0.17 0.29 0.13 0.19 0.23 0.24
0.18 0.25 0.17 0.15 0.15 0.29 0.00 0.16 0.05 0.07 0.07 0.06 0.29 0.04 0.21 0.10 0.16 0.14 0.17 0.23
0.34 0.41 0.03 0.31 0.32 0.45 0.16 0.00 0.20 0.23 0.21 0.20 0.45 0.19 0.28 0.16 0.32 0.26 0.22 0.21
0.15 0.22 0.20 0.11 0.12 0.26 0.05 0.20 0.00 0.03 0.01 0.11 0.26 0.01 0.16 0.15 0.13 0.19 0.11 0.17
0.12 0.18 0.24 0.08 0.12 0.22 0.07 0.23 0.03 0.00 0.02 0.11 0.22 0.04 0.16 0.15 0.10 0.20 0.11 0.17
0.14 0.21 0.21 0.10 0.12 0.24 0.07 0.21 0.01 0.02 0.00 0.12 0.24 0.03 0.15 0.16 0.12 0.21 0.10 0.16
0.15 0.21 0.21 0.11 0.12 0.25 0.06 0.20 0.11 0.11 0.12 0.00 0.25 0.10 0.27 0.04 0.13 0.09 0.22 0.28
0.11 0.04 0.46 0.14 0.13 0.01 0.29 0.45 0.26 0.22 0.24 0.25 0.00 0.26 0.17 0.29 0.13 0.20 0.23 0.24
0.15 0.23 0.20 0.12 0.13 0.26 0.04 0.19 0.01 0.04 0.03 0.10 0.26 0.00 0.17 0.14 0.14 0.18 0.12 0.19
0.20 0.14 0.28 0.23 0.27 0.17 0.21 0.28 0.16 0.16 0.15 0.27 0.17 0.17 0.00 0.31 0.14 0.35 0.05 0.07
0.18 0.26 0.17 0.15 0.16 0.29 0.10 0.16 0.15 0.15 0.16 0.04 0.29 0.14 0.31 0.00 0.17 0.10 0.26 0.32
0.07 0.09 0.33 0.10 0.14 0.13 0.16 0.32 0.13 0.10 0.12 0.13 0.13 0.14 0.14 0.17 0.00 0.21 0.10 0.15
0.15 0.23 0.27 0.12 0.08 0.19 0.14 0.26 0.19 0.20 0.21 0.09 0.20 0.18 0.35 0.10 0.21 0.00 0.31 0.37
0.15 0.19 0.23 0.18 0.23 0.23 0.17 0.22 0.11 0.11 0.10 0.22 0.23 0.12 0.05 0.26 0.10 0.31 0.00 0.06
0.22 0.20 0.22 0.25 0.29 0.24 0.23 0.21 0.17 0.17 0.16 0.28 0.24 0.19 0.07 0.32 0.15 0.37 0.06 0.00
Team_tasks_times:
Team 0:
1: 2.00 0.75 3.00
2: 2.00 0.75 3.00
3: 500.00 2.00 4.00 2.00 3.00
4: 2.00 0.75 3.00
5: 500.00 2.00 4.00 2.00 3.00
6: 2.00 0.75 3.00
7: 2.00 0.75 3.00
8: 2.00
9: 500.00 2.00 4.00 2.00 3.00
10: 500.00 2.00 4.00 2.00 3.00
11: 2.00 0.75 3.00
12: 2.00 0.75 3.00
13: 2.00
14: 2.00 0.75 3.00
15: 2.00
16: 2.00
17: 2.00 0.75 3.00
18: 500.00 2.00 4.00 2.00 3.00
19: 500.00 2.00 4.00 2.00 3.00
Team 1:
1: 2.00 3.00 0.25
2: 2.00 3.00 0.25
3: 0.75 0.50 3.00 3.00 0.75
4: 2.00 3.00 0.25
5: 0.75 0.50 3.00 3.00 0.75
6: 2.00 3.00 0.25
7: 2.00 3.00 0.25
8: 0.75
9: 0.75 0.50 3.00 3.00 0.75
10: 0.75 0.50 3.00 3.00 0.75
11: 2.00 3.00 0.25
12: 2.00 3.00 0.25
13: 0.75
14: 2.00 3.00 0.25
15: 0.75
16: 0.75
17: 2.00 3.00 0.25
18: 0.75 0.50 3.00 3.00 0.75
19: 0.75 0.50 3.00 3.00 0.75
Team 2:
1: 1.00 2.00 1.50
2: 1.00 2.00 1.50
3: 500.00 0.50 3.00 3.00 1.50
4: 1.00 2.00 1.50
5: 500.00 0.50 3.00 3.00 1.50
6: 1.00 2.00 1.50
7: 1.00 2.00 1.50
8: 0.75
9: 500.00 0.50 3.00 3.00 1.50
10: 500.00 0.50 3.00 3.00 1.50
11: 1.00 2.00 1.50
12: 1.00 2.00 1.50
13: 0.75
14: 1.00 2.00 1.50
15: 0.75
16: 0.75
17: 1.00 2.00 1.50
18: 500.00 0.50 3.00 3.00 1.50
19: 500.00 0.50 3.00 3.00 1.50
