Number_of_customers: 20
Number_of_teams: 3
Number_of_services: 3
Customers_requested_services:
2 1 2 2 2 1 1 2 1 2 1 0 1 1 0 2 0 1 0
Daily_available_time: 8
Service 0:
Number_of_tasks: 1
Dependencies:
0: 
Service 1:
Number_of_tasks: 3
Dependencies:
0: 
1: 0
2: 1
Service 2:
Number_of_tasks: 5
Dependencies:
0: 
1: 
2: 4
3: 
4: 0 1 3
Travel_times:
0.00 0.29 0.22 0.17 0.21 0.13 0.20 0.18 0.24 0.19 0.23 0.16 0.04 0.15 0.07 0.17 0.26 0.23 0.09 0.12
0.29 0.00 0.07 0.12 0.21 0.16 0.10 0.16 0.20 0.21 0.06 0.13 0.34 0.29 0.22 0.21 0.03 0.07 0.38 0.27
0.22 0.07 0.00 0.06 0.15 0.09 0.11 0.10 0.15 0.14 0.01 0.06 0.26 0.23 0.14 0.14 0.05 0.06 0.30 0.21
0.17 0.12 0.06 0.00 0.21 0.11 0.06 0.16 0.09 0.10 0.06 0.06 0.22 0.29 0.10 0.09 0.09 0.06 0.26 0.27
0.21 0.21 0.15 0.21 0.00 0.10 0.26 0.05 0.30 0.25 0.15 0.15 0.26 0.08 0.14 0.24 0.20 0.21 0.30 0.10
0.13 0.16 0.09 0.11 0.10 0.00 0.17 0.05 0.20 0.15 0.10 0.05 0.18 0.18 0.06 0.14 0.13 0.12 0.22 0.16
0.20 0.10 0.11 0.06 0.26 0.17 0.00 0.21 0.10 0.12 0.11 0.12 0.24 0.34 0.15 0.11 0.07 0.05 0.28 0.33
0.18 0.16 0.10 0.16 0.05 0.05 0.21 0.00 0.25 0.20 0.11 0.10 0.23 0.13 0.11 0.18 0.15 0.16 0.27 0.11
0.24 0.20 0.15 0.09 0.30 0.20 0.10 0.25 0.00 0.05 0.15 0.15 0.20 0.38 0.19 0.07 0.17 0.13 0.18 0.36
0.19 0.21 0.14 0.10 0.25 0.15 0.12 0.20 0.05 0.00 0.15 0.11 0.15 0.33 0.14 0.02 0.18 0.15 0.16 0.32
0.23 0.06 0.01 0.06 0.15 0.10 0.11 0.11 0.15 0.15 0.00 0.07 0.28 0.24 0.15 0.15 0.04 0.06 0.32 0.22
0.16 0.13 0.06 0.06 0.15 0.05 0.12 0.10 0.15 0.11 0.07 0.00 0.21 0.23 0.09 0.09 0.10 0.07 0.25 0.21
0.04 0.34 0.26 0.22 0.26 0.18 0.24 0.23 0.20 0.15 0.28 0.21 0.00 0.20 0.12 0.14 0.31 0.27 0.04 0.16
0.15 0.29 0.23 0.29 0.08 0.18 0.34 0.13 0.38 0.33 0.24 0.23 0.20 0.00 0.19 0.32 0.28 0.29 0.24 0.04
0.07 0.22 0.14 0.10 0.14 0.06 0.15 0.11 0.19 0.14 0.15 0.09 0.12 0.19 0.00 0.12 0.18 0.15 0.16 0.17
0.17 0.21 0.14 0.09 0.24 0.14 0.11 0.18 0.07 0.02 0.15 0.09 0.14 0.32 0.12 0.00 0.18 0.15 0.17 0.30
0.26 0.03 0.05 0.09 0.20 0.13 0.07 0.15 0.17 0.18 0.04 0.10 0.31 0.28 0.18 0.18 0.00 0.03 0.35 0.26
0.23 0.07 0.06 0.06 0.21 0.12 0.05 0.16 0.13 0.15 0.06 0.07 0.27 0.29 0.15 0.15 0.03 0.00 0.31 0.28
0.09 0.38 0.30 0.26 0.30 0.22 0.28 0.27 0.18 0.16 0.32 0.25 0.04 0.24 0.16 0.17 0.35 0.31 0.00 0.20
0.12 0.27 0.21 0.27 0.10 0.16 0.33 0.11 0.36 0.32 0.22 0.21 0.16 0.04 0.17 0.30 0.26 0.28 0.20 0.00
Team_tasks_times:
Team 0:
1: 4.00 2.00 1.00 0.25 0.50
2: 1.50 0.50 1.00
3: 4.00 2.00 1.00 0.25 0.50
4: 4.00 2.00 1.00 0.25 0.50
5: 4.00 2.00 1.00 0.25 0.50
6: 1.50 0.50 1.00
7: 1.50 0.50 1.00
8: 4.00 2.00 1.00 0.25 0.50
9: 1.50 0.50 1.00
10: 4.00 2.00 1.00 0.25 0.50
11: 1.50 0.50 1.00
12: 1.00
13: 1.50 0.50 1.00
14: 1.50 0.50 1.00
15: 1.00
16: 4.00 2.00 1.00 0.25 0.50
17: 1.00
18: 1.50 0.50 1.00
19: 1.00
Team 1:
1: 4.00 1.00 1.00 1.00 0.50
2: 1.50 0.50 1.00
3: 4.00 1.00 1.00 1.00 0.50
4: 4.00 1.00 1.00 1.00 0.50
5: 4.00 1.00 1.00 1.00 0.50
6: 1.50 0.50 1.00
7: 1.50 0.50 1.00
8: 4.00 1.00 1.00 1.00 0.50
9: 1.50 0.50 1.00
10: 4.00 1.00 1.00 1.00 0.50
11: 1.50 0.50 1.00
12: 1.00
13: 1.50 0.50 1.00
14: 1.50 0.50 1.00
15: 1.00
16: 4.00 1.00 1.00 1.00 0.50
17: 1.00
18: 1.50 0.50 1.00
19: 1.00
Team 2:
1: 2.00 1.00 4.00 0.50 1.00
2: 3.00 0.75 0.50
3: 2.00 1.00 4.00 0.50 1.00
4: 2.00 1.00 4.00 0.50 1.00
5: 2.00 1.00 4.00 0.50 1.00
6: 3.00 0.75 0.50
7: 3.00 0.75 0.50
8: 2.00 1.00 4.00 0.50 1.00
9: 3.00 0.75 0.50
10: 2.00 1.00 4.00 0.50 1.00
11: 3.00 0.75 0.50
12: 2.00
13: 3.00 0.75 0.50
14: 3.00 0.75 0.50
15: 2.00
16: 2.00 1.00 4.00 0.50 1.00
17: 2.00
18: 3.00 0.75 0.50
19: 2.00
