Number_of_customers: 20
Number_of_teams: 3
Number_of_services: 3
Customers_requested_services:
1 1 0 2 1 0 0 1 2 2 1 0 1 0 0 2 2 1 1
Daily_available_time: 8
Service 0:
Number_of_tasks: 1
Dependencies:
0: 
Service 1:
Number_of_tasks: 3
Dependencies:
0: 
1: 0
2: 0
Service 2:
Number_of_tasks: 5
Dependencies:
0: 
1: 
2: 
3: 0 1 2
4: 0 1 2
Travel_times:
0.00 0.08 0.22 0.09 0.16 0.25 0.23 0.04 0.20 0.04 0.20 0.29 0.04 0.12 0.25 0.22 0.17 0.16 0.12 0.09
0.08 0.00 0.19 0.05 0.23 0.22 0.15 0.04 0.28 0.04 0.11 0.27 0.12 0.21 0.22 0.20 0.25 0.13 0.09 0.09
0.22 0.19 0.00 0.14 0.12 0.08 0.26 0.20 0.18 0.21 0.22 0.07 0.18 0.13 0.03 0.01 0.14 0.12 0.10 0.13
0.09 0.05 0.14 0.00 0.23 0.17 0.15 0.05 0.29 0.07 0.11 0.22 0.12 0.21 0.17 0.15 0.25 0.08 0.06 0.10
0.16 0.23 0.12 0.23 0.00 0.21 0.38 0.19 0.05 0.19 0.34 0.17 0.12 0.07 0.11 0.12 0.07 0.25 0.17 0.14
0.25 0.22 0.08 0.17 0.21 0.00 0.17 0.23 0.26 0.24 0.18 0.04 0.21 0.18 0.10 0.09 0.23 0.09 0.13 0.16
0.23 0.15 0.26 0.15 0.38 0.17 0.00 0.19 0.43 0.19 0.04 0.21 0.27 0.36 0.27 0.27 0.40 0.13 0.21 0.24
0.04 0.04 0.20 0.05 0.19 0.23 0.19 0.00 0.24 0.02 0.15 0.27 0.08 0.17 0.23 0.20 0.21 0.14 0.10 0.07
0.20 0.28 0.18 0.29 0.05 0.26 0.43 0.24 0.00 0.24 0.40 0.22 0.17 0.07 0.17 0.17 0.07 0.30 0.23 0.19
0.04 0.04 0.21 0.07 0.19 0.24 0.19 0.02 0.24 0.00 0.15 0.29 0.08 0.17 0.24 0.21 0.21 0.15 0.11 0.08
0.20 0.11 0.22 0.11 0.34 0.18 0.04 0.15 0.40 0.15 0.00 0.23 0.23 0.32 0.23 0.23 0.36 0.09 0.17 0.21
0.29 0.27 0.07 0.22 0.17 0.04 0.21 0.27 0.22 0.29 0.23 0.00 0.26 0.20 0.06 0.07 0.20 0.14 0.17 0.20
0.04 0.12 0.18 0.12 0.12 0.21 0.27 0.08 0.17 0.08 0.23 0.26 0.00 0.09 0.21 0.19 0.13 0.14 0.09 0.06
0.12 0.21 0.13 0.21 0.07 0.18 0.36 0.17 0.07 0.17 0.32 0.20 0.09 0.00 0.16 0.13 0.04 0.23 0.15 0.12
0.25 0.22 0.03 0.17 0.11 0.10 0.27 0.23 0.17 0.24 0.23 0.06 0.21 0.16 0.00 0.03 0.16 0.14 0.13 0.16
0.22 0.20 0.01 0.15 0.12 0.09 0.27 0.20 0.17 0.21 0.23 0.07 0.19 0.13 0.03 0.00 0.13 0.14 0.10 0.13
0.17 0.25 0.14 0.25 0.07 0.23 0.40 0.21 0.07 0.21 0.36 0.20 0.13 0.04 0.16 0.13 0.00 0.27 0.19 0.15
0.16 0.13 0.12 0.08 0.25 0.09 0.13 0.14 0.30 0.15 0.09 0.14 0.14 0.23 0.14 0.14 0.27 0.00 0.08 0.11
0.12 0.09 0.10 0.06 0.17 0.13 0.21 0.10 0.23 0.11 0.17 0.17 0.09 0.15 0.13 0.10 0.19 0.08 0.00 0.04
0.09 0.09 0.13 0.10 0.14 0.16 0.24 0.07 0.19 0.08 0.21 0.20 0.06 0.12 0.16 0.13 0.15 0.11 0.04 0.00
Team_tasks_times:
Team 0:
1: 2.00 1000.00 2.00
2: 2.00 1000.00 2.00
3: 1.00
4: 2.00 0.75 4.00 1.00 2.00
5: 2.00 1000.00 2.00
6: 1.00
7: 1.00
8: 2.00 1000.00 2.00
9: 2.00 0.75 4.00 1.00 2.00
10: 2.00 0.75 4.00 1.00 2.00
11: 2.00 1000.00 2.00
12: 1.00
13: 2.00 1000.00 2.00
14: 1.00
15: 1.00
16: 2.00 0.75 4.00 1.00 2.00
17: 2.00 0.75 4.00 1.00 2.00
18: 2.00 1000.00 2.00
19: 2.00 1000.00 2.00
Team 1:
1: 1.00 2.00 2.00
2: 1.00 2.00 2.00
3: 2.00
4: 1.50 3.00 2.00 0.25 0.25
5: 1.00 2.00 2.00
6: 2.00
7: 2.00
8: 1.00 2.00 2.00
9: 1.50 3.00 2.00 0.25 0.25
10: 1.50 3.00 2.00 0.25 0.25
11: 1.00 2.00 2.00
12: 2.00
13: 1.00 2.00 2.00
14: 2.00
15: 2.00
16: 1.50 3.00 2.00 0.25 0.25
17: 1.50 3.00 2.00 0.25 0.25
18: 1.00 2.00 2.00
19: 1.00 2.00 2.00
Team 2:
1: 0.25 1000.00 2.00
2: 0.25 1000.00 2.00
3: 2.00
4: 2.00 2.00 1.00 1.00 0.50
5: 0.25 1000.00 2.00
6: 2.00
7: 2.00
8: 0.25 1000.00 2.00
9: 2.00 2.00 1.00 1.00 0.50
10: 2.00 2.00 1.00 1.00 0.50
11: 0.25 1000.00 2.00
12: 2.00
13: 0.25 1000.00 2.00
14: 2.00
15: 2.00
16: 2.00 2.00 1.00 1.00 0.50
17: 2.00 2.00 1.00 1.00 0.50
18: 0.25 1000.00 2.00
19: 0.25 1000.00 2.00
