Number_of_customers: 20
Number_of_teams: 3
Number_of_services: 3
Customers_requested_services:
2 0 0 1 0 1 1 0 0 1 2 0 1 2 2 1 0 1 1
Daily_available_time: 8
Service 0:
Number_of_tasks: 1
Dependencies:
0: 
Service 1:
Number_of_tasks: 3
Dependencies:
0: 1
1: 
2: 0
Service 2:
Number_of_tasks: 5
Dependencies:
0: 2 3 4
1: 2 3 4
2: 
3: 
4: 
Travel_times:
0.00 0.17 0.15 0.14 0.07 0.07 0.12 0.20 0.19 0.22 0.14 0.27 0.19 0.15 0.07 0.06 0.19 0.17 0.06 0.08
0.17 0.00 0.02 0.15 0.19 0.23 0.14 0.17 0.04 0.08 0.17 0.11 0.08 0.27 0.11 0.23 0.30 0.06 0.21 0.15
0.15 0.02 0.00 0.13 0.17 0.21 0.15 0.18 0.04 0.10 0.18 0.12 0.09 0.28 0.12 0.21 0.32 0.04 0.19 0.16
0.14 0.15 0.13 0.00 0.07 0.08 0.16 0.19 0.17 0.20 0.20 0.26 0.17 0.29 0.13 0.14 0.33 0.14 0.07 0.17
0.07 0.19 0.17 0.07 0.00 0.04 0.15 0.23 0.21 0.24 0.16 0.30 0.21 0.22 0.10 0.08 0.26 0.17 0.02 0.11
0.07 0.23 0.21 0.08 0.04 0.00 0.19 0.27 0.26 0.28 0.20 0.34 0.26 0.21 0.14 0.06 0.24 0.22 0.02 0.15
0.12 0.14 0.15 0.16 0.15 0.19 0.00 0.08 0.18 0.09 0.03 0.15 0.07 0.12 0.05 0.18 0.16 0.20 0.17 0.04
0.20 0.17 0.18 0.19 0.23 0.27 0.08 0.00 0.21 0.09 0.07 0.07 0.09 0.10 0.13 0.26 0.14 0.23 0.25 0.12
0.19 0.04 0.04 0.17 0.21 0.26 0.18 0.21 0.00 0.13 0.22 0.15 0.12 0.31 0.15 0.25 0.35 0.04 0.23 0.19
0.22 0.08 0.10 0.20 0.24 0.28 0.09 0.09 0.13 0.00 0.09 0.06 0.03 0.18 0.14 0.28 0.22 0.14 0.26 0.14
0.14 0.17 0.18 0.20 0.16 0.20 0.03 0.07 0.22 0.09 0.00 0.14 0.10 0.09 0.06 0.20 0.13 0.23 0.18 0.06
0.27 0.11 0.12 0.26 0.30 0.34 0.15 0.07 0.15 0.06 0.14 0.00 0.08 0.16 0.20 0.33 0.20 0.17 0.32 0.19
0.19 0.08 0.09 0.17 0.21 0.26 0.07 0.09 0.12 0.03 0.10 0.08 0.00 0.19 0.12 0.25 0.23 0.14 0.24 0.11
0.15 0.27 0.28 0.29 0.22 0.21 0.12 0.10 0.31 0.18 0.09 0.16 0.19 0.00 0.15 0.21 0.05 0.32 0.21 0.12
0.07 0.11 0.12 0.13 0.10 0.14 0.05 0.13 0.15 0.14 0.06 0.20 0.12 0.15 0.00 0.14 0.19 0.17 0.12 0.04
0.06 0.23 0.21 0.14 0.08 0.06 0.18 0.26 0.25 0.28 0.20 0.33 0.25 0.21 0.14 0.00 0.18 0.21 0.07 0.14
0.19 0.30 0.32 0.33 0.26 0.24 0.16 0.14 0.35 0.22 0.13 0.20 0.23 0.05 0.19 0.18 0.00 0.36 0.25 0.15
0.17 0.06 0.04 0.14 0.17 0.22 0.20 0.23 0.04 0.14 0.23 0.17 0.14 0.32 0.17 0.21 0.36 0.00 0.20 0.21
0.06 0.21 0.19 0.07 0.02 0.02 0.17 0.25 0.23 0.26 0.18 0.32 0.24 0.21 0.12 0.07 0.25 0.20 0.00 0.12
0.08 0.15 0.16 0.17 0.11 0.15 0.04 0.12 0.19 0.14 0.06 0.19 0.11 0.12 0.04 0.14 0.15 0.21 0.12 0.00
Team_tasks_times:
Team 0:
1: 0.25 1.00 1000.00 2.00 1.00
2: 2.00
3: 2.00
4: 4.00 0.75 1.50
5: 2.00
6: 4.00 0.75 1.50
7: 4.00 0.75 1.50
8: 2.00
9: 2.00
10: 4.00 0.75 1.50
11: 0.25 1.00 1000.00 2.00 1.00
12: 2.00
13: 4.00 0.75 1.50
14: 0.25 1.00 1000.00 2.00 1.00
15: 0.25 1.00 1000.00 2.00 1.00
16: 4.00 0.75 1.50
17: 2.00
18: 4.00 0.75 1.50
19: 4.00 0.75 1.50
Team 1:
1: 0.50 1.50 1.00 0.50 4.00
2: 1.50
3: 1.50
4: 2.00 2.00 2000.00
5: 1.50
6: 2.00 2.00 2000.00
7: 2.00 2.00 2000.00
8: 1.50
9: 1.50
10: 2.00 2.00 2000.00
11: 0.50 1.50 1.00 0.50 4.00
12: 1.50
13: 2.00 2.00 2000.00
14: 0.50 1.50 1.00 0.50 4.00
15: 0.50 1.50 1.00 0.50 4.00
16: 2.00 2.00 2000.00
17: 1.50
18: 2.00 2.00 2000.00
19: 2.00 2.00 2000.00
Team 2:
1: 1.00 3.00 2000.00 2.00 1.00
2: 1.50
3: 1.50
4: 2.00 2.00 2000.00
5: 1.50
6: 2.00 2.00 2000.00
7: 2.00 2.00 2000.00
8: 1.50
9: 1.50
10: 2.00 2.00 2000.00
11: 1.00 3.00 2000.00 2.00 1.00
12: 1.50
13: 2.00 2.00 2000.00
14: 1.00 3.00 2000.00 2.00 1.00
15: 1.00 3.00 2000.00 2.00 1.00
16: 2.00 2.00 2000.00
17: 1.50
18: 2.00 2.00 2000.00
19: 2.00 2.00 2000.00
