Number_of_customers: 20
Number_of_teams: 3
Number_of_services: 1
Customers_requested_services:
0 0 0 0 0 0 0 0 0 0 0 0 0 0 0 0 0 0 0
Daily_available_time: 8
Service 0:
Number_of_tasks: 3
Dependencies:
0: 
1: 0
2: 0
Travel_times:
0.00 0.22 0.21 0.24 0.22 0.26 0.08 0.32 0.24 0.08 0.27 0.20 0.21 0.18 0.04 0.27 0.26 0.21 0.14 0.05
0.22 0.00 0.23 0.12 0.08 0.12 0.21 0.10 0.04 0.17 0.09 0.06 0.27 0.23 0.20 0.40 0.18 0.03 0.08 0.22
0.21 0.23 0.00 0.11 0.15 0.11 0.16 0.14 0.18 0.12 0.14 0.17 0.04 0.03 0.19 0.17 0.06 0.20 0.17 0.20
0.24 0.12 0.11 0.00 0.04 0.02 0.19 0.08 0.07 0.16 0.03 0.06 0.15 0.11 0.22 0.28 0.07 0.09 0.10 0.24
0.22 0.08 0.15 0.04 0.00 0.04 0.17 0.10 0.04 0.14 0.05 0.03 0.18 0.15 0.20 0.32 0.10 0.05 0.08 0.22
0.26 0.12 0.11 0.02 0.04 0.00 0.21 0.06 0.07 0.17 0.03 0.07 0.15 0.11 0.24 0.28 0.06 0.09 0.12 0.25
0.08 0.21 0.16 0.19 0.17 0.21 0.00 0.27 0.19 0.04 0.22 0.15 0.16 0.13 0.04 0.19 0.21 0.18 0.15 0.04
0.32 0.10 0.14 0.08 0.10 0.06 0.27 0.00 0.08 0.24 0.04 0.12 0.18 0.14 0.30 0.31 0.10 0.11 0.18 0.31
0.24 0.04 0.18 0.07 0.04 0.07 0.19 0.08 0.00 0.15 0.04 0.04 0.22 0.18 0.22 0.35 0.14 0.03 0.10 0.23
0.08 0.17 0.12 0.16 0.14 0.17 0.04 0.24 0.15 0.00 0.19 0.12 0.13 0.10 0.06 0.23 0.18 0.14 0.11 0.08
0.27 0.09 0.14 0.03 0.05 0.03 0.22 0.04 0.04 0.19 0.00 0.07 0.17 0.14 0.25 0.31 0.09 0.06 0.13 0.27
0.20 0.06 0.17 0.06 0.03 0.07 0.15 0.12 0.04 0.12 0.07 0.00 0.21 0.17 0.18 0.34 0.13 0.03 0.06 0.19
0.21 0.27 0.04 0.15 0.18 0.15 0.16 0.18 0.22 0.13 0.17 0.21 0.00 0.04 0.19 0.13 0.08 0.24 0.21 0.21
0.18 0.23 0.03 0.11 0.15 0.11 0.13 0.14 0.18 0.10 0.14 0.17 0.04 0.00 0.16 0.17 0.08 0.20 0.17 0.18
0.04 0.20 0.19 0.22 0.20 0.24 0.04 0.30 0.22 0.06 0.25 0.18 0.19 0.16 0.00 0.23 0.25 0.19 0.12 0.02
0.27 0.40 0.17 0.28 0.32 0.28 0.19 0.31 0.35 0.23 0.31 0.34 0.13 0.17 0.23 0.00 0.21 0.37 0.34 0.22
0.26 0.18 0.06 0.07 0.10 0.06 0.21 0.10 0.14 0.18 0.09 0.13 0.08 0.08 0.25 0.21 0.00 0.15 0.12 0.26
0.21 0.03 0.20 0.09 0.05 0.09 0.18 0.11 0.03 0.14 0.06 0.03 0.24 0.20 0.19 0.37 0.15 0.00 0.07 0.21
0.14 0.08 0.17 0.10 0.08 0.12 0.15 0.18 0.10 0.11 0.13 0.06 0.21 0.17 0.12 0.34 0.12 0.07 0.00 0.14
0.05 0.22 0.20 0.24 0.22 0.25 0.04 0.31 0.23 0.08 0.27 0.19 0.21 0.18 0.02 0.22 0.26 0.21 0.14 0.00
Team_tasks_times:
Team 0:
1: 0.25 1000.00 1000.00
2: 0.25 1000.00 1000.00
3: 0.25 1000.00 1000.00
4: 0.25 1000.00 1000.00
5: 0.25 1000.00 1000.00
6: 0.25 1000.00 1000.00
7: 0.25 1000.00 1000.00
8: 0.25 1000.00 1000.00
9: 0.25 1000.00 1000.00
10: 0.25 1000.00 1000.00
11: 0.25 1000.00 1000.00
12: 0.25 1000.00 1000.00
13: 0.25 1000.00 1000.00
14: 0.25 1000.00 1000.00
15: 0.25 1000.00 1000.00
16: 0.25 1000.00 1000.00
17: 0.25 1000.00 1000.00
18: 0.25 1000.00 1000.00
19: 0.25 1000.00 1000.00
Team 1:
1: 1000.00 2.00 1000.00
2: 1000.00 2.00 1000.00
3: 1000.00 2.00 1000.00
4: 1000.00 2.00 1000.00
5: 1000.00 2.00 1000.00
6: 1000.00 2.00 1000.00
7: 1000.00 2.00 1000.00
8: 1000.00 2.00 1000.00
9: 1000.00 2.00 1000.00
10: 1000.00 2.00 1000.00
11: 1000.00 2.00 1000.00
12: 1000.00 2.00 1000.00
13: 1000.00 2.00 1000.00
14: 1000.00 2.00 1000.00
15: 1000.00 2.00 1000.00
16: 1000.00 2.00 1000.00
17: 1000.00 2.00 1000.00
18: 1000.00 2.00 1000.00
19: 1000.00 2.00 1000.00
Team 2:
1: 1000.00 1000.00 0.75
2: 1000.00 1000.00 0.75
3: 1000.00 1000.00 0.75
4: 1000.00 1000.00 0.75
5: 1000.00 1000.00 0.75
6: 1000.00 1000.00 0.75
7: 1000.00 1000.00 0.75
8: 1000.00 1000.00 0.75
9: 1000.00 1000.00 0.75
10: 1000.00 1000.00 0.75
11: 1000.00 1000.00 0.75
12: 1000.00 1000.00 0.75
13: 1000.00 1000.00 0.75
14: 1000.00 1000.00 0.75
15: 1000.00 1000.00 0.75
16: 1000.00 1000.00 0.75
17: 1000.00 1000.00 0.75
18: 1000.00 1000.00 0.75
19: 1000.00 1000.00 0.75
