Number_of_customers: 20
Number_of_teams: 3
Number_of_services: 1
Customers_requested_services:
0 0 0 0 0 0 0 0 0 0 0 0 0 0 0 0 0 0 0
Daily_available_time: 8
Service 0:
Number_of_tasks: 3
Dependencies:
0: 
1: 
2: 
Travel_times:
0.00 0.14 0.10 0.07 0.12 0.12 0.04 0.17 0.10 0.11 0.14 0.07 0.11 0.08 0.05 0.11 0.15 0.05 0.03 0.04
0.14 0.00 0.24 0.08 0.26 0.26 0.12 0.32 0.25 0.04 0.28 0.07 0.25 0.12 0.19 0.20 0.30 0.10 0.17 0.11
0.10 0.24 0.00 0.17 0.04 0.03 0.12 0.14 0.15 0.21 0.21 0.17 0.17 0.15 0.10 0.21 0.11 0.14 0.11 0.13
0.07 0.08 0.17 0.00 0.18 0.18 0.04 0.24 0.17 0.06 0.21 0.07 0.17 0.05 0.11 0.15 0.22 0.02 0.09 0.07
0.12 0.26 0.04 0.18 0.00 0.02 0.15 0.10 0.10 0.23 0.17 0.19 0.13 0.17 0.07 0.16 0.07 0.16 0.10 0.15
0.12 0.26 0.03 0.18 0.02 0.00 0.14 0.11 0.12 0.23 0.18 0.19 0.15 0.17 0.07 0.18 0.09 0.16 0.09 0.15
0.04 0.12 0.12 0.04 0.15 0.14 0.00 0.20 0.13 0.08 0.17 0.07 0.14 0.05 0.07 0.15 0.18 0.02 0.05 0.07
0.17 0.32 0.14 0.24 0.10 0.11 0.20 0.00 0.07 0.28 0.07 0.25 0.07 0.22 0.13 0.12 0.03 0.22 0.15 0.21
0.10 0.25 0.15 0.17 0.10 0.12 0.13 0.07 0.00 0.21 0.06 0.17 0.03 0.15 0.06 0.06 0.05 0.15 0.08 0.13
0.11 0.04 0.21 0.06 0.23 0.23 0.08 0.28 0.21 0.00 0.25 0.04 0.22 0.11 0.15 0.16 0.26 0.07 0.13 0.08
0.14 0.28 0.21 0.21 0.17 0.18 0.17 0.07 0.06 0.25 0.00 0.21 0.04 0.20 0.11 0.09 0.10 0.18 0.12 0.17
0.07 0.07 0.17 0.07 0.19 0.19 0.07 0.25 0.17 0.04 0.21 0.00 0.18 0.12 0.12 0.12 0.22 0.09 0.10 0.04
0.11 0.25 0.17 0.17 0.13 0.15 0.14 0.07 0.03 0.22 0.04 0.18 0.00 0.16 0.07 0.06 0.06 0.15 0.09 0.14
0.08 0.12 0.15 0.05 0.17 0.17 0.05 0.22 0.15 0.11 0.20 0.12 0.16 0.00 0.10 0.20 0.20 0.04 0.10 0.12
0.05 0.19 0.10 0.11 0.07 0.07 0.07 0.13 0.06 0.15 0.11 0.12 0.07 0.10 0.00 0.11 0.11 0.09 0.02 0.08
0.11 0.20 0.21 0.15 0.16 0.18 0.15 0.12 0.06 0.16 0.09 0.12 0.06 0.20 0.11 0.00 0.10 0.16 0.10 0.08
0.15 0.30 0.11 0.22 0.07 0.09 0.18 0.03 0.05 0.26 0.10 0.22 0.06 0.20 0.11 0.10 0.00 0.20 0.13 0.18
0.05 0.10 0.14 0.02 0.16 0.16 0.02 0.22 0.15 0.07 0.18 0.09 0.15 0.04 0.09 0.16 0.20 0.00 0.07 0.08
0.03 0.17 0.11 0.09 0.10 0.09 0.05 0.15 0.08 0.13 0.12 0.10 0.09 0.10 0.02 0.10 0.13 0.07 0.00 0.06
0.04 0.11 0.13 0.07 0.15 0.15 0.07 0.21 0.13 0.08 0.17 0.04 0.14 0.12 0.08 0.08 0.18 0.08 0.06 0.00
Team_tasks_times:
Team 0:
1: 4.00 1000.00 1000.00
2: 4.00 1000.00 1000.00
3: 4.00 1000.00 1000.00
4: 4.00 1000.00 1000.00
5: 4.00 1000.00 1000.00
6: 4.00 1000.00 1000.00
7: 4.00 1000.00 1000.00
8: 4.00 1000.00 1000.00
9: 4.00 1000.00 1000.00
10: 4.00 1000.00 1000.00
11: 4.00 1000.00 1000.00
12: 4.00 1000.00 1000.00
13: 4.00 1000.00 1000.00
14: 4.00 1000.00 1000.00
15: 4.00 1000.00 1000.00
16: 4.00 1000.00 1000.00
17: 4.00 1000.00 1000.00
18: 4.00 1000.00 1000.00
19: 4.00 1000.00 1000.00
Team 1:
1: 1000.00 0.25 1000.00
2: 1000.00 0.25 1000.00
3: 1000.00 0.25 1000.00
4: 1000.00 0.25 1000.00
5: 1000.00 0.25 1000.00
6: 1000.00 0.25 1000.00
7: 1000.00 0.25 1000.00
8: 1000.00 0.25 1000.00
9: 1000.00 0.25 1000.00
10: 1000.00 0.25 1000.00
11: 1000.00 0.25 1000.00
12: 1000.00 0.25 1000.00
13: 1000.00 0.25 1000.00
14: 1000.00 0.25 1000.00
15: 1000.00 0.25 1000.00
16: 1000.00 0.25 1000.00
17: 1000.00 0.25 1000.00
18: 1000.00 0.25 1000.00
19: 1000.00 0.25 1000.00
Team 2:
1: 1000.00 1000.00 1.50
2: 1000.00 1000.00 1.50
3: 1000.00 1000.00 1.50
4: 1000.00 1000.00 1.50
5: 1000.00 1000.00 1.50
6: 1000.00 1000.00 1.50
7: 1000.00 1000.00 1.50
8: 1000.00 1000.00 1.50
9: 1000.00 1000.00 1.50
10: 1000.00 1000.00 1.50
11: 1000.00 1000.00 1.50
12: 1000.00 1000.00 1.50
13: 1000.00 1000.00 1.50
14: 1000.00 1000.00 1.50
15: 1000.00 1000.00 1.50
16: 1000.00 1000.00 1.50
17: 1000.00 1000.00 1.50
18: 1000.00 1000.00 1.50
19: 1000.00 1000.00 1.50
