Number_of_customers: 20
Number_of_teams: 3
Number_of_services: 1
Customers_requested_services:
0 0 0 0 0 0 0 0 0 0 0 0 0 0 0 0 0 0 0
Daily_available_time: 8
Service 0:
Number_of_tasks: 3
Dependencies:
0: 2
1: 2
2: 
Travel_times:
0.00 0.29 0.08 0.23 0.07 0.10 0.13 0.11 0.09 0.13 0.10 0.11 0.12 0.15 0.05 0.09 0.17 0.06 0.02 0.13
0.29 0.00 0.32 0.06 0.33 0.23 0.21 0.20 0.21 0.23 0.20 0.17 0.40 0.24 0.24 0.20 0.12 0.35 0.27 0.23
0.08 0.32 0.00 0.26 0.15 0.18 0.11 0.19 0.17 0.21 0.12 0.14 0.09 0.23 0.09 0.12 0.20 0.11 0.06 0.09
0.23 0.06 0.26 0.00 0.28 0.17 0.15 0.17 0.15 0.19 0.14 0.12 0.35 0.21 0.18 0.14 0.08 0.29 0.21 0.17
0.07 0.33 0.15 0.28 0.00 0.11 0.20 0.14 0.12 0.11 0.17 0.16 0.09 0.09 0.10 0.15 0.21 0.04 0.09 0.20
0.10 0.23 0.18 0.17 0.11 0.00 0.23 0.03 0.02 0.03 0.20 0.12 0.18 0.05 0.09 0.17 0.11 0.12 0.12 0.23
0.13 0.21 0.11 0.15 0.20 0.23 0.00 0.24 0.21 0.26 0.03 0.11 0.19 0.28 0.14 0.05 0.14 0.16 0.11 0.01
0.11 0.20 0.19 0.17 0.14 0.03 0.24 0.00 0.02 0.03 0.21 0.12 0.21 0.05 0.10 0.18 0.10 0.15 0.12 0.24
0.09 0.21 0.17 0.15 0.12 0.02 0.21 0.02 0.00 0.04 0.18 0.10 0.20 0.07 0.08 0.16 0.09 0.14 0.10 0.22
0.13 0.23 0.21 0.19 0.11 0.03 0.26 0.03 0.04 0.00 0.23 0.15 0.18 0.02 0.12 0.21 0.12 0.12 0.15 0.26
0.10 0.20 0.12 0.14 0.17 0.20 0.03 0.21 0.18 0.23 0.00 0.08 0.21 0.25 0.11 0.02 0.11 0.15 0.08 0.04
0.11 0.17 0.14 0.12 0.16 0.12 0.11 0.12 0.10 0.15 0.08 0.00 0.23 0.17 0.06 0.06 0.06 0.17 0.10 0.12
0.12 0.40 0.09 0.35 0.09 0.18 0.19 0.21 0.20 0.18 0.21 0.23 0.00 0.17 0.17 0.21 0.28 0.05 0.13 0.18
0.15 0.24 0.23 0.21 0.09 0.05 0.28 0.05 0.07 0.02 0.25 0.17 0.17 0.00 0.14 0.23 0.14 0.12 0.17 0.28
0.05 0.24 0.09 0.18 0.10 0.09 0.14 0.10 0.08 0.12 0.11 0.06 0.17 0.14 0.00 0.09 0.12 0.12 0.04 0.14
0.09 0.20 0.12 0.14 0.15 0.17 0.05 0.18 0.16 0.21 0.02 0.06 0.21 0.23 0.09 0.00 0.09 0.15 0.07 0.06
0.17 0.12 0.20 0.08 0.21 0.11 0.14 0.10 0.09 0.12 0.11 0.06 0.28 0.14 0.12 0.09 0.00 0.23 0.15 0.15
0.06 0.35 0.11 0.29 0.04 0.12 0.16 0.15 0.14 0.12 0.15 0.17 0.05 0.12 0.12 0.15 0.23 0.00 0.08 0.16
0.02 0.27 0.06 0.21 0.09 0.12 0.11 0.12 0.10 0.15 0.08 0.10 0.13 0.17 0.04 0.07 0.15 0.08 0.00 0.12
0.13 0.23 0.09 0.17 0.20 0.23 0.01 0.24 0.22 0.26 0.04 0.12 0.18 0.28 0.14 0.06 0.15 0.16 0.12 0.00
Team_tasks_times:
Team 0:
1: 0.50 1000.00 1000.00
2: 0.50 1000.00 1000.00
3: 0.50 1000.00 1000.00
4: 0.50 1000.00 1000.00
5: 0.50 1000.00 1000.00
6: 0.50 1000.00 1000.00
7: 0.50 1000.00 1000.00
8: 0.50 1000.00 1000.00
9: 0.50 1000.00 1000.00
10: 0.50 1000.00 1000.00
11: 0.50 1000.00 1000.00
12: 0.50 1000.00 1000.00
13: 0.50 1000.00 1000.00
14: 0.50 1000.00 1000.00
15: 0.50 1000.00 1000.00
16: 0.50 1000.00 1000.00
17: 0.50 1000.00 1000.00
18: 0.50 1000.00 1000.00
19: 0.50 1000.00 1000.00
Team 1:
1: 1000.00 0.50 1000.00
2: 1000.00 0.50 1000.00
3: 1000.00 0.50 1000.00
4: 1000.00 0.50 1000.00
5: 1000.00 0.50 1000.00
6: 1000.00 0.50 1000.00
7: 1000.00 0.50 1000.00
8: 1000.00 0.50 1000.00
9: 1000.00 0.50 1000.00
10: 1000.00 0.50 1000.00
11: 1000.00 0.50 1000.00
12: 1000.00 0.50 1000.00
13: 1000.00 0.50 1000.00
14: 1000.00 0.50 1000.00
15: 1000.00 0.50 1000.00
16: 1000.00 0.50 1000.00
17: 1000.00 0.50 1000.00
18: 1000.00 0.50 1000.00
19: 1000.00 0.50 1000.00
Team 2:
1: 1000.00 1000.00 0.75
2: 1000.00 1000.00 0.75
3: 1000.00 1000.00 0.75
4: 1000.00 1000.00 0.75
5: 1000.00 1000.00 0.75
6: 1000.00 1000.00 0.75
7: 1000.00 1000.00 0.75
8: 1000.00 1000.00 0.75
9: 1000.00 1000.00 0.75
10: 1000.00 1000.00 0.75
11: 1000.00 1000.00 0.75
12: 1000.00 1000.00 0.75
13: 1000.00 1000.00 0.75
14: 1000.00 1000.00 0.75
15: 1000.00 1000.00 0.75
16: 1000.00 1000.00 0.75
17: 1000.00 1000.00 0.75
18: 1000.00 1000.00 0.75
19: 1000.00 1000.00 0.75
