Number_of_customers: 20
Number_of_teams: 3
Number_of_services: 1
Customers_requested_services:
0 0 0 0 0 0 0 0 0 0 0 0 0 0 0 0 0 0 0
Daily_available_time: 8
Service 0:
Number_of_tasks: 3
Dependencies:
0: 
1: 0
2: 0
Travel_times:
0.00 0.10 0.05 0.10 0.01 0.16 0.20 0.18 0.11 0.24 0.11 0.11 0.05 0.10 0.12 0.07 0.03 0.05 0.07 0.17
0.10 0.00 0.15 0.14 0.09 0.16 0.20 0.18 0.21 0.24 0.21 0.15 0.07 0.16 0.07 0.16 0.13 0.09 0.15 0.07
0.05 0.15 0.00 0.12 0.07 0.18 0.23 0.15 0.06 0.26 0.07 0.09 0.08 0.08 0.17 0.05 0.03 0.06 0.05 0.22
0.10 0.14 0.12 0.00 0.10 0.07 0.11 0.28 0.09 0.14 0.06 0.21 0.07 0.20 0.17 0.17 0.11 0.15 0.17 0.21
0.01 0.09 0.07 0.10 0.00 0.17 0.21 0.17 0.12 0.24 0.12 0.11 0.06 0.10 0.11 0.07 0.04 0.04 0.07 0.15
0.16 0.16 0.18 0.07 0.17 0.00 0.06 0.34 0.15 0.07 0.14 0.27 0.11 0.27 0.23 0.23 0.17 0.21 0.23 0.17
0.20 0.20 0.23 0.11 0.21 0.06 0.00 0.38 0.19 0.03 0.16 0.31 0.15 0.31 0.27 0.27 0.21 0.25 0.27 0.21
0.18 0.18 0.15 0.28 0.17 0.34 0.38 0.00 0.19 0.41 0.22 0.07 0.23 0.07 0.15 0.11 0.17 0.13 0.11 0.19
0.11 0.21 0.06 0.09 0.12 0.15 0.19 0.19 0.00 0.22 0.03 0.12 0.14 0.12 0.24 0.08 0.09 0.12 0.08 0.28
0.24 0.24 0.26 0.14 0.24 0.07 0.03 0.41 0.22 0.00 0.19 0.34 0.18 0.34 0.30 0.31 0.24 0.28 0.31 0.25
0.11 0.21 0.07 0.06 0.12 0.14 0.16 0.22 0.03 0.19 0.00 0.15 0.13 0.15 0.23 0.12 0.08 0.11 0.12 0.27
0.11 0.15 0.09 0.21 0.11 0.27 0.31 0.07 0.12 0.34 0.15 0.00 0.16 0.01 0.17 0.04 0.10 0.06 0.04 0.22
0.05 0.07 0.08 0.07 0.06 0.11 0.15 0.23 0.14 0.18 0.13 0.16 0.00 0.15 0.12 0.12 0.06 0.10 0.12 0.14
0.10 0.16 0.08 0.20 0.10 0.27 0.31 0.07 0.12 0.34 0.15 0.01 0.15 0.00 0.18 0.03 0.10 0.07 0.03 0.23
0.12 0.07 0.17 0.17 0.11 0.23 0.27 0.15 0.24 0.30 0.23 0.17 0.12 0.18 0.00 0.18 0.15 0.12 0.17 0.06
0.07 0.16 0.05 0.17 0.07 0.23 0.27 0.11 0.08 0.31 0.12 0.04 0.12 0.03 0.18 0.00 0.06 0.07 0.02 0.23
0.03 0.13 0.03 0.11 0.04 0.17 0.21 0.17 0.09 0.24 0.08 0.10 0.06 0.10 0.15 0.06 0.00 0.04 0.06 0.19
0.05 0.09 0.06 0.15 0.04 0.21 0.25 0.13 0.12 0.28 0.11 0.06 0.10 0.07 0.12 0.07 0.04 0.00 0.05 0.16
0.07 0.15 0.05 0.17 0.07 0.23 0.27 0.11 0.08 0.31 0.12 0.04 0.12 0.03 0.17 0.02 0.06 0.05 0.00 0.21
0.17 0.07 0.22 0.21 0.15 0.17 0.21 0.19 0.28 0.25 0.27 0.22 0.14 0.23 0.06 0.23 0.19 0.16 0.21 0.00
Team_tasks_times:
Team 0:
1: 1.00 1000.00 1000.00
2: 1.00 1000.00 1000.00
3: 1.00 1000.00 1000.00
4: 1.00 1000.00 1000.00
5: 1.00 1000.00 1000.00
6: 1.00 1000.00 1000.00
7: 1.00 1000.00 1000.00
8: 1.00 1000.00 1000.00
9: 1.00 1000.00 1000.00
10: 1.00 1000.00 1000.00
11: 1.00 1000.00 1000.00
12: 1.00 1000.00 1000.00
13: 1.00 1000.00 1000.00
14: 1.00 1000.00 1000.00
15: 1.00 1000.00 1000.00
16: 1.00 1000.00 1000.00
17: 1.00 1000.00 1000.00
18: 1.00 1000.00 1000.00
19: 1.00 1000.00 1000.00
Team 1:
1: 1000.00 2.00 1000.00
2: 1000.00 2.00 1000.00
3: 1000.00 2.00 1000.00
4: 1000.00 2.00 1000.00
5: 1000.00 2.00 1000.00
6: 1000.00 2.00 1000.00
7: 1000.00 2.00 1000.00
8: 1000.00 2.00 1000.00
9: 1000.00 2.00 1000.00
10: 1000.00 2.00 1000.00
11: 1000.00 2.00 1000.00
12: 1000.00 2.00 1000.00
13: 1000.00 2.00 1000.00
14: 1000.00 2.00 1000.00
15: 1000.00 2.00 1000.00
16: 1000.00 2.00 1000.00
17: 1000.00 2.00 1000.00
18: 1000.00 2.00 1000.00
19: 1000.00 2.00 1000.00
Team 2:
1: 1000.00 1000.00 1.00
2: 1000.00 1000.00 1.00
3: 1000.00 1000.00 1.00
4: 1000.00 1000.00 1.00
5: 1000.00 1000.00 1.00
6: 1000.00 1000.00 1.00
7: 1000.00 1000.00 1.00
8: 1000.00 1000.00 1.00
9: 1000.00 1000.00 1.00
10: 1000.00 1000.00 1.00
11: 1000.00 1000.00 1.00
12: 1000.00 1000.00 1.00
13: 1000.00 1000.00 1.00
14: 1000.00 1000.00 1.00
15: 1000.00 1000.00 1.00
16: 1000.00 1000.00 1.00
17: 1000.00 1000.00 1.00
18: 1000.00 1000.00 1.00
19: 1000.00 1000.00 1.00
