Number_of_customers: 20
Number_of_teams: 3
Number_of_services: 1
Customers_requested_services:
0 0 0 0 0 0 0 0 0 0 0 0 0 0 0 0 0 0 0
Daily_available_time: 8
Service 0:
Number_of_tasks: 3
Dependencies:
0: 2
1: 
2: 1
Travel_times:
0.00 0.29 0.08 0.07 0.14 0.06 0.08 0.16 0.08 0.15 0.19 0.23 0.04 0.21 0.05 0.19 0.23 0.04 0.13 0.19
0.29 0.00 0.36 0.22 0.15 0.35 0.32 0.13 0.27 0.19 0.10 0.25 0.32 0.23 0.34 0.28 0.05 0.31 0.26 0.10
0.08 0.36 0.00 0.15 0.21 0.02 0.09 0.24 0.09 0.17 0.27 0.24 0.04 0.20 0.04 0.20 0.31 0.05 0.12 0.27
0.07 0.22 0.15 0.00 0.07 0.13 0.10 0.09 0.06 0.17 0.12 0.21 0.11 0.23 0.12 0.17 0.17 0.09 0.15 0.12
0.14 0.15 0.21 0.07 0.00 0.20 0.17 0.06 0.12 0.18 0.05 0.20 0.17 0.23 0.19 0.16 0.10 0.16 0.16 0.07
0.06 0.35 0.02 0.13 0.20 0.00 0.08 0.22 0.09 0.16 0.25 0.23 0.04 0.20 0.04 0.20 0.29 0.04 0.12 0.25
0.08 0.32 0.09 0.10 0.17 0.08 0.00 0.19 0.05 0.23 0.22 0.15 0.04 0.28 0.04 0.11 0.27 0.12 0.21 0.22
0.16 0.13 0.24 0.09 0.06 0.22 0.19 0.00 0.14 0.12 0.08 0.26 0.20 0.18 0.21 0.22 0.07 0.18 0.13 0.03
0.08 0.27 0.09 0.06 0.12 0.09 0.05 0.14 0.00 0.23 0.17 0.15 0.05 0.29 0.07 0.11 0.22 0.12 0.21 0.17
0.15 0.19 0.17 0.17 0.18 0.16 0.23 0.12 0.23 0.00 0.21 0.38 0.19 0.05 0.19 0.34 0.17 0.12 0.07 0.11
0.19 0.10 0.27 0.12 0.05 0.25 0.22 0.08 0.17 0.21 0.00 0.17 0.23 0.26 0.24 0.18 0.04 0.21 0.18 0.10
0.23 0.25 0.24 0.21 0.20 0.23 0.15 0.26 0.15 0.38 0.17 0.00 0.19 0.43 0.19 0.04 0.21 0.27 0.36 0.27
0.04 0.32 0.04 0.11 0.17 0.04 0.04 0.20 0.05 0.19 0.23 0.19 0.00 0.24 0.02 0.15 0.27 0.08 0.17 0.23
0.21 0.23 0.20 0.23 0.23 0.20 0.28 0.18 0.29 0.05 0.26 0.43 0.24 0.00 0.24 0.40 0.22 0.17 0.07 0.17
0.05 0.34 0.04 0.12 0.19 0.04 0.04 0.21 0.07 0.19 0.24 0.19 0.02 0.24 0.00 0.15 0.29 0.08 0.17 0.24
0.19 0.28 0.20 0.17 0.16 0.20 0.11 0.22 0.11 0.34 0.18 0.04 0.15 0.40 0.15 0.00 0.23 0.23 0.32 0.23
0.23 0.05 0.31 0.17 0.10 0.29 0.27 0.07 0.22 0.17 0.04 0.21 0.27 0.22 0.29 0.23 0.00 0.26 0.20 0.06
0.04 0.31 0.05 0.09 0.16 0.04 0.12 0.18 0.12 0.12 0.21 0.27 0.08 0.17 0.08 0.23 0.26 0.00 0.09 0.21
0.13 0.26 0.12 0.15 0.16 0.12 0.21 0.13 0.21 0.07 0.18 0.36 0.17 0.07 0.17 0.32 0.20 0.09 0.00 0.16
0.19 0.10 0.27 0.12 0.07 0.25 0.22 0.03 0.17 0.11 0.10 0.27 0.23 0.17 0.24 0.23 0.06 0.21 0.16 0.00
Team_tasks_times:
Team 0:
1: 2.00 1000.00 1000.00
2: 2.00 1000.00 1000.00
3: 2.00 1000.00 1000.00
4: 2.00 1000.00 1000.00
5: 2.00 1000.00 1000.00
6: 2.00 1000.00 1000.00
7: 2.00 1000.00 1000.00
8: 2.00 1000.00 1000.00
9: 2.00 1000.00 1000.00
10: 2.00 1000.00 1000.00
11: 2.00 1000.00 1000.00
12: 2.00 1000.00 1000.00
13: 2.00 1000.00 1000.00
14: 2.00 1000.00 1000.00
15: 2.00 1000.00 1000.00
16: 2.00 1000.00 1000.00
17: 2.00 1000.00 1000.00
18: 2.00 1000.00 1000.00
19: 2.00 1000.00 1000.00
Team 1:
1: 1000.00 1.00 1000.00
2: 1000.00 1.00 1000.00
3: 1000.00 1.00 1000.00
4: 1000.00 1.00 1000.00
5: 1000.00 1.00 1000.00
6: 1000.00 1.00 1000.00
7: 1000.00 1.00 1000.00
8: 1000.00 1.00 1000.00
9: 1000.00 1.00 1000.00
10: 1000.00 1.00 1000.00
11: 1000.00 1.00 1000.00
12: 1000.00 1.00 1000.00
13: 1000.00 1.00 1000.00
14: 1000.00 1.00 1000.00
15: 1000.00 1.00 1000.00
16: 1000.00 1.00 1000.00
17: 1000.00 1.00 1000.00
18: 1000.00 1.00 1000.00
19: 1000.00 1.00 1000.00
Team 2:
1: 1000.00 1000.00 2.00
2: 1000.00 1000.00 2.00
3: 1000.00 1000.00 2.00
4: 1000.00 1000.00 2.00
5: 1000.00 1000.00 2.00
6: 1000.00 1000.00 2.00
7: 1000.00 1000.00 2.00
8: 1000.00 1000.00 2.00
9: 1000.00 1000.00 2.00
10: 1000.00 1000.00 2.00
11: 1000.00 1000.00 2.00
12: 1000.00 1000.00 2.00
13: 1000.00 1000.00 2.00
14: 1000.00 1000.00 2.00
15: 1000.00 1000.00 2.00
16: 1000.00 1000.00 2.00
17: 1000.00 1000.00 2.00
18: 1000.00 1000.00 2.00
19: 1000.00 1000.00 2.00
