Number_of_customers: 20
Number_of_teams: 3
Number_of_services: 1
Customers_requested_services:
0 0 0 0 0 0 0 0 0 0 0 0 0 0 0 0 0 0 0
Daily_available_time: 8
Service 0:
Number_of_tasks: 3
Dependencies:
0: 1
1: 
2: 1
Travel_times:
0.00 0.23 0.24 0.04 0.13 0.23 0.12 0.25 0.17 0.12 0.18 0.09 0.15 0.14 0.12 0.07 0.18 0.11 0.09 0.26
0.23 0.00 0.13 0.23 0.23 0.21 0.15 0.25 0.20 0.25 0.06 0.14 0.31 0.09 0.34 0.30 0.20 0.19 0.20 0.04
0.24 0.13 0.00 0.19 0.37 0.12 0.29 0.17 0.11 0.17 0.07 0.15 0.22 0.10 0.26 0.21 0.12 0.12 0.33 0.14
0.04 0.23 0.19 0.00 0.17 0.18 0.13 0.20 0.12 0.08 0.19 0.09 0.10 0.14 0.11 0.07 0.14 0.07 0.14 0.27
0.13 0.23 0.37 0.17 0.00 0.36 0.08 0.37 0.30 0.25 0.30 0.21 0.27 0.27 0.18 0.16 0.31 0.24 0.04 0.23
0.23 0.21 0.12 0.18 0.36 0.00 0.28 0.04 0.06 0.11 0.16 0.15 0.10 0.11 0.18 0.20 0.05 0.12 0.32 0.24
0.12 0.15 0.29 0.13 0.08 0.28 0.00 0.29 0.22 0.17 0.21 0.13 0.20 0.18 0.24 0.19 0.23 0.16 0.04 0.15
0.25 0.25 0.17 0.20 0.37 0.04 0.29 0.00 0.07 0.12 0.21 0.16 0.10 0.16 0.20 0.21 0.06 0.13 0.34 0.29
0.17 0.20 0.11 0.12 0.30 0.06 0.22 0.07 0.00 0.06 0.15 0.09 0.11 0.10 0.15 0.14 0.01 0.06 0.26 0.23
0.12 0.25 0.17 0.08 0.25 0.11 0.17 0.12 0.06 0.00 0.21 0.11 0.06 0.16 0.09 0.10 0.06 0.06 0.22 0.29
0.18 0.06 0.07 0.19 0.30 0.16 0.21 0.21 0.15 0.21 0.00 0.10 0.26 0.05 0.30 0.25 0.15 0.15 0.26 0.08
0.09 0.14 0.15 0.09 0.21 0.15 0.13 0.16 0.09 0.11 0.10 0.00 0.17 0.05 0.20 0.15 0.10 0.05 0.18 0.18
0.15 0.31 0.22 0.10 0.27 0.10 0.20 0.10 0.11 0.06 0.26 0.17 0.00 0.21 0.10 0.12 0.11 0.12 0.24 0.34
0.14 0.09 0.10 0.14 0.27 0.11 0.18 0.16 0.10 0.16 0.05 0.05 0.21 0.00 0.25 0.20 0.11 0.10 0.23 0.13
0.12 0.34 0.26 0.11 0.18 0.18 0.24 0.20 0.15 0.09 0.30 0.20 0.10 0.25 0.00 0.05 0.15 0.15 0.20 0.38
0.07 0.30 0.21 0.07 0.16 0.20 0.19 0.21 0.14 0.10 0.25 0.15 0.12 0.20 0.05 0.00 0.15 0.11 0.15 0.33
0.18 0.20 0.12 0.14 0.31 0.05 0.23 0.06 0.01 0.06 0.15 0.10 0.11 0.11 0.15 0.15 0.00 0.07 0.28 0.24
0.11 0.19 0.12 0.07 0.24 0.12 0.16 0.13 0.06 0.06 0.15 0.05 0.12 0.10 0.15 0.11 0.07 0.00 0.21 0.23
0.09 0.20 0.33 0.14 0.04 0.32 0.04 0.34 0.26 0.22 0.26 0.18 0.24 0.23 0.20 0.15 0.28 0.21 0.00 0.20
0.26 0.04 0.14 0.27 0.23 0.24 0.15 0.29 0.23 0.29 0.08 0.18 0.34 0.13 0.38 0.33 0.24 0.23 0.20 0.00
Team_tasks_times:
Team 0:
1: 2.00 1000.00 1000.00
2: 2.00 1000.00 1000.00
3: 2.00 1000.00 1000.00
4: 2.00 1000.00 1000.00
5: 2.00 1000.00 1000.00
6: 2.00 1000.00 1000.00
7: 2.00 1000.00 1000.00
8: 2.00 1000.00 1000.00
9: 2.00 1000.00 1000.00
10: 2.00 1000.00 1000.00
11: 2.00 1000.00 1000.00
12: 2.00 1000.00 1000.00
13: 2.00 1000.00 1000.00
14: 2.00 1000.00 1000.00
15: 2.00 1000.00 1000.00
16: 2.00 1000.00 1000.00
17: 2.00 1000.00 1000.00
18: 2.00 1000.00 1000.00
19: 2.00 1000.00 1000.00
Team 1:
1: 1000.00 1.00 1000.00
2: 1000.00 1.00 1000.00
3: 1000.00 1.00 1000.00
4: 1000.00 1.00 1000.00
5: 1000.00 1.00 1000.00
6: 1000.00 1.00 1000.00
7: 1000.00 1.00 1000.00
8: 1000.00 1.00 1000.00
9: 1000.00 1.00 1000.00
10: 1000.00 1.00 1000.00
11: 1000.00 1.00 1000.00
12: 1000.00 1.00 1000.00
13: 1000.00 1.00 1000.00
14: 1000.00 1.00 1000.00
15: 1000.00 1.00 1000.00
16: 1000.00 1.00 1000.00
17: 1000.00 1.00 1000.00
18: 1000.00 1.00 1000.00
19: 1000.00 1.00 1000.00
Team 2:
1: 1000.00 1000.00 1.00
2: 1000.00 1000.00 1.00
3: 1000.00 1000.00 1.00
4: 1000.00 1000.00 1.00
5: 1000.00 1000.00 1.00
6: 1000.00 1000.00 1.00
7: 1000.00 1000.00 1.00
8: 1000.00 1000.00 1.00
9: 1000.00 1000.00 1.00
10: 1000.00 1000.00 1.00
11: 1000.00 1000.00 1.00
12: 1000.00 1000.00 1.00
13: 1000.00 1000.00 1.00
14: 1000.00 1000.00 1.00
15: 1000.00 1000.00 1.00
16: 1000.00 1000.00 1.00
17: 1000.00 1000.00 1.00
18: 1000.00 1000.00 1.00
19: 1000.00 1000.00 1.00
