Number_of_customers: 20
Number_of_teams: 3
Number_of_services: 1
Customers_requested_services:
0 0 0 0 0 0 0 0 0 0 0 0 0 0 0 0 0 0 0
Daily_available_time: 8
Service 0:
Number_of_tasks: 3
Dependencies:
0: 
1: 0 2
2: 
Travel_times:
0.00 0.12 0.15 0.05 0.10 0.11 0.11 0.13 0.15 0.15 0.13 0.17 0.02 0.10 0.18 0.11 0.04 0.17 0.09 0.13
0.12 0.00 0.27 0.07 0.07 0.23 0.14 0.25 0.26 0.27 0.21 0.19 0.11 0.10 0.30 0.17 0.08 0.17 0.17 0.05
0.15 0.27 0.00 0.20 0.25 0.12 0.17 0.02 0.02 0.15 0.19 0.24 0.16 0.19 0.03 0.10 0.19 0.13 0.10 0.29
0.05 0.07 0.20 0.00 0.05 0.15 0.07 0.18 0.19 0.20 0.14 0.13 0.06 0.14 0.23 0.15 0.07 0.21 0.13 0.09
0.10 0.07 0.25 0.05 0.00 0.20 0.11 0.23 0.24 0.25 0.18 0.17 0.10 0.17 0.27 0.19 0.11 0.25 0.17 0.12
0.11 0.23 0.12 0.15 0.20 0.00 0.09 0.12 0.10 0.05 0.07 0.11 0.12 0.16 0.15 0.17 0.15 0.23 0.15 0.24
0.11 0.14 0.17 0.07 0.11 0.09 0.00 0.17 0.15 0.14 0.07 0.07 0.12 0.20 0.19 0.22 0.14 0.27 0.19 0.15
0.13 0.25 0.02 0.18 0.23 0.12 0.17 0.00 0.02 0.15 0.19 0.23 0.14 0.17 0.04 0.08 0.17 0.11 0.08 0.27
0.15 0.26 0.02 0.19 0.24 0.10 0.15 0.02 0.00 0.13 0.17 0.21 0.15 0.18 0.04 0.10 0.18 0.12 0.09 0.28
0.15 0.27 0.15 0.20 0.25 0.05 0.14 0.15 0.13 0.00 0.07 0.08 0.16 0.19 0.17 0.20 0.20 0.26 0.17 0.29
0.13 0.21 0.19 0.14 0.18 0.07 0.07 0.19 0.17 0.07 0.00 0.04 0.15 0.23 0.21 0.24 0.16 0.30 0.21 0.22
0.17 0.19 0.24 0.13 0.17 0.11 0.07 0.23 0.21 0.08 0.04 0.00 0.19 0.27 0.26 0.28 0.20 0.34 0.26 0.21
0.02 0.11 0.16 0.06 0.10 0.12 0.12 0.14 0.15 0.16 0.15 0.19 0.00 0.08 0.18 0.09 0.03 0.15 0.07 0.12
0.10 0.10 0.19 0.14 0.17 0.16 0.20 0.17 0.18 0.19 0.23 0.27 0.08 0.00 0.21 0.09 0.07 0.07 0.09 0.10
0.18 0.30 0.03 0.23 0.27 0.15 0.19 0.04 0.04 0.17 0.21 0.26 0.18 0.21 0.00 0.13 0.22 0.15 0.12 0.31
0.11 0.17 0.10 0.15 0.19 0.17 0.22 0.08 0.10 0.20 0.24 0.28 0.09 0.09 0.13 0.00 0.09 0.06 0.03 0.18
0.04 0.08 0.19 0.07 0.11 0.15 0.14 0.17 0.18 0.20 0.16 0.20 0.03 0.07 0.22 0.09 0.00 0.14 0.10 0.09
0.17 0.17 0.13 0.21 0.25 0.23 0.27 0.11 0.12 0.26 0.30 0.34 0.15 0.07 0.15 0.06 0.14 0.00 0.08 0.16
0.09 0.17 0.10 0.13 0.17 0.15 0.19 0.08 0.09 0.17 0.21 0.26 0.07 0.09 0.12 0.03 0.10 0.08 0.00 0.19
0.13 0.05 0.29 0.09 0.12 0.24 0.15 0.27 0.28 0.29 0.22 0.21 0.12 0.10 0.31 0.18 0.09 0.16 0.19 0.00
Team_tasks_times:
Team 0:
1: 0.75 1000.00 1000.00
2: 0.75 1000.00 1000.00
3: 0.75 1000.00 1000.00
4: 0.75 1000.00 1000.00
5: 0.75 1000.00 1000.00
6: 0.75 1000.00 1000.00
7: 0.75 1000.00 1000.00
8: 0.75 1000.00 1000.00
9: 0.75 1000.00 1000.00
10: 0.75 1000.00 1000.00
11: 0.75 1000.00 1000.00
12: 0.75 1000.00 1000.00
13: 0.75 1000.00 1000.00
14: 0.75 1000.00 1000.00
15: 0.75 1000.00 1000.00
16: 0.75 1000.00 1000.00
17: 0.75 1000.00 1000.00
18: 0.75 1000.00 1000.00
19: 0.75 1000.00 1000.00
Team 1:
1: 1000.00 4.00 1000.00
2: 1000.00 4.00 1000.00
3: 1000.00 4.00 1000.00
4: 1000.00 4.00 1000.00
5: 1000.00 4.00 1000.00
6: 1000.00 4.00 1000.00
7: 1000.00 4.00 1000.00
8: 1000.00 4.00 1000.00
9: 1000.00 4.00 1000.00
10: 1000.00 4.00 1000.00
11: 1000.00 4.00 1000.00
12: 1000.00 4.00 1000.00
13: 1000.00 4.00 1000.00
14: 1000.00 4.00 1000.00
15: 1000.00 4.00 1000.00
16: 1000.00 4.00 1000.00
17: 1000.00 4.00 1000.00
18: 1000.00 4.00 1000.00
19: 1000.00 4.00 1000.00
Team 2:
1: 1000.00 1000.00 0.50
2: 1000.00 1000.00 0.50
3: 1000.00 1000.00 0.50
4: 1000.00 1000.00 0.50
5: 1000.00 1000.00 0.50
6: 1000.00 1000.00 0.50
7: 1000.00 1000.00 0.50
8: 1000.00 1000.00 0.50
9: 1000.00 1000.00 0.50
10: 1000.00 1000.00 0.50
11: 1000.00 1000.00 0.50
12: 1000.00 1000.00 0.50
13: 1000.00 1000.00 0.50
14: 1000.00 1000.00 0.50
15: 1000.00 1000.00 0.50
16: 1000.00 1000.00 0.50
17: 1000.00 1000.00 0.50
18: 1000.00 1000.00 0.50
19: 1000.00 1000.00 0.50
