Number_of_customers: 25
Number_of_teams: 3
Number_of_services: 3
Customers_requested_services:
1 1 2 2 2 2 0 1 2 2 0 2 2 0 1 0 1 1 2 2 0 2 1 1
Daily_available_time: 8
Service 0:
Number_of_tasks: 1
Dependencies:
0: 
Service 1:
Number_of_tasks: 3
Dependencies:
0: 2
1: 
2: 1
Service 2:
Number_of_tasks: 5
Dependencies:
0: 
1: 0
2: 0
3: 0
4: 1 2 3
Travel_times:
0.00 0.30 0.17 0.25 0.15 0.07 0.14 0.08 0.07 0.18 0.12 0.24 0.26 0.11 0.29 0.24 0.07 0.18 0.18 0.15 0.26 0.12 0.10 0.16 0.05
0.30 0.00 0.30 0.06 0.15 0.35 0.21 0.22 0.28 0.26 0.37 0.18 0.20 0.19 0.12 0.07 0.37 0.14 0.21 0.34 0.09 0.21 0.20 0.14 0.25
0.17 0.30 0.00 0.25 0.16 0.10 0.23 0.16 0.10 0.04 0.07 0.12 0.10 0.13 0.29 0.25 0.12 0.16 0.23 0.04 0.27 0.10 0.12 0.16 0.12
0.25 0.06 0.25 0.00 0.09 0.30 0.26 0.19 0.22 0.21 0.31 0.13 0.15 0.16 0.16 0.02 0.32 0.09 0.26 0.28 0.14 0.15 0.15 0.11 0.20
0.15 0.15 0.16 0.09 0.00 0.21 0.17 0.11 0.13 0.12 0.22 0.13 0.15 0.08 0.13 0.10 0.23 0.07 0.17 0.19 0.11 0.06 0.07 0.03 0.11
0.07 0.35 0.10 0.30 0.21 0.00 0.19 0.14 0.08 0.11 0.06 0.17 0.20 0.16 0.34 0.30 0.02 0.21 0.23 0.09 0.32 0.15 0.15 0.21 0.10
0.14 0.21 0.23 0.26 0.17 0.19 0.00 0.07 0.13 0.24 0.20 0.30 0.32 0.10 0.15 0.28 0.21 0.24 0.04 0.21 0.13 0.18 0.10 0.15 0.11
0.08 0.22 0.16 0.19 0.11 0.14 0.07 0.00 0.06 0.17 0.15 0.24 0.26 0.03 0.20 0.21 0.15 0.17 0.10 0.15 0.18 0.11 0.04 0.08 0.04
0.07 0.28 0.10 0.22 0.13 0.08 0.13 0.06 0.00 0.11 0.09 0.17 0.19 0.08 0.26 0.22 0.10 0.14 0.15 0.08 0.24 0.07 0.07 0.13 0.02
0.18 0.26 0.04 0.21 0.12 0.11 0.24 0.17 0.11 0.00 0.11 0.08 0.09 0.14 0.25 0.21 0.13 0.12 0.24 0.07 0.23 0.06 0.14 0.12 0.12
0.12 0.37 0.07 0.31 0.22 0.06 0.20 0.15 0.09 0.11 0.00 0.18 0.17 0.17 0.35 0.31 0.08 0.23 0.25 0.03 0.33 0.16 0.17 0.23 0.12
0.24 0.18 0.12 0.13 0.13 0.17 0.30 0.24 0.17 0.08 0.18 0.00 0.02 0.21 0.21 0.12 0.20 0.06 0.30 0.15 0.18 0.12 0.20 0.15 0.19
0.26 0.20 0.10 0.15 0.15 0.20 0.32 0.26 0.19 0.09 0.17 0.02 0.00 0.23 0.23 0.15 0.22 0.08 0.32 0.14 0.21 0.15 0.22 0.17 0.21
0.11 0.19 0.13 0.16 0.08 0.16 0.10 0.03 0.08 0.14 0.17 0.21 0.23 0.00 0.18 0.18 0.18 0.14 0.10 0.15 0.15 0.08 0.01 0.05 0.06
0.29 0.12 0.29 0.16 0.13 0.34 0.15 0.20 0.26 0.25 0.35 0.21 0.23 0.18 0.00 0.18 0.36 0.15 0.11 0.32 0.02 0.19 0.19 0.13 0.24
0.24 0.07 0.25 0.02 0.10 0.30 0.28 0.21 0.22 0.21 0.31 0.12 0.15 0.18 0.18 0.00 0.31 0.08 0.28 0.28 0.16 0.15 0.17 0.13 0.20
0.07 0.37 0.12 0.32 0.23 0.02 0.21 0.15 0.10 0.13 0.08 0.20 0.22 0.18 0.36 0.31 0.00 0.23 0.25 0.11 0.33 0.16 0.17 0.23 0.12
0.18 0.14 0.16 0.09 0.07 0.21 0.24 0.17 0.14 0.12 0.23 0.06 0.08 0.14 0.15 0.08 0.23 0.00 0.24 0.20 0.12 0.07 0.14 0.09 0.13
0.18 0.21 0.23 0.26 0.17 0.23 0.04 0.10 0.15 0.24 0.25 0.30 0.32 0.10 0.11 0.28 0.25 0.24 0.00 0.22 0.12 0.18 0.10 0.15 0.13
0.15 0.34 0.04 0.28 0.19 0.09 0.21 0.15 0.08 0.07 0.03 0.15 0.14 0.15 0.32 0.28 0.11 0.20 0.22 0.00 0.30 0.13 0.14 0.20 0.10
0.26 0.09 0.27 0.14 0.11 0.32 0.13 0.18 0.24 0.23 0.33 0.18 0.21 0.15 0.02 0.16 0.33 0.12 0.12 0.30 0.00 0.17 0.17 0.11 0.21
0.12 0.21 0.10 0.15 0.06 0.15 0.18 0.11 0.07 0.06 0.16 0.12 0.15 0.08 0.19 0.15 0.16 0.07 0.18 0.13 0.17 0.00 0.07 0.07 0.07
0.10 0.20 0.12 0.15 0.07 0.15 0.10 0.04 0.07 0.14 0.17 0.20 0.22 0.01 0.19 0.17 0.17 0.14 0.10 0.14 0.17 0.07 0.00 0.06 0.05
0.16 0.14 0.16 0.11 0.03 0.21 0.15 0.08 0.13 0.12 0.23 0.15 0.17 0.05 0.13 0.13 0.23 0.09 0.15 0.20 0.11 0.07 0.06 0.00 0.11
0.05 0.25 0.12 0.20 0.11 0.10 0.11 0.04 0.02 0.12 0.12 0.19 0.21 0.06 0.24 0.20 0.12 0.13 0.13 0.10 0.21 0.07 0.05 0.11 0.00
Team_tasks_times:
Team 0:
1: 1.00 3.00 1.00
2: 1.00 3.00 1.00
3: 0.75 2.00 1.00 0.50 2.00
4: 0.75 2.00 1.00 0.50 2.00
5: 0.75 2.00 1.00 0.50 2.00
6: 0.75 2.00 1.00 0.50 2.00
7: 0.75
8: 1.00 3.00 1.00
9: 0.75 2.00 1.00 0.50 2.00
10: 0.75 2.00 1.00 0.50 2.00
11: 0.75
12: 0.75 2.00 1.00 0.50 2.00
13: 0.75 2.00 1.00 0.50 2.00
14: 0.75
15: 1.00 3.00 1.00
16: 0.75
17: 1.00 3.00 1.00
18: 1.00 3.00 1.00
19: 0.75 2.00 1.00 0.50 2.00
20: 0.75 2.00 1.00 0.50 2.00
21: 0.75
22: 0.75 2.00 1.00 0.50 2.00
23: 1.00 3.00 1.00
24: 1.00 3.00 1.00
Team 1:
1: 4.00 1.50 1.00
2: 4.00 1.50 1.00
3: 1.50 4.00 0.50 2.00 0.50
4: 1.50 4.00 0.50 2.00 0.50
5: 1.50 4.00 0.50 2.00 0.50
6: 1.50 4.00 0.50 2.00 0.50
7: 3.00
8: 4.00 1.50 1.00
9: 1.50 4.00 0.50 2.00 0.50
10: 1.50 4.00 0.50 2.00 0.50
11: 3.00
12: 1.50 4.00 0.50 2.00 0.50
13: 1.50 4.00 0.50 2.00 0.50
14: 3.00
15: 4.00 1.50 1.00
16: 3.00
17: 4.00 1.50 1.00
18: 4.00 1.50 1.00
19: 1.50 4.00 0.50 2.00 0.50
20: 1.50 4.00 0.50 2.00 0.50
21: 3.00
22: 1.50 4.00 0.50 2.00 0.50
23: 4.00 1.50 1.00
24: 4.00 1.50 1.00
Team 2:
1: 2.00 1.50 1.00
2: 2.00 1.50 1.00
3: 3.00 4.00 0.50 0.50 2.00
4: 3.00 4.00 0.50 0.50 2.00
5: 3.00 4.00 0.50 0.50 2.00
6: 3.00 4.00 0.50 0.50 2.00
7: 3.00
8: 2.00 1.50 1.00
9: 3.00 4.00 0.50 0.50 2.00
10: 3.00 4.00 0.50 0.50 2.00
11: 3.00
12: 3.00 4.00 0.50 0.50 2.00
13: 3.00 4.00 0.50 0.50 2.00
14: 3.00
15: 2.00 1.50 1.00
16: 3.00
17: 2.00 1.50 1.00
18: 2.00 1.50 1.00
19: 3.00 4.00 0.50 0.50 2.00
20: 3.00 4.00 0.50 0.50 2.00
21: 3.00
22: 3.00 4.00 0.50 0.50 2.00
23: 2.00 1.50 1.00
24: 2.00 1.50 1.00
