Number_of_customers: 25
Number_of_teams: 3
Number_of_services: 3
Customers_requested_services:
0 1 1 2 1 0 2 0 1 1 1 0 1 1 1 2 1 2 2 2 2 0 2 2
Daily_available_time: 8
Service 0:
Number_of_tasks: 1
Dependencies:
0: 
Service 1:
Number_of_tasks: 3
Dependencies:
0: 2
1: 2
2: 
Service 2:
Number_of_tasks: 5
Dependencies:
0: 
1: 0 2
2: 
3: 0 2
4: 0 2
Travel_times:
0.00 0.21 0.21 0.16 0.19 0.21 0.12 0.28 0.31 0.10 0.18 0.27 0.13 0.05 0.10 0.04 0.17 0.17 0.18 0.03 0.15 0.10 0.14 0.10 0.12
0.21 0.00 0.23 0.05 0.14 0.17 0.25 0.07 0.12 0.28 0.04 0.13 0.19 0.16 0.23 0.25 0.10 0.08 0.20 0.23 0.25 0.32 0.20 0.23 0.25
0.21 0.23 0.00 0.18 0.29 0.31 0.12 0.17 0.11 0.27 0.23 0.10 0.07 0.15 0.14 0.24 0.14 0.27 0.29 0.22 0.25 0.31 0.24 0.11 0.17
0.16 0.05 0.18 0.00 0.11 0.13 0.20 0.12 0.15 0.23 0.04 0.11 0.14 0.11 0.18 0.20 0.05 0.09 0.14 0.18 0.20 0.26 0.14 0.18 0.21
0.19 0.14 0.29 0.11 0.00 0.03 0.31 0.20 0.23 0.14 0.10 0.19 0.25 0.16 0.28 0.21 0.15 0.06 0.06 0.21 0.11 0.18 0.06 0.29 0.31
0.21 0.17 0.31 0.13 0.03 0.00 0.33 0.23 0.26 0.11 0.13 0.22 0.27 0.18 0.31 0.24 0.17 0.09 0.03 0.24 0.08 0.17 0.07 0.31 0.33
0.12 0.25 0.12 0.20 0.31 0.33 0.00 0.20 0.23 0.21 0.24 0.18 0.06 0.15 0.02 0.12 0.15 0.29 0.30 0.10 0.27 0.18 0.26 0.02 0.05
0.28 0.07 0.17 0.12 0.20 0.23 0.20 0.00 0.07 0.34 0.10 0.08 0.15 0.23 0.21 0.32 0.11 0.15 0.26 0.30 0.31 0.38 0.26 0.18 0.25
0.31 0.12 0.11 0.15 0.23 0.26 0.23 0.07 0.00 0.37 0.13 0.04 0.18 0.26 0.24 0.34 0.14 0.17 0.29 0.33 0.34 0.41 0.29 0.21 0.28
0.10 0.28 0.27 0.23 0.14 0.11 0.21 0.34 0.37 0.00 0.24 0.33 0.19 0.12 0.19 0.12 0.23 0.20 0.09 0.12 0.06 0.06 0.08 0.20 0.22
0.18 0.04 0.23 0.04 0.10 0.13 0.24 0.10 0.13 0.24 0.00 0.13 0.18 0.13 0.22 0.21 0.09 0.04 0.16 0.20 0.21 0.28 0.16 0.23 0.25
0.27 0.13 0.10 0.11 0.19 0.22 0.18 0.08 0.04 0.33 0.13 0.00 0.14 0.21 0.20 0.30 0.10 0.17 0.25 0.29 0.30 0.37 0.25 0.17 0.24
0.13 0.19 0.07 0.14 0.25 0.27 0.06 0.15 0.18 0.19 0.18 0.14 0.00 0.09 0.06 0.17 0.10 0.23 0.25 0.15 0.21 0.23 0.20 0.04 0.10
0.05 0.16 0.15 0.11 0.16 0.18 0.15 0.23 0.26 0.12 0.13 0.21 0.09 0.00 0.12 0.09 0.12 0.14 0.16 0.07 0.12 0.15 0.11 0.13 0.15
0.10 0.23 0.14 0.18 0.28 0.31 0.02 0.21 0.24 0.19 0.22 0.20 0.06 0.12 0.00 0.11 0.13 0.27 0.28 0.09 0.25 0.17 0.24 0.03 0.04
0.04 0.25 0.24 0.20 0.21 0.24 0.12 0.32 0.34 0.12 0.21 0.30 0.17 0.09 0.11 0.00 0.21 0.20 0.21 0.02 0.18 0.07 0.17 0.13 0.10
0.17 0.10 0.14 0.05 0.15 0.17 0.15 0.11 0.14 0.23 0.09 0.10 0.10 0.12 0.13 0.21 0.00 0.14 0.15 0.19 0.20 0.27 0.15 0.14 0.16
0.17 0.08 0.27 0.09 0.06 0.09 0.29 0.15 0.17 0.20 0.04 0.17 0.23 0.14 0.27 0.20 0.14 0.00 0.12 0.20 0.17 0.24 0.12 0.27 0.29
0.18 0.20 0.29 0.14 0.06 0.03 0.30 0.26 0.29 0.09 0.16 0.25 0.25 0.16 0.28 0.21 0.15 0.12 0.00 0.21 0.05 0.15 0.04 0.29 0.31
0.03 0.23 0.22 0.18 0.21 0.24 0.10 0.30 0.33 0.12 0.20 0.29 0.15 0.07 0.09 0.02 0.19 0.20 0.21 0.00 0.18 0.08 0.17 0.11 0.10
0.15 0.25 0.25 0.20 0.11 0.08 0.27 0.31 0.34 0.06 0.21 0.30 0.21 0.12 0.25 0.18 0.20 0.17 0.05 0.18 0.00 0.11 0.05 0.25 0.28
0.10 0.32 0.31 0.26 0.18 0.17 0.18 0.38 0.41 0.06 0.28 0.37 0.23 0.15 0.17 0.07 0.27 0.24 0.15 0.08 0.11 0.00 0.12 0.20 0.16
0.14 0.20 0.24 0.14 0.06 0.07 0.26 0.26 0.29 0.08 0.16 0.25 0.20 0.11 0.24 0.17 0.15 0.12 0.04 0.17 0.05 0.12 0.00 0.24 0.26
0.10 0.23 0.11 0.18 0.29 0.31 0.02 0.18 0.21 0.20 0.23 0.17 0.04 0.13 0.03 0.13 0.14 0.27 0.29 0.11 0.25 0.20 0.24 0.00 0.06
0.12 0.25 0.17 0.21 0.31 0.33 0.05 0.25 0.28 0.22 0.25 0.24 0.10 0.15 0.04 0.10 0.16 0.29 0.31 0.10 0.28 0.16 0.26 0.06 0.00
Team_tasks_times:
Team 0:
1: 1.50
2: 1.00 1.00 3.00
3: 1.00 1.00 3.00
4: 2.00 0.75 0.75 0.75 1.00
5: 1.00 1.00 3.00
6: 1.50
7: 2.00 0.75 0.75 0.75 1.00
8: 1.50
9: 1.00 1.00 3.00
10: 1.00 1.00 3.00
11: 1.00 1.00 3.00
12: 1.50
13: 1.00 1.00 3.00
14: 1.00 1.00 3.00
15: 1.00 1.00 3.00
16: 2.00 0.75 0.75 0.75 1.00
17: 1.00 1.00 3.00
18: 2.00 0.75 0.75 0.75 1.00
19: 2.00 0.75 0.75 0.75 1.00
20: 2.00 0.75 0.75 0.75 1.00
21: 2.00 0.75 0.75 0.75 1.00
22: 1.50
23: 2.00 0.75 0.75 0.75 1.00
24: 2.00 0.75 0.75 0.75 1.00
Team 1:
1: 3.00
2: 1.00 0.50 1.50
3: 1.00 0.50 1.50
4: 2.00 1.50 0.75 1.50 0.25
5: 1.00 0.50 1.50
6: 3.00
7: 2.00 1.50 0.75 1.50 0.25
8: 3.00
9: 1.00 0.50 1.50
10: 1.00 0.50 1.50
11: 1.00 0.50 1.50
12: 3.00
13: 1.00 0.50 1.50
14: 1.00 0.50 1.50
15: 1.00 0.50 1.50
16: 2.00 1.50 0.75 1.50 0.25
17: 1.00 0.50 1.50
18: 2.00 1.50 0.75 1.50 0.25
19: 2.00 1.50 0.75 1.50 0.25
20: 2.00 1.50 0.75 1.50 0.25
21: 2.00 1.50 0.75 1.50 0.25
22: 3.00
23: 2.00 1.50 0.75 1.50 0.25
24: 2.00 1.50 0.75 1.50 0.25
Team 2:
1: 0.75
2: 2.00 0.50 1.50
3: 2.00 0.50 1.50
4: 4.00 0.75 3.00 0.75 1.00
5: 2.00 0.50 1.50
6: 0.75
7: 4.00 0.75 3.00 0.75 1.00
8: 0.75
9: 2.00 0.50 1.50
10: 2.00 0.50 1.50
11: 2.00 0.50 1.50
12: 0.75
13: 2.00 0.50 1.50
14: 2.00 0.50 1.50
15: 2.00 0.50 1.50
16: 4.00 0.75 3.00 0.75 1.00
17: 2.00 0.50 1.50
18: 4.00 0.75 3.00 0.75 1.00
19: 4.00 0.75 3.00 0.75 1.00
20: 4.00 0.75 3.00 0.75 1.00
21: 4.00 0.75 3.00 0.75 1.00
22: 0.75
23: 4.00 0.75 3.00 0.75 1.00
24: 4.00 0.75 3.00 0.75 1.00
