Number_of_customers: 25
Number_of_teams: 3
Number_of_services: 3
Customers_requested_services:
2 2 0 1 2 1 0 1 0 0 0 1 1 1 0 1 2 1 0 2 0 0 1 2
Daily_available_time: 8
Service 0:
Number_of_tasks: 1
Dependencies:
0: 
Service 1:
Number_of_tasks: 3
Dependencies:
0: 1 2
1: 
2: 
Service 2:
Number_of_tasks: 5
Dependencies:
0: 
1: 
2: 4
3: 
4: 0 1 3
Travel_times:
0.00 0.10 0.26 0.18 0.07 0.18 0.37 0.18 0.16 0.35 0.12 0.21 0.29 0.35 0.22 0.29 0.23 0.13 0.26 0.15 0.19 0.28 0.15 0.23 0.24
0.10 0.00 0.30 0.10 0.11 0.08 0.27 0.23 0.12 0.25 0.17 0.26 0.19 0.25 0.26 0.33 0.23 0.06 0.16 0.06 0.23 0.18 0.15 0.13 0.14
0.26 0.30 0.00 0.20 0.19 0.36 0.25 0.07 0.42 0.17 0.14 0.04 0.23 0.25 0.05 0.03 0.07 0.36 0.31 0.36 0.07 0.33 0.15 0.38 0.26
0.18 0.10 0.20 0.00 0.12 0.15 0.18 0.13 0.21 0.17 0.09 0.16 0.11 0.17 0.17 0.23 0.13 0.15 0.11 0.16 0.14 0.12 0.06 0.17 0.06
0.07 0.11 0.19 0.12 0.00 0.17 0.30 0.12 0.23 0.29 0.06 0.15 0.22 0.28 0.15 0.22 0.17 0.17 0.19 0.17 0.12 0.22 0.09 0.18 0.17
0.18 0.08 0.36 0.15 0.17 0.00 0.18 0.29 0.06 0.20 0.22 0.31 0.12 0.17 0.32 0.39 0.29 0.05 0.07 0.03 0.29 0.10 0.21 0.05 0.10
0.37 0.27 0.25 0.18 0.30 0.18 0.00 0.25 0.20 0.10 0.28 0.21 0.08 0.02 0.25 0.28 0.18 0.23 0.11 0.21 0.21 0.09 0.21 0.14 0.13
0.18 0.23 0.07 0.13 0.12 0.29 0.25 0.00 0.34 0.23 0.06 0.08 0.17 0.23 0.04 0.10 0.12 0.28 0.24 0.29 0.04 0.26 0.07 0.30 0.19
0.16 0.12 0.42 0.21 0.23 0.06 0.20 0.34 0.00 0.26 0.28 0.37 0.18 0.18 0.38 0.44 0.35 0.06 0.10 0.05 0.35 0.12 0.27 0.07 0.15
0.35 0.25 0.17 0.17 0.29 0.20 0.10 0.23 0.26 0.00 0.26 0.15 0.08 0.09 0.23 0.18 0.12 0.21 0.16 0.21 0.19 0.17 0.19 0.22 0.11
0.12 0.17 0.14 0.09 0.06 0.22 0.28 0.06 0.28 0.26 0.00 0.11 0.20 0.26 0.10 0.16 0.15 0.22 0.18 0.23 0.07 0.19 0.07 0.24 0.15
0.21 0.26 0.04 0.16 0.15 0.31 0.21 0.08 0.37 0.15 0.11 0.00 0.19 0.20 0.08 0.07 0.04 0.31 0.27 0.32 0.04 0.28 0.10 0.33 0.21
0.29 0.19 0.23 0.11 0.22 0.12 0.08 0.17 0.18 0.08 0.20 0.19 0.00 0.06 0.20 0.26 0.16 0.15 0.08 0.13 0.17 0.10 0.13 0.14 0.05
0.35 0.25 0.25 0.17 0.28 0.17 0.02 0.23 0.18 0.09 0.26 0.20 0.06 0.00 0.23 0.28 0.18 0.21 0.09 0.19 0.18 0.08 0.19 0.13 0.11
0.22 0.26 0.05 0.17 0.15 0.32 0.25 0.04 0.38 0.23 0.10 0.08 0.20 0.23 0.00 0.07 0.11 0.32 0.28 0.33 0.04 0.29 0.11 0.34 0.22
0.29 0.33 0.03 0.23 0.22 0.39 0.28 0.10 0.44 0.18 0.16 0.07 0.26 0.28 0.07 0.00 0.10 0.38 0.34 0.39 0.10 0.36 0.17 0.40 0.29
0.23 0.23 0.07 0.13 0.17 0.29 0.18 0.12 0.35 0.12 0.15 0.04 0.16 0.18 0.11 0.10 0.00 0.29 0.24 0.29 0.07 0.26 0.08 0.31 0.19
0.13 0.06 0.36 0.15 0.17 0.05 0.23 0.28 0.06 0.21 0.22 0.31 0.15 0.21 0.32 0.38 0.29 0.00 0.12 0.02 0.29 0.15 0.21 0.10 0.11
0.26 0.16 0.31 0.11 0.19 0.07 0.11 0.24 0.10 0.16 0.18 0.27 0.08 0.09 0.28 0.34 0.24 0.12 0.00 0.10 0.25 0.03 0.17 0.06 0.05
0.15 0.06 0.36 0.16 0.17 0.03 0.21 0.29 0.05 0.21 0.23 0.32 0.13 0.19 0.33 0.39 0.29 0.02 0.10 0.00 0.30 0.12 0.21 0.07 0.10
0.19 0.23 0.07 0.14 0.12 0.29 0.21 0.04 0.35 0.19 0.07 0.04 0.17 0.18 0.04 0.10 0.07 0.29 0.25 0.30 0.00 0.26 0.08 0.31 0.19
0.28 0.18 0.33 0.12 0.22 0.10 0.09 0.26 0.12 0.17 0.19 0.28 0.10 0.08 0.29 0.36 0.26 0.15 0.03 0.12 0.26 0.00 0.18 0.05 0.07
0.15 0.15 0.15 0.06 0.09 0.21 0.21 0.07 0.27 0.19 0.07 0.10 0.13 0.19 0.11 0.17 0.08 0.21 0.17 0.21 0.08 0.18 0.00 0.23 0.11
0.23 0.13 0.38 0.17 0.18 0.05 0.14 0.30 0.07 0.22 0.24 0.33 0.14 0.13 0.34 0.40 0.31 0.10 0.06 0.07 0.31 0.05 0.23 0.00 0.12
0.24 0.14 0.26 0.06 0.17 0.10 0.13 0.19 0.15 0.11 0.15 0.21 0.05 0.11 0.22 0.29 0.19 0.11 0.05 0.10 0.19 0.07 0.11 0.12 0.00
Team_tasks_times:
Team 0:
1: 1.00 1.00 1.00 1.00 1.00
2: 1.00 1.00 1.00 1.00 1.00
3: 1.00
4: 2.00 0.75 1.00
5: 1.00 1.00 1.00 1.00 1.00
6: 2.00 0.75 1.00
7: 1.00
8: 2.00 0.75 1.00
9: 1.00
10: 1.00
11: 1.00
12: 2.00 0.75 1.00
13: 2.00 0.75 1.00
14: 2.00 0.75 1.00
15: 1.00
16: 2.00 0.75 1.00
17: 1.00 1.00 1.00 1.00 1.00
18: 2.00 0.75 1.00
19: 1.00
20: 1.00 1.00 1.00 1.00 1.00
21: 1.00
22: 1.00
23: 2.00 0.75 1.00
24: 1.00 1.00 1.00 1.00 1.00
Team 1:
1: 0.50 4.00 2.00 0.25 4.00
2: 0.50 4.00 2.00 0.25 4.00
3: 2.00
4: 4.00 3.00 2.00
5: 0.50 4.00 2.00 0.25 4.00
6: 4.00 3.00 2.00
7: 2.00
8: 4.00 3.00 2.00
9: 2.00
10: 2.00
11: 2.00
12: 4.00 3.00 2.00
13: 4.00 3.00 2.00
14: 4.00 3.00 2.00
15: 2.00
16: 4.00 3.00 2.00
17: 0.50 4.00 2.00 0.25 4.00
18: 4.00 3.00 2.00
19: 2.00
20: 0.50 4.00 2.00 0.25 4.00
21: 2.00
22: 2.00
23: 4.00 3.00 2.00
24: 0.50 4.00 2.00 0.25 4.00
Team 2:
1: 1.00 2.00 1.00 0.25 4.00
2: 1.00 2.00 1.00 0.25 4.00
3: 4.00
4: 4.00 3.00 1.00
5: 1.00 2.00 1.00 0.25 4.00
6: 4.00 3.00 1.00
7: 4.00
8: 4.00 3.00 1.00
9: 4.00
10: 4.00
11: 4.00
12: 4.00 3.00 1.00
13: 4.00 3.00 1.00
14: 4.00 3.00 1.00
15: 4.00
16: 4.00 3.00 1.00
17: 1.00 2.00 1.00 0.25 4.00
18: 4.00 3.00 1.00
19: 4.00
20: 1.00 2.00 1.00 0.25 4.00
21: 4.00
22: 4.00
23: 4.00 3.00 1.00
24: 1.00 2.00 1.00 0.25 4.00
