Number_of_customers: 25
Number_of_teams: 3
Number_of_services: 3
Customers_requested_services:
0 1 2 1 1 0 0 2 0 2 2 1 1 0 2 0 0 2 2 1 0 0 2 2
Daily_available_time: 8
Service 0:
Number_of_tasks: 1
Dependencies:
0: 
Service 1:
Number_of_tasks: 3
Dependencies:
0: 
1: 0 2
2: 
Service 2:
Number_of_tasks: 5
Dependencies:
0: 4
1: 4
2: 4
3: 4
4: 
Travel_times:
0.00 0.09 0.03 0.11 0.21 0.20 0.11 0.13 0.20 0.32 0.21 0.07 0.08 0.23 0.08 0.17 0.09 0.17 0.06 0.23 0.01 0.08 0.19 0.04 0.21
0.09 0.00 0.11 0.02 0.30 0.18 0.12 0.14 0.18 0.31 0.20 0.14 0.17 0.32 0.04 0.26 0.10 0.26 0.04 0.21 0.09 0.14 0.28 0.14 0.19
0.03 0.11 0.00 0.13 0.19 0.17 0.08 0.15 0.17 0.30 0.19 0.04 0.06 0.21 0.10 0.15 0.12 0.15 0.07 0.20 0.02 0.11 0.17 0.03 0.18
0.11 0.02 0.13 0.00 0.32 0.19 0.14 0.14 0.19 0.32 0.21 0.16 0.19 0.34 0.03 0.28 0.11 0.28 0.06 0.22 0.11 0.15 0.30 0.15 0.20
0.21 0.30 0.19 0.32 0.00 0.29 0.18 0.28 0.17 0.17 0.27 0.16 0.13 0.12 0.29 0.15 0.24 0.04 0.26 0.15 0.21 0.24 0.03 0.17 0.23
0.20 0.18 0.17 0.19 0.29 0.00 0.12 0.32 0.12 0.15 0.02 0.13 0.16 0.31 0.22 0.25 0.28 0.25 0.14 0.14 0.18 0.28 0.27 0.20 0.06
0.11 0.12 0.08 0.14 0.18 0.12 0.00 0.24 0.09 0.21 0.11 0.04 0.06 0.20 0.14 0.14 0.20 0.14 0.09 0.12 0.10 0.19 0.15 0.11 0.10
0.13 0.14 0.15 0.14 0.28 0.32 0.24 0.00 0.33 0.45 0.34 0.20 0.17 0.20 0.11 0.14 0.04 0.30 0.18 0.36 0.14 0.04 0.31 0.13 0.33
0.20 0.18 0.17 0.19 0.17 0.12 0.09 0.33 0.00 0.12 0.10 0.13 0.15 0.19 0.22 0.19 0.29 0.13 0.14 0.03 0.18 0.28 0.15 0.20 0.06
0.32 0.31 0.30 0.32 0.17 0.15 0.21 0.45 0.12 0.00 0.13 0.26 0.28 0.29 0.35 0.32 0.41 0.15 0.27 0.10 0.31 0.40 0.14 0.32 0.12
0.21 0.20 0.19 0.21 0.27 0.02 0.11 0.34 0.10 0.13 0.00 0.15 0.17 0.29 0.24 0.23 0.30 0.23 0.16 0.12 0.20 0.30 0.25 0.21 0.04
0.07 0.14 0.04 0.16 0.16 0.13 0.04 0.20 0.13 0.26 0.15 0.00 0.03 0.18 0.13 0.12 0.15 0.12 0.10 0.16 0.06 0.15 0.14 0.07 0.14
0.08 0.17 0.06 0.19 0.13 0.16 0.06 0.17 0.15 0.28 0.17 0.03 0.00 0.15 0.16 0.09 0.14 0.12 0.13 0.18 0.08 0.13 0.14 0.05 0.16
0.23 0.32 0.21 0.34 0.12 0.31 0.20 0.20 0.19 0.29 0.29 0.18 0.15 0.00 0.31 0.06 0.23 0.14 0.28 0.20 0.23 0.18 0.15 0.18 0.25
0.08 0.04 0.10 0.03 0.29 0.22 0.14 0.11 0.22 0.35 0.24 0.13 0.16 0.31 0.00 0.25 0.08 0.25 0.08 0.25 0.08 0.13 0.27 0.12 0.23
0.17 0.26 0.15 0.28 0.15 0.25 0.14 0.14 0.19 0.32 0.23 0.12 0.09 0.06 0.25 0.00 0.17 0.16 0.22 0.22 0.17 0.12 0.18 0.12 0.20
0.09 0.10 0.12 0.11 0.24 0.28 0.20 0.04 0.29 0.41 0.30 0.15 0.14 0.23 0.08 0.17 0.00 0.26 0.14 0.32 0.10 0.04 0.27 0.09 0.29
0.17 0.26 0.15 0.28 0.04 0.25 0.14 0.30 0.13 0.15 0.23 0.12 0.12 0.14 0.25 0.16 0.26 0.00 0.22 0.12 0.17 0.25 0.02 0.17 0.19
0.06 0.04 0.07 0.06 0.26 0.14 0.09 0.18 0.14 0.27 0.16 0.10 0.13 0.28 0.08 0.22 0.14 0.22 0.00 0.17 0.05 0.14 0.24 0.10 0.15
0.23 0.21 0.20 0.22 0.15 0.14 0.12 0.36 0.03 0.10 0.12 0.16 0.18 0.20 0.25 0.22 0.32 0.12 0.17 0.00 0.21 0.31 0.13 0.23 0.08
0.01 0.09 0.02 0.11 0.21 0.18 0.10 0.14 0.18 0.31 0.20 0.06 0.08 0.23 0.08 0.17 0.10 0.17 0.05 0.21 0.00 0.10 0.18 0.04 0.19
0.08 0.14 0.11 0.15 0.24 0.28 0.19 0.04 0.28 0.40 0.30 0.15 0.13 0.18 0.13 0.12 0.04 0.25 0.14 0.31 0.10 0.00 0.27 0.08 0.29
0.19 0.28 0.17 0.30 0.03 0.27 0.15 0.31 0.15 0.14 0.25 0.14 0.14 0.15 0.27 0.18 0.27 0.02 0.24 0.13 0.18 0.27 0.00 0.18 0.21
0.04 0.14 0.03 0.15 0.17 0.20 0.11 0.13 0.20 0.32 0.21 0.07 0.05 0.18 0.12 0.12 0.09 0.17 0.10 0.23 0.04 0.08 0.18 0.00 0.21
0.21 0.19 0.18 0.20 0.23 0.06 0.10 0.33 0.06 0.12 0.04 0.14 0.16 0.25 0.23 0.20 0.29 0.19 0.15 0.08 0.19 0.29 0.21 0.21 0.00
Team_tasks_times:
Team 0:
1: 3.00
2: 3.00 1.00 1.00
3: 2.00 0.25 0.50 4.00 3.00
4: 3.00 1.00 1.00
5: 3.00 1.00 1.00
6: 3.00
7: 3.00
8: 2.00 0.25 0.50 4.00 3.00
9: 3.00
10: 2.00 0.25 0.50 4.00 3.00
11: 2.00 0.25 0.50 4.00 3.00
12: 3.00 1.00 1.00
13: 3.00 1.00 1.00
14: 3.00
15: 2.00 0.25 0.50 4.00 3.00
16: 3.00
17: 3.00
18: 2.00 0.25 0.50 4.00 3.00
19: 2.00 0.25 0.50 4.00 3.00
20: 3.00 1.00 1.00
21: 3.00
22: 3.00
23: 2.00 0.25 0.50 4.00 3.00
24: 2.00 0.25 0.50 4.00 3.00
Team 1:
1: 1.50
2: 1.50 4.00 4.00
3: 1.00 0.50 1.00 2.00 0.75
4: 1.50 4.00 4.00
5: 1.50 4.00 4.00
6: 1.50
7: 1.50
8: 1.00 0.50 1.00 2.00 0.75
9: 1.50
10: 1.00 0.50 1.00 2.00 0.75
11: 1.00 0.50 1.00 2.00 0.75
12: 1.50 4.00 4.00
13: 1.50 4.00 4.00
14: 1.50
15: 1.00 0.50 1.00 2.00 0.75
16: 1.50
17: 1.50
18: 1.00 0.50 1.00 2.00 0.75
19: 1.00 0.50 1.00 2.00 0.75
20: 1.50 4.00 4.00
21: 1.50
22: 1.50
23: 1.00 0.50 1.00 2.00 0.75
24: 1.00 0.50 1.00 2.00 0.75
Team 2:
1: 3.00
2: 0.75 2.00 2.00
3: 0.50 0.25 0.50 2.00 1.50
4: 0.75 2.00 2.00
5: 0.75 2.00 2.00
6: 3.00
7: 3.00
8: 0.50 0.25 0.50 2.00 1.50
9: 3.00
10: 0.50 0.25 0.50 2.00 1.50
11: 0.50 0.25 0.50 2.00 1.50
12: 0.75 2.00 2.00
13: 0.75 2.00 2.00
14: 3.00
15: 0.50 0.25 0.50 2.00 1.50
16: 3.00
17: 3.00
18: 0.50 0.25 0.50 2.00 1.50
19: 0.50 0.25 0.50 2.00 1.50
20: 0.75 2.00 2.00
21: 3.00
22: 3.00
23: 0.50 0.25 0.50 2.00 1.50
24: 0.50 0.25 0.50 2.00 1.50
