Number_of_customers: 25
Number_of_teams: 3
Number_of_services: 3
Customers_requested_services:
2 2 1 0 1 2 0 1 2 2 1 0 0 0 2 1 0 2 0 1 0 1 1 0
Daily_available_time: 8
Service 0:
Number_of_tasks: 1
Dependencies:
0: 
Service 1:
Number_of_tasks: 3
Dependencies:
0: 1
1: 
2: 1
Service 2:
Number_of_tasks: 5
Dependencies:
0: 1 2 3 4
1: 
2: 
3: 
4: 
Travel_times:
0.00 0.15 0.26 0.36 0.05 0.18 0.15 0.15 0.26 0.26 0.21 0.26 0.29 0.21 0.21 0.18 0.11 0.07 0.22 0.19 0.14 0.32 0.24 0.17 0.25
0.15 0.00 0.26 0.21 0.12 0.04 0.02 0.02 0.28 0.18 0.34 0.11 0.25 0.21 0.07 0.24 0.13 0.16 0.30 0.28 0.27 0.18 0.10 0.21 0.15
0.26 0.26 0.00 0.09 0.21 0.26 0.28 0.27 0.02 0.08 0.08 0.17 0.03 0.05 0.21 0.08 0.15 0.20 0.04 0.07 0.18 0.12 0.23 0.10 0.10
0.36 0.21 0.09 0.00 0.31 0.21 0.23 0.23 0.10 0.10 0.17 0.13 0.07 0.15 0.16 0.17 0.25 0.29 0.14 0.17 0.27 0.08 0.19 0.19 0.11
0.05 0.12 0.21 0.31 0.00 0.14 0.14 0.14 0.21 0.21 0.21 0.21 0.24 0.16 0.17 0.14 0.06 0.04 0.18 0.15 0.15 0.28 0.19 0.12 0.20
0.18 0.04 0.26 0.21 0.14 0.00 0.06 0.03 0.28 0.18 0.34 0.08 0.25 0.21 0.05 0.24 0.13 0.15 0.30 0.28 0.27 0.14 0.06 0.21 0.15
0.15 0.02 0.28 0.23 0.14 0.06 0.00 0.03 0.30 0.20 0.36 0.13 0.27 0.23 0.09 0.26 0.15 0.17 0.32 0.30 0.29 0.20 0.11 0.23 0.17
0.15 0.02 0.27 0.23 0.14 0.03 0.03 0.00 0.30 0.20 0.35 0.10 0.27 0.23 0.07 0.25 0.15 0.17 0.32 0.29 0.29 0.17 0.09 0.22 0.17
0.26 0.28 0.02 0.10 0.21 0.28 0.30 0.30 0.00 0.10 0.07 0.20 0.04 0.07 0.23 0.07 0.15 0.19 0.04 0.07 0.17 0.14 0.26 0.09 0.12
0.26 0.18 0.08 0.10 0.21 0.18 0.20 0.20 0.10 0.00 0.16 0.10 0.07 0.04 0.13 0.07 0.15 0.19 0.12 0.10 0.17 0.07 0.15 0.09 0.03
0.21 0.34 0.08 0.17 0.21 0.34 0.36 0.35 0.07 0.16 0.00 0.26 0.10 0.12 0.29 0.10 0.21 0.18 0.04 0.06 0.10 0.20 0.31 0.13 0.18
0.26 0.11 0.17 0.13 0.21 0.08 0.13 0.10 0.20 0.10 0.26 0.00 0.17 0.13 0.04 0.15 0.15 0.19 0.22 0.20 0.19 0.07 0.06 0.12 0.07
0.29 0.25 0.03 0.07 0.24 0.25 0.27 0.27 0.04 0.07 0.10 0.17 0.00 0.08 0.20 0.11 0.18 0.22 0.07 0.10 0.21 0.11 0.23 0.12 0.10
0.21 0.21 0.05 0.15 0.16 0.21 0.23 0.23 0.07 0.04 0.12 0.13 0.08 0.00 0.16 0.03 0.10 0.14 0.09 0.06 0.12 0.11 0.19 0.04 0.06
0.21 0.07 0.21 0.16 0.17 0.05 0.09 0.07 0.23 0.13 0.29 0.04 0.20 0.16 0.00 0.18 0.10 0.15 0.25 0.23 0.22 0.11 0.03 0.15 0.10
0.18 0.24 0.08 0.17 0.14 0.24 0.26 0.25 0.07 0.07 0.10 0.15 0.11 0.03 0.18 0.00 0.11 0.12 0.07 0.04 0.10 0.14 0.21 0.03 0.08
0.11 0.13 0.15 0.25 0.06 0.13 0.15 0.15 0.15 0.15 0.21 0.15 0.18 0.10 0.10 0.11 0.00 0.04 0.17 0.15 0.14 0.21 0.13 0.08 0.14
0.07 0.16 0.20 0.29 0.04 0.15 0.17 0.17 0.19 0.19 0.18 0.19 0.22 0.14 0.15 0.12 0.04 0.00 0.15 0.12 0.11 0.26 0.17 0.10 0.18
0.22 0.30 0.04 0.14 0.18 0.30 0.32 0.32 0.04 0.12 0.04 0.22 0.07 0.09 0.25 0.07 0.17 0.15 0.00 0.03 0.13 0.17 0.28 0.10 0.15
0.19 0.28 0.07 0.17 0.15 0.28 0.30 0.29 0.07 0.10 0.06 0.20 0.10 0.06 0.23 0.04 0.15 0.12 0.03 0.00 0.10 0.14 0.25 0.07 0.12
0.14 0.27 0.18 0.27 0.15 0.27 0.29 0.29 0.17 0.17 0.10 0.19 0.21 0.12 0.22 0.10 0.14 0.11 0.13 0.10 0.00 0.24 0.25 0.08 0.17
0.32 0.18 0.12 0.08 0.28 0.14 0.20 0.17 0.14 0.07 0.20 0.07 0.11 0.11 0.11 0.14 0.21 0.26 0.17 0.14 0.24 0.00 0.11 0.15 0.07
0.24 0.10 0.23 0.19 0.19 0.06 0.11 0.09 0.26 0.15 0.31 0.06 0.23 0.19 0.03 0.21 0.13 0.17 0.28 0.25 0.25 0.11 0.00 0.18 0.13
0.17 0.21 0.10 0.19 0.12 0.21 0.23 0.22 0.09 0.09 0.13 0.12 0.12 0.04 0.15 0.03 0.08 0.10 0.10 0.07 0.08 0.15 0.18 0.00 0.08
0.25 0.15 0.10 0.11 0.20 0.15 0.17 0.17 0.12 0.03 0.18 0.07 0.10 0.06 0.10 0.08 0.14 0.18 0.15 0.12 0.17 0.07 0.13 0.08 0.00
Team_tasks_times:
Team 0:
1: 1.00 0.25 1.00 2.00 1.00
2: 1.00 0.25 1.00 2.00 1.00
3: 2.00 1.00 1.00
4: 0.50
5: 2.00 1.00 1.00
6: 1.00 0.25 1.00 2.00 1.00
7: 0.50
8: 2.00 1.00 1.00
9: 1.00 0.25 1.00 2.00 1.00
10: 1.00 0.25 1.00 2.00 1.00
11: 2.00 1.00 1.00
12: 0.50
13: 0.50
14: 0.50
15: 1.00 0.25 1.00 2.00 1.00
16: 2.00 1.00 1.00
17: 0.50
18: 1.00 0.25 1.00 2.00 1.00
19: 0.50
20: 2.00 1.00 1.00
21: 0.50
22: 2.00 1.00 1.00
23: 2.00 1.00 1.00
24: 0.50
Team 1:
1: 0.25 1.00 0.25 2.00 0.25
2: 0.25 1.00 0.25 2.00 0.25
3: 2.00 1.00 1.00
4: 0.25
5: 2.00 1.00 1.00
6: 0.25 1.00 0.25 2.00 0.25
7: 0.25
8: 2.00 1.00 1.00
9: 0.25 1.00 0.25 2.00 0.25
10: 0.25 1.00 0.25 2.00 0.25
11: 2.00 1.00 1.00
12: 0.25
13: 0.25
14: 0.25
15: 0.25 1.00 0.25 2.00 0.25
16: 2.00 1.00 1.00
17: 0.25
18: 0.25 1.00 0.25 2.00 0.25
19: 0.25
20: 2.00 1.00 1.00
21: 0.25
22: 2.00 1.00 1.00
23: 2.00 1.00 1.00
24: 0.25
Team 2:
1: 1.00 1.00 1.00 0.50 0.50
2: 1.00 1.00 1.00 0.50 0.50
3: 0.50 2.00 0.50
4: 0.50
5: 0.50 2.00 0.50
6: 1.00 1.00 1.00 0.50 0.50
7: 0.50
8: 0.50 2.00 0.50
9: 1.00 1.00 1.00 0.50 0.50
10: 1.00 1.00 1.00 0.50 0.50
11: 0.50 2.00 0.50
12: 0.50
13: 0.50
14: 0.50
15: 1.00 1.00 1.00 0.50 0.50
16: 0.50 2.00 0.50
17: 0.50
18: 1.00 1.00 1.00 0.50 0.50
19: 0.50
20: 0.50 2.00 0.50
21: 0.50
22: 0.50 2.00 0.50
23: 0.50 2.00 0.50
24: 0.50
