Number_of_customers: 25
Number_of_teams: 3
Number_of_services: 3
Customers_requested_services:
2 0 1 2 0 1 1 0 1 1 2 0 1 2 0 1 0 1 0 1 1 1 2 0
Daily_available_time: 8
Service 0:
Number_of_tasks: 1
Dependencies:
0: 
Service 1:
Number_of_tasks: 3
Dependencies:
0: 1
1: 
2: 0
Service 2:
Number_of_tasks: 5
Dependencies:
0: 2 3 4
1: 2 3 4
2: 
3: 
4: 
Travel_times:
0.00 0.16 0.31 0.23 0.23 0.14 0.11 0.12 0.31 0.33 0.17 0.12 0.18 0.12 0.16 0.04 0.12 0.33 0.20 0.28 0.28 0.15 0.21 0.15 0.08
0.16 0.00 0.16 0.23 0.09 0.28 0.24 0.13 0.21 0.19 0.13 0.10 0.35 0.23 0.08 0.16 0.21 0.19 0.13 0.14 0.14 0.31 0.06 0.04 0.25
0.31 0.16 0.00 0.15 0.07 0.20 0.20 0.19 0.14 0.10 0.13 0.27 0.27 0.18 0.24 0.32 0.18 0.11 0.11 0.03 0.03 0.23 0.23 0.20 0.28
0.23 0.23 0.15 0.00 0.14 0.09 0.12 0.12 0.07 0.10 0.09 0.19 0.12 0.11 0.23 0.25 0.11 0.10 0.09 0.15 0.18 0.11 0.27 0.21 0.21
0.23 0.09 0.07 0.14 0.00 0.19 0.15 0.12 0.12 0.10 0.06 0.19 0.26 0.14 0.17 0.25 0.12 0.10 0.04 0.05 0.05 0.22 0.15 0.13 0.21
0.14 0.28 0.20 0.09 0.19 0.00 0.04 0.15 0.16 0.19 0.15 0.23 0.07 0.05 0.28 0.16 0.07 0.19 0.15 0.21 0.23 0.03 0.32 0.27 0.12
0.11 0.24 0.20 0.12 0.15 0.04 0.00 0.11 0.20 0.22 0.11 0.19 0.11 0.02 0.24 0.12 0.03 0.23 0.11 0.17 0.19 0.07 0.28 0.23 0.08
0.12 0.13 0.19 0.12 0.12 0.15 0.11 0.00 0.19 0.21 0.06 0.08 0.22 0.10 0.13 0.13 0.08 0.22 0.08 0.17 0.17 0.18 0.17 0.12 0.12
0.31 0.21 0.14 0.07 0.12 0.16 0.20 0.19 0.00 0.04 0.13 0.27 0.17 0.18 0.24 0.32 0.18 0.03 0.11 0.14 0.17 0.18 0.26 0.20 0.28
0.33 0.19 0.10 0.10 0.10 0.19 0.22 0.21 0.04 0.00 0.15 0.29 0.19 0.21 0.27 0.35 0.21 0.01 0.14 0.11 0.13 0.20 0.25 0.23 0.30
0.17 0.13 0.13 0.09 0.06 0.15 0.11 0.06 0.13 0.15 0.00 0.14 0.21 0.10 0.13 0.19 0.07 0.16 0.02 0.11 0.11 0.18 0.17 0.12 0.15
0.12 0.10 0.27 0.19 0.19 0.23 0.19 0.08 0.27 0.29 0.14 0.00 0.30 0.18 0.05 0.07 0.16 0.29 0.15 0.24 0.24 0.26 0.09 0.07 0.20
0.18 0.35 0.27 0.12 0.26 0.07 0.11 0.22 0.17 0.19 0.21 0.30 0.00 0.12 0.35 0.23 0.14 0.20 0.21 0.27 0.30 0.04 0.39 0.33 0.11
0.12 0.23 0.18 0.11 0.14 0.05 0.02 0.10 0.18 0.21 0.10 0.18 0.12 0.00 0.23 0.14 0.02 0.21 0.10 0.16 0.18 0.08 0.27 0.22 0.10
0.16 0.08 0.24 0.23 0.17 0.28 0.24 0.13 0.24 0.27 0.13 0.05 0.35 0.23 0.00 0.12 0.21 0.27 0.13 0.22 0.22 0.31 0.04 0.04 0.25
0.04 0.16 0.32 0.25 0.25 0.16 0.12 0.13 0.32 0.35 0.19 0.07 0.23 0.14 0.12 0.00 0.14 0.35 0.21 0.30 0.30 0.19 0.16 0.12 0.12
0.12 0.21 0.18 0.11 0.12 0.07 0.03 0.08 0.18 0.21 0.07 0.16 0.14 0.02 0.21 0.14 0.00 0.21 0.07 0.16 0.16 0.10 0.25 0.20 0.09
0.33 0.19 0.11 0.10 0.10 0.19 0.23 0.22 0.03 0.01 0.16 0.29 0.20 0.21 0.27 0.35 0.21 0.00 0.14 0.12 0.14 0.21 0.25 0.23 0.31
0.20 0.13 0.11 0.09 0.04 0.15 0.11 0.08 0.11 0.14 0.02 0.15 0.21 0.10 0.13 0.21 0.07 0.14 0.00 0.09 0.09 0.18 0.17 0.12 0.17
0.28 0.14 0.03 0.15 0.05 0.21 0.17 0.17 0.14 0.11 0.11 0.24 0.27 0.16 0.22 0.30 0.16 0.12 0.09 0.00 0.03 0.24 0.20 0.17 0.25
0.28 0.14 0.03 0.18 0.05 0.23 0.19 0.17 0.17 0.13 0.11 0.24 0.30 0.18 0.22 0.30 0.16 0.14 0.09 0.03 0.00 0.26 0.20 0.17 0.25
0.15 0.31 0.23 0.11 0.22 0.03 0.07 0.18 0.18 0.20 0.18 0.26 0.04 0.08 0.31 0.19 0.10 0.21 0.18 0.24 0.26 0.00 0.35 0.30 0.10
0.21 0.06 0.23 0.27 0.15 0.32 0.28 0.17 0.26 0.25 0.17 0.09 0.39 0.27 0.04 0.16 0.25 0.25 0.17 0.20 0.20 0.35 0.00 0.06 0.29
0.15 0.04 0.20 0.21 0.13 0.27 0.23 0.12 0.20 0.23 0.12 0.07 0.33 0.22 0.04 0.12 0.20 0.23 0.12 0.17 0.17 0.30 0.06 0.00 0.23
0.08 0.25 0.28 0.21 0.21 0.12 0.08 0.12 0.28 0.30 0.15 0.20 0.11 0.10 0.25 0.12 0.09 0.31 0.17 0.25 0.25 0.10 0.29 0.23 0.00
Team_tasks_times:
Team 0:
1: 1.00 0.25 0.50 0.25 2.00
2: 1.00
3: 0.50 1.50 0.50
4: 1.00 0.25 0.50 0.25 2.00
5: 1.00
6: 0.50 1.50 0.50
7: 0.50 1.50 0.50
8: 1.00
9: 0.50 1.50 0.50
10: 0.50 1.50 0.50
11: 1.00 0.25 0.50 0.25 2.00
12: 1.00
13: 0.50 1.50 0.50
14: 1.00 0.25 0.50 0.25 2.00
15: 1.00
16: 0.50 1.50 0.50
17: 1.00
18: 0.50 1.50 0.50
19: 1.00
20: 0.50 1.50 0.50
21: 0.50 1.50 0.50
22: 0.50 1.50 0.50
23: 1.00 0.25 0.50 0.25 2.00
24: 1.00
Team 1:
1: 0.75 0.50 0.25 0.50 0.50
2: 2.00
3: 0.50 4.00 0.50
4: 0.75 0.50 0.25 0.50 0.50
5: 2.00
6: 0.50 4.00 0.50
7: 0.50 4.00 0.50
8: 2.00
9: 0.50 4.00 0.50
10: 0.50 4.00 0.50
11: 0.75 0.50 0.25 0.50 0.50
12: 2.00
13: 0.50 4.00 0.50
14: 0.75 0.50 0.25 0.50 0.50
15: 2.00
16: 0.50 4.00 0.50
17: 2.00
18: 0.50 4.00 0.50
19: 2.00
20: 0.50 4.00 0.50
21: 0.50 4.00 0.50
22: 0.50 4.00 0.50
23: 0.75 0.50 0.25 0.50 0.50
24: 2.00
Team 2:
1: 0.50 1.00 1.00 0.50 1.00
2: 4.00
3: 2.00 2.00 1.00
4: 0.50 1.00 1.00 0.50 1.00
5: 4.00
6: 2.00 2.00 1.00
7: 2.00 2.00 1.00
8: 4.00
9: 2.00 2.00 1.00
10: 2.00 2.00 1.00
11: 0.50 1.00 1.00 0.50 1.00
12: 4.00
13: 2.00 2.00 1.00
14: 0.50 1.00 1.00 0.50 1.00
15: 4.00
16: 2.00 2.00 1.00
17: 4.00
18: 2.00 2.00 1.00
19: 4.00
20: 2.00 2.00 1.00
21: 2.00 2.00 1.00
22: 2.00 2.00 1.00
23: 0.50 1.00 1.00 0.50 1.00
24: 4.00
