Number_of_customers: 25
Number_of_teams: 3
Number_of_services: 3
Customers_requested_services:
0 2 2 1 1 1 2 0 0 0 2 0 1 2 1 0 1 2 1 1 2 1 1 1
Daily_available_time: 8
Service 0:
Number_of_tasks: 1
Dependencies:
0: 
Service 1:
Number_of_tasks: 3
Dependencies:
0: 
1: 0
2: 0
Service 2:
Number_of_tasks: 5
Dependencies:
0: 
1: 
2: 
3: 0 1 2
4: 0 1 2
Travel_times:
0.00 0.14 0.31 0.20 0.17 0.10 0.04 0.24 0.28 0.17 0.24 0.34 0.07 0.05 0.10 0.13 0.08 0.14 0.25 0.09 0.11 0.08 0.15 0.07 0.20
0.14 0.00 0.17 0.22 0.03 0.19 0.18 0.10 0.14 0.19 0.10 0.19 0.17 0.09 0.12 0.15 0.22 0.16 0.16 0.06 0.07 0.10 0.11 0.09 0.06
0.31 0.17 0.00 0.19 0.14 0.36 0.35 0.15 0.03 0.33 0.07 0.05 0.34 0.26 0.26 0.30 0.39 0.26 0.06 0.23 0.20 0.26 0.16 0.26 0.12
0.20 0.22 0.19 0.00 0.20 0.17 0.21 0.26 0.16 0.14 0.16 0.21 0.15 0.24 0.10 0.11 0.20 0.07 0.13 0.18 0.15 0.12 0.11 0.27 0.22
0.17 0.03 0.14 0.20 0.00 0.21 0.20 0.07 0.11 0.19 0.07 0.17 0.20 0.12 0.12 0.15 0.25 0.15 0.15 0.08 0.06 0.12 0.10 0.12 0.03
0.10 0.19 0.36 0.17 0.21 0.00 0.11 0.29 0.32 0.07 0.28 0.38 0.02 0.14 0.09 0.06 0.09 0.10 0.29 0.13 0.16 0.10 0.20 0.17 0.24
0.04 0.18 0.35 0.21 0.20 0.11 0.00 0.28 0.31 0.18 0.27 0.37 0.09 0.09 0.11 0.14 0.04 0.15 0.28 0.12 0.15 0.09 0.18 0.09 0.23
0.24 0.10 0.15 0.26 0.07 0.29 0.28 0.00 0.15 0.26 0.10 0.10 0.27 0.19 0.19 0.23 0.32 0.20 0.20 0.15 0.13 0.19 0.15 0.19 0.04
0.28 0.14 0.03 0.16 0.11 0.32 0.31 0.15 0.00 0.30 0.06 0.06 0.31 0.23 0.23 0.27 0.36 0.23 0.04 0.19 0.17 0.23 0.13 0.23 0.12
0.17 0.19 0.33 0.14 0.19 0.07 0.18 0.26 0.30 0.00 0.26 0.36 0.10 0.21 0.07 0.04 0.16 0.07 0.27 0.15 0.13 0.09 0.17 0.24 0.22
0.24 0.10 0.07 0.16 0.07 0.28 0.27 0.10 0.06 0.26 0.00 0.10 0.27 0.19 0.19 0.23 0.32 0.19 0.10 0.15 0.12 0.19 0.09 0.19 0.07
0.34 0.19 0.05 0.21 0.17 0.38 0.37 0.10 0.06 0.36 0.10 0.00 0.37 0.29 0.29 0.32 0.42 0.29 0.10 0.25 0.22 0.29 0.18 0.29 0.14
0.07 0.17 0.34 0.15 0.20 0.02 0.09 0.27 0.31 0.10 0.27 0.37 0.00 0.12 0.08 0.06 0.07 0.08 0.28 0.12 0.14 0.08 0.18 0.15 0.23
0.05 0.09 0.26 0.24 0.12 0.14 0.09 0.19 0.23 0.21 0.19 0.29 0.12 0.00 0.14 0.18 0.13 0.18 0.20 0.06 0.09 0.12 0.14 0.03 0.15
0.10 0.12 0.26 0.10 0.12 0.09 0.11 0.19 0.23 0.07 0.19 0.29 0.08 0.14 0.00 0.04 0.13 0.04 0.20 0.08 0.07 0.02 0.10 0.17 0.15
0.13 0.15 0.30 0.11 0.15 0.06 0.14 0.23 0.27 0.04 0.23 0.32 0.06 0.18 0.04 0.00 0.12 0.04 0.24 0.12 0.10 0.05 0.14 0.20 0.18
0.08 0.22 0.39 0.20 0.25 0.09 0.04 0.32 0.36 0.16 0.32 0.42 0.07 0.13 0.13 0.12 0.00 0.13 0.33 0.17 0.19 0.13 0.23 0.13 0.28
0.14 0.16 0.26 0.07 0.15 0.10 0.15 0.20 0.23 0.07 0.19 0.29 0.08 0.18 0.04 0.04 0.13 0.00 0.20 0.12 0.09 0.06 0.10 0.21 0.17
0.25 0.16 0.06 0.13 0.15 0.29 0.28 0.20 0.04 0.27 0.10 0.10 0.28 0.20 0.20 0.24 0.33 0.20 0.00 0.16 0.14 0.20 0.10 0.21 0.17
0.09 0.06 0.23 0.18 0.08 0.13 0.12 0.15 0.19 0.15 0.15 0.25 0.12 0.06 0.08 0.12 0.17 0.12 0.16 0.00 0.03 0.07 0.07 0.09 0.11
0.11 0.07 0.20 0.15 0.06 0.16 0.15 0.13 0.17 0.13 0.12 0.22 0.14 0.09 0.07 0.10 0.19 0.09 0.14 0.03 0.00 0.06 0.04 0.12 0.09
0.08 0.10 0.26 0.12 0.12 0.10 0.09 0.19 0.23 0.09 0.19 0.29 0.08 0.12 0.02 0.05 0.13 0.06 0.20 0.07 0.06 0.00 0.10 0.15 0.15
0.15 0.11 0.16 0.11 0.10 0.20 0.18 0.15 0.13 0.17 0.09 0.18 0.18 0.14 0.10 0.14 0.23 0.10 0.10 0.07 0.04 0.10 0.00 0.16 0.12
0.07 0.09 0.26 0.27 0.12 0.17 0.09 0.19 0.23 0.24 0.19 0.29 0.15 0.03 0.17 0.20 0.13 0.21 0.21 0.09 0.12 0.15 0.16 0.00 0.15
0.20 0.06 0.12 0.22 0.03 0.24 0.23 0.04 0.12 0.22 0.07 0.14 0.23 0.15 0.15 0.18 0.28 0.17 0.17 0.11 0.09 0.15 0.12 0.15 0.00
Team_tasks_times:
Team 0:
1: 1000.00
2: 4.00 2.00 0.50 2.00 1.00
3: 4.00 2.00 0.50 2.00 1.00
4: 2.00 0.75 3.00
5: 2.00 0.75 3.00
6: 2.00 0.75 3.00
7: 4.00 2.00 0.50 2.00 1.00
8: 1000.00
9: 1000.00
10: 1000.00
11: 4.00 2.00 0.50 2.00 1.00
12: 1000.00
13: 2.00 0.75 3.00
14: 4.00 2.00 0.50 2.00 1.00
15: 2.00 0.75 3.00
16: 1000.00
17: 2.00 0.75 3.00
18: 4.00 2.00 0.50 2.00 1.00
19: 2.00 0.75 3.00
20: 2.00 0.75 3.00
21: 4.00 2.00 0.50 2.00 1.00
22: 2.00 0.75 3.00
23: 2.00 0.75 3.00
24: 2.00 0.75 3.00
Team 1:
1: 1000.00
2: 2.00 0.50 2.00 2.00 1.00
3: 2.00 0.50 2.00 2.00 1.00
4: 1.00 0.25 1000.00
5: 1.00 0.25 1000.00
6: 1.00 0.25 1000.00
7: 2.00 0.50 2.00 2.00 1.00
8: 1000.00
9: 1000.00
10: 1000.00
11: 2.00 0.50 2.00 2.00 1.00
12: 1000.00
13: 1.00 0.25 1000.00
14: 2.00 0.50 2.00 2.00 1.00
15: 1.00 0.25 1000.00
16: 1000.00
17: 1.00 0.25 1000.00
18: 2.00 0.50 2.00 2.00 1.00
19: 1.00 0.25 1000.00
20: 1.00 0.25 1000.00
21: 2.00 0.50 2.00 2.00 1.00
22: 1.00 0.25 1000.00
23: 1.00 0.25 1000.00
24: 1.00 0.25 1000.00
Team 2:
1: 1.00
2: 1.00 2.00 4.00 2.00 2.00
3: 1.00 2.00 4.00 2.00 2.00
4: 1.50 0.75 2000.00
5: 1.50 0.75 2000.00
6: 1.50 0.75 2000.00
7: 1.00 2.00 4.00 2.00 2.00
8: 1.00
9: 1.00
10: 1.00
11: 1.00 2.00 4.00 2.00 2.00
12: 1.00
13: 1.50 0.75 2000.00
14: 1.00 2.00 4.00 2.00 2.00
15: 1.50 0.75 2000.00
16: 1.00
17: 1.50 0.75 2000.00
18: 1.00 2.00 4.00 2.00 2.00
19: 1.50 0.75 2000.00
20: 1.50 0.75 2000.00
21: 1.00 2.00 4.00 2.00 2.00
22: 1.50 0.75 2000.00
23: 1.50 0.75 2000.00
24: 1.50 0.75 2000.00
