Number_of_customers: 25
Number_of_teams: 3
Number_of_services: 3
Customers_requested_services:
1 0 0 1 1 2 1 0 1 2 1 2 1 1 2 1 0 0 0 0 0 0 2 0
Daily_available_time: 8
Service 0:
Number_of_tasks: 1
Dependencies:
0: 
Service 1:
Number_of_tasks: 3
Dependencies:
0: 
1: 0
2: 1
Service 2:
Number_of_tasks: 5
Dependencies:
0: 
1: 
2: 4
3: 
4: 0 1 3
Travel_times:
0.00 0.23 0.17 0.23 0.15 0.05 0.18 0.06 0.14 0.10 0.12 0.11 0.04 0.10 0.11 0.17 0.17 0.13 0.05 0.24 0.09 0.17 0.25 0.12 0.12
0.23 0.00 0.22 0.02 0.29 0.28 0.19 0.17 0.10 0.30 0.30 0.24 0.24 0.33 0.14 0.18 0.06 0.26 0.28 0.25 0.32 0.17 0.04 0.35 0.29
0.17 0.22 0.00 0.23 0.07 0.13 0.07 0.17 0.14 0.08 0.28 0.06 0.12 0.16 0.08 0.34 0.21 0.29 0.18 0.07 0.09 0.34 0.25 0.12 0.07
0.23 0.02 0.23 0.00 0.30 0.28 0.17 0.17 0.09 0.31 0.30 0.24 0.24 0.33 0.15 0.18 0.07 0.26 0.28 0.23 0.32 0.18 0.02 0.35 0.29
0.15 0.29 0.07 0.30 0.00 0.12 0.15 0.16 0.21 0.06 0.27 0.06 0.12 0.15 0.15 0.33 0.23 0.28 0.17 0.12 0.08 0.33 0.32 0.07 0.04
0.05 0.28 0.13 0.28 0.12 0.00 0.14 0.11 0.19 0.06 0.15 0.07 0.04 0.04 0.14 0.21 0.22 0.17 0.05 0.20 0.04 0.21 0.31 0.07 0.08
0.18 0.19 0.07 0.17 0.15 0.14 0.00 0.19 0.09 0.15 0.30 0.09 0.14 0.18 0.07 0.36 0.23 0.31 0.19 0.06 0.17 0.35 0.17 0.20 0.14
0.06 0.17 0.17 0.17 0.16 0.11 0.19 0.00 0.10 0.13 0.13 0.12 0.07 0.15 0.12 0.17 0.11 0.12 0.11 0.25 0.15 0.16 0.20 0.18 0.12
0.14 0.10 0.14 0.09 0.21 0.19 0.09 0.10 0.00 0.21 0.21 0.15 0.15 0.24 0.06 0.27 0.14 0.22 0.19 0.15 0.23 0.26 0.11 0.26 0.20
0.10 0.30 0.08 0.31 0.06 0.06 0.15 0.13 0.21 0.00 0.21 0.07 0.07 0.09 0.16 0.28 0.24 0.23 0.11 0.14 0.03 0.27 0.33 0.04 0.02
0.12 0.30 0.28 0.30 0.27 0.15 0.30 0.13 0.21 0.21 0.00 0.22 0.15 0.12 0.23 0.12 0.24 0.04 0.10 0.35 0.19 0.12 0.32 0.20 0.23
0.11 0.24 0.06 0.24 0.06 0.07 0.09 0.12 0.15 0.07 0.22 0.00 0.07 0.10 0.09 0.28 0.17 0.24 0.12 0.13 0.08 0.28 0.26 0.11 0.06
0.04 0.24 0.12 0.24 0.12 0.04 0.14 0.07 0.15 0.07 0.15 0.07 0.00 0.09 0.10 0.21 0.17 0.17 0.05 0.20 0.08 0.21 0.26 0.11 0.08
0.10 0.33 0.16 0.33 0.15 0.04 0.18 0.15 0.24 0.09 0.12 0.10 0.09 0.00 0.18 0.18 0.26 0.14 0.05 0.23 0.07 0.18 0.35 0.07 0.11
0.11 0.14 0.08 0.15 0.15 0.14 0.07 0.12 0.06 0.16 0.23 0.09 0.10 0.18 0.00 0.29 0.15 0.24 0.13 0.13 0.17 0.28 0.17 0.21 0.15
0.17 0.18 0.34 0.18 0.33 0.21 0.36 0.17 0.27 0.28 0.12 0.28 0.21 0.18 0.29 0.00 0.13 0.08 0.16 0.41 0.25 0.01 0.20 0.26 0.29
0.17 0.06 0.21 0.07 0.23 0.22 0.23 0.11 0.14 0.24 0.24 0.17 0.17 0.26 0.15 0.13 0.00 0.20 0.21 0.28 0.25 0.12 0.09 0.29 0.23
0.13 0.26 0.29 0.26 0.28 0.17 0.31 0.12 0.22 0.23 0.04 0.24 0.17 0.14 0.24 0.08 0.20 0.00 0.12 0.37 0.20 0.09 0.29 0.21 0.25
0.05 0.28 0.18 0.28 0.17 0.05 0.19 0.11 0.19 0.11 0.10 0.12 0.05 0.05 0.13 0.16 0.21 0.12 0.00 0.25 0.09 0.16 0.30 0.09 0.13
0.24 0.25 0.07 0.23 0.12 0.20 0.06 0.25 0.15 0.14 0.35 0.13 0.20 0.23 0.13 0.41 0.28 0.37 0.25 0.00 0.17 0.41 0.21 0.18 0.12
0.09 0.32 0.09 0.32 0.08 0.04 0.17 0.15 0.23 0.03 0.19 0.08 0.08 0.07 0.17 0.25 0.25 0.20 0.09 0.17 0.00 0.24 0.34 0.03 0.04
0.17 0.17 0.34 0.18 0.33 0.21 0.35 0.16 0.26 0.27 0.12 0.28 0.21 0.18 0.28 0.01 0.12 0.09 0.16 0.41 0.24 0.00 0.20 0.25 0.29
0.25 0.04 0.25 0.02 0.32 0.31 0.17 0.20 0.11 0.33 0.32 0.26 0.26 0.35 0.17 0.20 0.09 0.29 0.30 0.21 0.34 0.20 0.00 0.37 0.32
0.12 0.35 0.12 0.35 0.07 0.07 0.20 0.18 0.26 0.04 0.20 0.11 0.11 0.07 0.21 0.26 0.29 0.21 0.09 0.18 0.03 0.25 0.37 0.00 0.06
0.12 0.29 0.07 0.29 0.04 0.08 0.14 0.12 0.20 0.02 0.23 0.06 0.08 0.11 0.15 0.29 0.23 0.25 0.13 0.12 0.04 0.29 0.32 0.06 0.00
Team_tasks_times:
Team 0:
1: 3.00 0.25 0.50
2: 1.00
3: 1.00
4: 3.00 0.25 0.50
5: 3.00 0.25 0.50
6: 3.00 0.25 0.25 0.50 1.00
7: 3.00 0.25 0.50
8: 1.00
9: 3.00 0.25 0.50
10: 3.00 0.25 0.25 0.50 1.00
11: 3.00 0.25 0.50
12: 3.00 0.25 0.25 0.50 1.00
13: 3.00 0.25 0.50
14: 3.00 0.25 0.50
15: 3.00 0.25 0.25 0.50 1.00
16: 3.00 0.25 0.50
17: 1.00
18: 1.00
19: 1.00
20: 1.00
21: 1.00
22: 1.00
23: 3.00 0.25 0.25 0.50 1.00
24: 1.00
Team 1:
1: 1.00 500.00 2.00
2: 0.25
3: 0.25
4: 1.00 500.00 2.00
5: 1.00 500.00 2.00
6: 1.50 0.75 0.25 1.00 2.00
7: 1.00 500.00 2.00
8: 0.25
9: 1.00 500.00 2.00
10: 1.50 0.75 0.25 1.00 2.00
11: 1.00 500.00 2.00
12: 1.50 0.75 0.25 1.00 2.00
13: 1.00 500.00 2.00
14: 1.00 500.00 2.00
15: 1.50 0.75 0.25 1.00 2.00
16: 1.00 500.00 2.00
17: 0.25
18: 0.25
19: 0.25
20: 0.25
21: 0.25
22: 0.25
23: 1.50 0.75 0.25 1.00 2.00
24: 0.25
Team 2:
1: 2.00 2000.00 2.00
2: 0.50
3: 0.50
4: 2.00 2000.00 2.00
5: 2.00 2000.00 2.00
6: 0.75 1.50 1.00 1.50 1.50
7: 2.00 2000.00 2.00
8: 0.50
9: 2.00 2000.00 2.00
10: 0.75 1.50 1.00 1.50 1.50
11: 2.00 2000.00 2.00
12: 0.75 1.50 1.00 1.50 1.50
13: 2.00 2000.00 2.00
14: 2.00 2000.00 2.00
15: 0.75 1.50 1.00 1.50 1.50
16: 2.00 2000.00 2.00
17: 0.50
18: 0.50
19: 0.50
20: 0.50
21: 0.50
22: 0.50
23: 0.75 1.50 1.00 1.50 1.50
24: 0.50
