Number_of_customers: 25
Number_of_teams: 3
Number_of_services: 3
Customers_requested_services:
0 2 0 1 2 0 0 0 2 0 2 2 1 0 2 1 2 0 2 0 0 0 0 1
Daily_available_time: 8
Service 0:
Number_of_tasks: 1
Dependencies:
0: 
Service 1:
Number_of_tasks: 3
Dependencies:
0: 2
1: 2
2: 
Service 2:
Number_of_tasks: 5
Dependencies:
0: 
1: 0 2 3 4
2: 
3: 
4: 
Travel_times:
0.00 0.22 0.19 0.06 0.12 0.32 0.07 0.12 0.37 0.13 0.06 0.08 0.08 0.23 0.11 0.11 0.03 0.16 0.12 0.11 0.04 0.15 0.17 0.27 0.16
0.22 0.00 0.14 0.20 0.21 0.10 0.29 0.20 0.15 0.22 0.16 0.18 0.24 0.14 0.11 0.11 0.20 0.06 0.17 0.16 0.20 0.09 0.05 0.18 0.10
0.19 0.14 0.00 0.17 0.08 0.13 0.26 0.07 0.17 0.08 0.13 0.15 0.21 0.28 0.08 0.08 0.17 0.14 0.17 0.09 0.17 0.05 0.13 0.07 0.04
0.06 0.20 0.17 0.00 0.09 0.30 0.10 0.10 0.34 0.10 0.08 0.02 0.04 0.30 0.09 0.09 0.04 0.15 0.18 0.08 0.02 0.12 0.15 0.24 0.14
0.12 0.21 0.08 0.09 0.00 0.21 0.18 0.01 0.25 0.01 0.14 0.07 0.14 0.35 0.14 0.11 0.09 0.21 0.24 0.05 0.09 0.12 0.20 0.15 0.11
0.32 0.10 0.13 0.30 0.21 0.00 0.39 0.20 0.05 0.20 0.26 0.28 0.34 0.24 0.21 0.21 0.30 0.15 0.27 0.21 0.30 0.17 0.15 0.08 0.16
0.07 0.29 0.26 0.10 0.18 0.39 0.00 0.19 0.44 0.19 0.14 0.12 0.06 0.26 0.18 0.18 0.09 0.24 0.14 0.18 0.09 0.22 0.25 0.34 0.23
0.12 0.20 0.07 0.10 0.01 0.20 0.19 0.00 0.25 0.03 0.12 0.08 0.14 0.34 0.12 0.10 0.10 0.19 0.23 0.04 0.10 0.11 0.18 0.15 0.10
0.37 0.15 0.17 0.34 0.25 0.05 0.44 0.25 0.00 0.25 0.30 0.32 0.39 0.22 0.26 0.25 0.35 0.20 0.32 0.26 0.35 0.22 0.19 0.11 0.21
0.13 0.22 0.08 0.10 0.01 0.20 0.19 0.03 0.25 0.00 0.15 0.08 0.14 0.36 0.15 0.12 0.11 0.22 0.25 0.06 0.10 0.13 0.21 0.15 0.12
0.06 0.16 0.13 0.08 0.14 0.26 0.14 0.12 0.30 0.15 0.00 0.10 0.10 0.21 0.05 0.05 0.04 0.10 0.10 0.09 0.06 0.09 0.11 0.20 0.10
0.08 0.18 0.15 0.02 0.07 0.28 0.12 0.08 0.32 0.08 0.10 0.00 0.07 0.32 0.10 0.07 0.06 0.17 0.20 0.06 0.04 0.11 0.16 0.22 0.12
0.08 0.24 0.21 0.04 0.14 0.34 0.06 0.14 0.39 0.14 0.10 0.07 0.00 0.32 0.13 0.14 0.06 0.18 0.20 0.13 0.04 0.17 0.20 0.29 0.18
0.23 0.14 0.28 0.30 0.35 0.24 0.26 0.34 0.22 0.36 0.21 0.32 0.32 0.00 0.21 0.24 0.26 0.15 0.11 0.30 0.28 0.23 0.15 0.32 0.24
0.11 0.11 0.08 0.09 0.14 0.21 0.18 0.12 0.26 0.15 0.05 0.10 0.13 0.21 0.00 0.03 0.09 0.07 0.10 0.09 0.09 0.04 0.06 0.15 0.05
0.11 0.11 0.08 0.09 0.11 0.21 0.18 0.10 0.25 0.12 0.05 0.07 0.14 0.24 0.03 0.00 0.09 0.10 0.13 0.06 0.09 0.04 0.09 0.15 0.05
0.03 0.20 0.17 0.04 0.09 0.30 0.09 0.10 0.35 0.11 0.04 0.06 0.06 0.26 0.09 0.09 0.00 0.14 0.15 0.09 0.02 0.13 0.15 0.25 0.14
0.16 0.06 0.14 0.15 0.21 0.15 0.24 0.19 0.20 0.22 0.10 0.17 0.18 0.15 0.07 0.10 0.14 0.00 0.12 0.16 0.14 0.09 0.01 0.18 0.10
0.12 0.17 0.17 0.18 0.24 0.27 0.14 0.23 0.32 0.25 0.10 0.20 0.20 0.11 0.10 0.13 0.15 0.12 0.00 0.19 0.17 0.12 0.13 0.22 0.13
0.11 0.16 0.09 0.08 0.05 0.21 0.18 0.04 0.26 0.06 0.09 0.06 0.13 0.30 0.09 0.06 0.09 0.16 0.19 0.00 0.09 0.07 0.15 0.16 0.06
0.04 0.20 0.17 0.02 0.09 0.30 0.09 0.10 0.35 0.10 0.06 0.04 0.04 0.28 0.09 0.09 0.02 0.14 0.17 0.09 0.00 0.13 0.15 0.25 0.14
0.15 0.09 0.05 0.12 0.12 0.17 0.22 0.11 0.22 0.13 0.09 0.11 0.17 0.23 0.04 0.04 0.13 0.09 0.12 0.07 0.13 0.00 0.07 0.12 0.01
0.17 0.05 0.13 0.15 0.20 0.15 0.25 0.18 0.19 0.21 0.11 0.16 0.20 0.15 0.06 0.09 0.15 0.01 0.13 0.15 0.15 0.07 0.00 0.17 0.09
0.27 0.18 0.07 0.24 0.15 0.08 0.34 0.15 0.11 0.15 0.20 0.22 0.29 0.32 0.15 0.15 0.25 0.18 0.22 0.16 0.25 0.12 0.17 0.00 0.11
0.16 0.10 0.04 0.14 0.11 0.16 0.23 0.10 0.21 0.12 0.10 0.12 0.18 0.24 0.05 0.05 0.14 0.10 0.13 0.06 0.14 0.01 0.09 0.11 0.00
Team_tasks_times:
Team 0:
1: 4.00
2: 0.25 3.00 3.00 0.50 2.00
3: 4.00
4: 2000.00 0.25 0.50
5: 0.25 3.00 3.00 0.50 2.00
6: 4.00
7: 4.00
8: 4.00
9: 0.25 3.00 3.00 0.50 2.00
10: 4.00
11: 0.25 3.00 3.00 0.50 2.00
12: 0.25 3.00 3.00 0.50 2.00
13: 2000.00 0.25 0.50
14: 4.00
15: 0.25 3.00 3.00 0.50 2.00
16: 2000.00 0.25 0.50
17: 0.25 3.00 3.00 0.50 2.00
18: 4.00
19: 0.25 3.00 3.00 0.50 2.00
20: 4.00
21: 4.00
22: 4.00
23: 4.00
24: 2000.00 0.25 0.50
Team 1:
1: 1.00
2: 0.75 3.00 1.50 4.00 4.00
3: 1.00
4: 2.00 0.50 3.00
5: 0.75 3.00 1.50 4.00 4.00
6: 1.00
7: 1.00
8: 1.00
9: 0.75 3.00 1.50 4.00 4.00
10: 1.00
11: 0.75 3.00 1.50 4.00 4.00
12: 0.75 3.00 1.50 4.00 4.00
13: 2.00 0.50 3.00
14: 1.00
15: 0.75 3.00 1.50 4.00 4.00
16: 2.00 0.50 3.00
17: 0.75 3.00 1.50 4.00 4.00
18: 1.00
19: 0.75 3.00 1.50 4.00 4.00
20: 1.00
21: 1.00
22: 1.00
23: 1.00
24: 2.00 0.50 3.00
Team 2:
1: 2.00
2: 0.75 1.00 1.00 1.00 1.00
3: 2.00
4: 2000.00 1.00 0.75
5: 0.75 1.00 1.00 1.00 1.00
6: 2.00
7: 2.00
8: 2.00
9: 0.75 1.00 1.00 1.00 1.00
10: 2.00
11: 0.75 1.00 1.00 1.00 1.00
12: 0.75 1.00 1.00 1.00 1.00
13: 2000.00 1.00 0.75
14: 2.00
15: 0.75 1.00 1.00 1.00 1.00
16: 2000.00 1.00 0.75
17: 0.75 1.00 1.00 1.00 1.00
18: 2.00
19: 0.75 1.00 1.00 1.00 1.00
20: 2.00
21: 2.00
22: 2.00
23: 2.00
24: 2000.00 1.00 0.75
