Number_of_customers: 25
Number_of_teams: 3
Number_of_services: 3
Customers_requested_services:
2 0 1 0 0 0 1 2 0 0 1 1 0 0 2 0 0 0 0 0 0 2 0 1
Daily_available_time: 8
Service 0:
Number_of_tasks: 1
Dependencies:
0: 
Service 1:
Number_of_tasks: 3
Dependencies:
0: 
1: 
2: 0 1
Service 2:
Number_of_tasks: 5
Dependencies:
0: 
1: 3 4
2: 3 4
3: 0
4: 0
Travel_times:
0.00 0.08 0.11 0.12 0.06 0.06 0.04 0.20 0.15 0.15 0.25 0.04 0.20 0.19 0.10 0.19 0.18 0.16 0.07 0.08 0.13 0.07 0.09 0.07 0.10
0.08 0.00 0.19 0.03 0.14 0.14 0.04 0.28 0.23 0.08 0.33 0.04 0.28 0.11 0.12 0.27 0.20 0.09 0.15 0.16 0.15 0.08 0.11 0.06 0.16
0.11 0.19 0.00 0.22 0.11 0.09 0.15 0.12 0.11 0.26 0.14 0.14 0.10 0.30 0.20 0.09 0.28 0.26 0.07 0.03 0.23 0.17 0.07 0.18 0.03
0.12 0.03 0.22 0.00 0.17 0.17 0.07 0.31 0.26 0.05 0.36 0.08 0.31 0.08 0.08 0.31 0.17 0.05 0.19 0.20 0.12 0.09 0.15 0.04 0.20
0.06 0.14 0.11 0.17 0.00 0.02 0.11 0.14 0.09 0.21 0.19 0.10 0.14 0.25 0.10 0.13 0.17 0.22 0.04 0.09 0.16 0.09 0.10 0.13 0.11
0.06 0.14 0.09 0.17 0.02 0.00 0.10 0.14 0.09 0.21 0.19 0.10 0.14 0.25 0.11 0.13 0.19 0.21 0.03 0.07 0.16 0.08 0.08 0.13 0.09
0.04 0.04 0.15 0.07 0.11 0.10 0.00 0.24 0.19 0.11 0.29 0.02 0.24 0.15 0.11 0.24 0.20 0.11 0.12 0.12 0.15 0.08 0.07 0.06 0.12
0.20 0.28 0.12 0.31 0.14 0.14 0.24 0.00 0.05 0.35 0.05 0.24 0.03 0.39 0.24 0.05 0.21 0.36 0.12 0.12 0.30 0.22 0.17 0.27 0.12
0.15 0.23 0.11 0.26 0.09 0.09 0.19 0.05 0.00 0.30 0.10 0.18 0.05 0.34 0.19 0.04 0.17 0.30 0.07 0.09 0.25 0.17 0.12 0.22 0.11
0.15 0.08 0.26 0.05 0.21 0.21 0.11 0.35 0.30 0.00 0.40 0.11 0.35 0.04 0.11 0.34 0.14 0.01 0.22 0.23 0.07 0.12 0.18 0.08 0.23
0.25 0.33 0.14 0.36 0.19 0.19 0.29 0.05 0.10 0.40 0.00 0.29 0.05 0.44 0.29 0.06 0.26 0.40 0.17 0.17 0.35 0.27 0.22 0.32 0.17
0.04 0.04 0.14 0.08 0.10 0.10 0.02 0.24 0.18 0.11 0.29 0.00 0.23 0.15 0.09 0.23 0.17 0.12 0.11 0.12 0.12 0.06 0.09 0.04 0.12
0.20 0.28 0.10 0.31 0.14 0.14 0.24 0.03 0.05 0.35 0.05 0.23 0.00 0.39 0.24 0.02 0.21 0.35 0.12 0.12 0.30 0.22 0.17 0.27 0.12
0.19 0.11 0.30 0.08 0.25 0.25 0.15 0.39 0.34 0.04 0.44 0.15 0.39 0.00 0.15 0.38 0.18 0.04 0.27 0.27 0.09 0.17 0.22 0.12 0.27
0.10 0.12 0.20 0.08 0.10 0.11 0.11 0.24 0.19 0.11 0.29 0.09 0.24 0.15 0.00 0.23 0.09 0.12 0.13 0.17 0.06 0.03 0.18 0.06 0.19
0.19 0.27 0.09 0.31 0.13 0.13 0.24 0.05 0.04 0.34 0.06 0.23 0.02 0.38 0.23 0.00 0.21 0.35 0.12 0.11 0.29 0.21 0.16 0.26 0.11
0.18 0.20 0.28 0.17 0.17 0.19 0.20 0.21 0.17 0.14 0.26 0.17 0.21 0.18 0.09 0.21 0.00 0.15 0.21 0.26 0.09 0.12 0.27 0.14 0.28
0.16 0.09 0.26 0.05 0.22 0.21 0.11 0.36 0.30 0.01 0.40 0.12 0.35 0.04 0.12 0.35 0.15 0.00 0.23 0.24 0.06 0.13 0.19 0.09 0.24
0.07 0.15 0.07 0.19 0.04 0.03 0.12 0.12 0.07 0.22 0.17 0.11 0.12 0.27 0.13 0.12 0.21 0.23 0.00 0.04 0.17 0.10 0.05 0.15 0.06
0.08 0.16 0.03 0.20 0.09 0.07 0.12 0.12 0.09 0.23 0.17 0.12 0.12 0.27 0.17 0.11 0.26 0.24 0.04 0.00 0.21 0.14 0.05 0.15 0.02
0.13 0.15 0.23 0.12 0.16 0.16 0.15 0.30 0.25 0.07 0.35 0.12 0.30 0.09 0.06 0.29 0.09 0.06 0.17 0.21 0.00 0.07 0.21 0.09 0.23
0.07 0.08 0.17 0.09 0.09 0.08 0.08 0.22 0.17 0.12 0.27 0.06 0.22 0.17 0.03 0.21 0.12 0.13 0.10 0.14 0.07 0.00 0.15 0.05 0.16
0.09 0.11 0.07 0.15 0.10 0.08 0.07 0.17 0.12 0.18 0.22 0.09 0.17 0.22 0.18 0.16 0.27 0.19 0.05 0.05 0.21 0.15 0.00 0.13 0.05
0.07 0.06 0.18 0.04 0.13 0.13 0.06 0.27 0.22 0.08 0.32 0.04 0.27 0.12 0.06 0.26 0.14 0.09 0.15 0.15 0.09 0.05 0.13 0.00 0.15
0.10 0.16 0.03 0.20 0.11 0.09 0.12 0.12 0.11 0.23 0.17 0.12 0.12 0.27 0.19 0.11 0.28 0.24 0.06 0.02 0.23 0.16 0.05 0.15 0.00
Team_tasks_times:
Team 0:
1: 1000.00 0.25 2.00 0.75 0.50
2: 0.75
3: 1.00 2.00 2.00
4: 0.75
5: 0.75
6: 0.75
7: 1.00 2.00 2.00
8: 1000.00 0.25 2.00 0.75 0.50
9: 0.75
10: 0.75
11: 1.00 2.00 2.00
12: 1.00 2.00 2.00
13: 0.75
14: 0.75
15: 1000.00 0.25 2.00 0.75 0.50
16: 0.75
17: 0.75
18: 0.75
19: 0.75
20: 0.75
21: 0.75
22: 1000.00 0.25 2.00 0.75 0.50
23: 0.75
24: 1.00 2.00 2.00
Team 1:
1: 1.50 0.50 2.00 500.00 0.25
2: 3.00
3: 1.00 1.00 1.00
4: 3.00
5: 3.00
6: 3.00
7: 1.00 1.00 1.00
8: 1.50 0.50 2.00 500.00 0.25
9: 3.00
10: 3.00
11: 1.00 1.00 1.00
12: 1.00 1.00 1.00
13: 3.00
14: 3.00
15: 1.50 0.50 2.00 500.00 0.25
16: 3.00
17: 3.00
18: 3.00
19: 3.00
20: 3.00
21: 3.00
22: 1.50 0.50 2.00 500.00 0.25
23: 3.00
24: 1.00 1.00 1.00
Team 2:
1: 500.00 4.00 4.00 1000.00 1.00
2: 0.75
3: 2.00 2.00 0.75
4: 0.75
5: 0.75
6: 0.75
7: 2.00 2.00 0.75
8: 500.00 4.00 4.00 1000.00 1.00
9: 0.75
10: 0.75
11: 2.00 2.00 0.75
12: 2.00 2.00 0.75
13: 0.75
14: 0.75
15: 500.00 4.00 4.00 1000.00 1.00
16: 0.75
17: 0.75
18: 0.75
19: 0.75
20: 0.75
21: 0.75
22: 500.00 4.00 4.00 1000.00 1.00
23: 0.75
24: 2.00 2.00 0.75
