Number_of_customers: 25
Number_of_teams: 3
Number_of_services: 1
Customers_requested_services:
0 0 0 0 0 0 0 0 0 0 0 0 0 0 0 0 0 0 0 0 0 0 0 0
Daily_available_time: 8
Service 0:
Number_of_tasks: 3
Dependencies:
0: 
1: 0 2
2: 
Travel_times:
0.00 0.07 0.07 0.16 0.07 0.24 0.09 0.18 0.10 0.11 0.14 0.07 0.04 0.10 0.13 0.17 0.19 0.05 0.23 0.18 0.13 0.11 0.14 0.10 0.20
0.07 0.00 0.07 0.15 0.14 0.17 0.14 0.12 0.04 0.19 0.14 0.07 0.11 0.10 0.20 0.16 0.18 0.04 0.15 0.14 0.21 0.10 0.14 0.17 0.13
0.07 0.07 0.00 0.21 0.15 0.22 0.08 0.17 0.07 0.13 0.21 0.14 0.08 0.04 0.15 0.09 0.11 0.11 0.21 0.16 0.15 0.08 0.21 0.12 0.18
0.16 0.15 0.21 0.00 0.22 0.21 0.23 0.26 0.18 0.27 0.09 0.14 0.20 0.24 0.29 0.31 0.33 0.11 0.10 0.28 0.29 0.25 0.04 0.26 0.12
0.07 0.14 0.15 0.22 0.00 0.30 0.17 0.25 0.15 0.07 0.14 0.08 0.07 0.18 0.12 0.24 0.26 0.11 0.29 0.24 0.07 0.18 0.18 0.15 0.26
0.24 0.17 0.22 0.21 0.30 0.00 0.30 0.06 0.15 0.35 0.21 0.22 0.28 0.26 0.37 0.18 0.20 0.19 0.12 0.07 0.37 0.14 0.21 0.34 0.09
0.09 0.14 0.08 0.23 0.17 0.30 0.00 0.25 0.16 0.10 0.23 0.16 0.10 0.04 0.07 0.12 0.10 0.13 0.29 0.25 0.12 0.16 0.23 0.04 0.27
0.18 0.12 0.17 0.26 0.25 0.06 0.25 0.00 0.09 0.30 0.26 0.19 0.22 0.21 0.31 0.13 0.15 0.16 0.16 0.02 0.32 0.09 0.26 0.28 0.14
0.10 0.04 0.07 0.18 0.15 0.15 0.16 0.09 0.00 0.21 0.17 0.11 0.13 0.12 0.22 0.13 0.15 0.08 0.13 0.10 0.23 0.07 0.17 0.19 0.11
0.11 0.19 0.13 0.27 0.07 0.35 0.10 0.30 0.21 0.00 0.19 0.14 0.08 0.11 0.06 0.17 0.20 0.16 0.34 0.30 0.02 0.21 0.23 0.09 0.32
0.14 0.14 0.21 0.09 0.14 0.21 0.23 0.26 0.17 0.19 0.00 0.07 0.13 0.24 0.20 0.30 0.32 0.10 0.15 0.28 0.21 0.24 0.04 0.21 0.13
0.07 0.07 0.14 0.14 0.08 0.22 0.16 0.19 0.11 0.14 0.07 0.00 0.06 0.17 0.15 0.24 0.26 0.03 0.20 0.21 0.15 0.17 0.10 0.15 0.18
0.04 0.11 0.08 0.20 0.07 0.28 0.10 0.22 0.13 0.08 0.13 0.06 0.00 0.11 0.09 0.17 0.19 0.08 0.26 0.22 0.10 0.14 0.15 0.08 0.24
0.10 0.10 0.04 0.24 0.18 0.26 0.04 0.21 0.12 0.11 0.24 0.17 0.11 0.00 0.11 0.08 0.09 0.14 0.25 0.21 0.13 0.12 0.24 0.07 0.23
0.13 0.20 0.15 0.29 0.12 0.37 0.07 0.31 0.22 0.06 0.20 0.15 0.09 0.11 0.00 0.18 0.17 0.17 0.35 0.31 0.08 0.23 0.25 0.03 0.33
0.17 0.16 0.09 0.31 0.24 0.18 0.12 0.13 0.13 0.17 0.30 0.24 0.17 0.08 0.18 0.00 0.02 0.21 0.21 0.12 0.20 0.06 0.30 0.15 0.18
0.19 0.18 0.11 0.33 0.26 0.20 0.10 0.15 0.15 0.20 0.32 0.26 0.19 0.09 0.17 0.02 0.00 0.23 0.23 0.15 0.22 0.08 0.32 0.14 0.21
0.05 0.04 0.11 0.11 0.11 0.19 0.13 0.16 0.08 0.16 0.10 0.03 0.08 0.14 0.17 0.21 0.23 0.00 0.18 0.18 0.18 0.14 0.10 0.15 0.15
0.23 0.15 0.21 0.10 0.29 0.12 0.29 0.16 0.13 0.34 0.15 0.20 0.26 0.25 0.35 0.21 0.23 0.18 0.00 0.18 0.36 0.15 0.11 0.32 0.02
0.18 0.14 0.16 0.28 0.24 0.07 0.25 0.02 0.10 0.30 0.28 0.21 0.22 0.21 0.31 0.12 0.15 0.18 0.18 0.00 0.31 0.08 0.28 0.28 0.16
0.13 0.21 0.15 0.29 0.07 0.37 0.12 0.32 0.23 0.02 0.21 0.15 0.10 0.13 0.08 0.20 0.22 0.18 0.36 0.31 0.00 0.23 0.25 0.11 0.33
0.11 0.10 0.08 0.25 0.18 0.14 0.16 0.09 0.07 0.21 0.24 0.17 0.14 0.12 0.23 0.06 0.08 0.14 0.15 0.08 0.23 0.00 0.24 0.20 0.12
0.14 0.14 0.21 0.04 0.18 0.21 0.23 0.26 0.17 0.23 0.04 0.10 0.15 0.24 0.25 0.30 0.32 0.10 0.11 0.28 0.25 0.24 0.00 0.22 0.12
0.10 0.17 0.12 0.26 0.15 0.34 0.04 0.28 0.19 0.09 0.21 0.15 0.08 0.07 0.03 0.15 0.14 0.15 0.32 0.28 0.11 0.20 0.22 0.00 0.30
0.20 0.13 0.18 0.12 0.26 0.09 0.27 0.14 0.11 0.32 0.13 0.18 0.24 0.23 0.33 0.18 0.21 0.15 0.02 0.16 0.33 0.12 0.12 0.30 0.00
Team_tasks_times:
Team 0:
1: 0.50 1000.00 1000.00
2: 0.50 1000.00 1000.00
3: 0.50 1000.00 1000.00
4: 0.50 1000.00 1000.00
5: 0.50 1000.00 1000.00
6: 0.50 1000.00 1000.00
7: 0.50 1000.00 1000.00
8: 0.50 1000.00 1000.00
9: 0.50 1000.00 1000.00
10: 0.50 1000.00 1000.00
11: 0.50 1000.00 1000.00
12: 0.50 1000.00 1000.00
13: 0.50 1000.00 1000.00
14: 0.50 1000.00 1000.00
15: 0.50 1000.00 1000.00
16: 0.50 1000.00 1000.00
17: 0.50 1000.00 1000.00
18: 0.50 1000.00 1000.00
19: 0.50 1000.00 1000.00
20: 0.50 1000.00 1000.00
21: 0.50 1000.00 1000.00
22: 0.50 1000.00 1000.00
23: 0.50 1000.00 1000.00
24: 0.50 1000.00 1000.00
Team 1:
1: 1000.00 0.75 1000.00
2: 1000.00 0.75 1000.00
3: 1000.00 0.75 1000.00
4: 1000.00 0.75 1000.00
5: 1000.00 0.75 1000.00
6: 1000.00 0.75 1000.00
7: 1000.00 0.75 1000.00
8: 1000.00 0.75 1000.00
9: 1000.00 0.75 1000.00
10: 1000.00 0.75 1000.00
11: 1000.00 0.75 1000.00
12: 1000.00 0.75 1000.00
13: 1000.00 0.75 1000.00
14: 1000.00 0.75 1000.00
15: 1000.00 0.75 1000.00
16: 1000.00 0.75 1000.00
17: 1000.00 0.75 1000.00
18: 1000.00 0.75 1000.00
19: 1000.00 0.75 1000.00
20: 1000.00 0.75 1000.00
21: 1000.00 0.75 1000.00
22: 1000.00 0.75 1000.00
23: 1000.00 0.75 1000.00
24: 1000.00 0.75 1000.00
Team 2:
1: 1000.00 1000.00 0.25
2: 1000.00 1000.00 0.25
3: 1000.00 1000.00 0.25
4: 1000.00 1000.00 0.25
5: 1000.00 1000.00 0.25
6: 1000.00 1000.00 0.25
7: 1000.00 1000.00 0.25
8: 1000.00 1000.00 0.25
9: 1000.00 1000.00 0.25
10: 1000.00 1000.00 0.25
11: 1000.00 1000.00 0.25
12: 1000.00 1000.00 0.25
13: 1000.00 1000.00 0.25
14: 1000.00 1000.00 0.25
15: 1000.00 1000.00 0.25
16: 1000.00 1000.00 0.25
17: 1000.00 1000.00 0.25
18: 1000.00 1000.00 0.25
19: 1000.00 1000.00 0.25
20: 1000.00 1000.00 0.25
21: 1000.00 1000.00 0.25
22: 1000.00 1000.00 0.25
23: 1000.00 1000.00 0.25
24: 1000.00 1000.00 0.25
