Number_of_customers: 25
Number_of_teams: 3
Number_of_services: 1
Customers_requested_services:
0 0 0 0 0 0 0 0 0 0 0 0 0 0 0 0 0 0 0 0 0 0 0 0
Daily_available_time: 8
Service 0:
Number_of_tasks: 3
Dependencies:
0: 
1: 
2: 
Travel_times:
0.00 0.10 0.07 0.07 0.03 0.10 0.18 0.13 0.22 0.04 0.04 0.15 0.10 0.04 0.25 0.15 0.14 0.09 0.30 0.15 0.09 0.15 0.26 0.07 0.11
0.10 0.00 0.11 0.10 0.13 0.06 0.08 0.11 0.12 0.07 0.06 0.04 0.20 0.15 0.15 0.25 0.07 0.20 0.19 0.16 0.19 0.24 0.16 0.07 0.08
0.07 0.11 0.00 0.02 0.06 0.11 0.20 0.06 0.23 0.05 0.06 0.16 0.09 0.05 0.26 0.14 0.15 0.08 0.31 0.15 0.08 0.23 0.27 0.04 0.03
0.07 0.10 0.02 0.00 0.04 0.10 0.18 0.07 0.21 0.04 0.04 0.14 0.10 0.05 0.25 0.15 0.14 0.10 0.29 0.14 0.09 0.21 0.26 0.03 0.04
0.03 0.13 0.06 0.04 0.00 0.13 0.21 0.11 0.24 0.07 0.07 0.17 0.07 0.02 0.28 0.12 0.17 0.07 0.32 0.17 0.06 0.17 0.29 0.06 0.09
0.10 0.06 0.11 0.10 0.13 0.00 0.08 0.11 0.12 0.06 0.06 0.04 0.20 0.15 0.15 0.25 0.04 0.20 0.19 0.10 0.19 0.18 0.16 0.07 0.08
0.18 0.08 0.20 0.18 0.21 0.08 0.00 0.19 0.03 0.14 0.14 0.04 0.28 0.23 0.08 0.33 0.04 0.28 0.11 0.12 0.27 0.20 0.09 0.15 0.16
0.13 0.11 0.06 0.07 0.11 0.11 0.19 0.00 0.22 0.11 0.09 0.15 0.12 0.11 0.26 0.14 0.14 0.10 0.30 0.20 0.09 0.28 0.26 0.07 0.03
0.22 0.12 0.23 0.21 0.24 0.12 0.03 0.22 0.00 0.17 0.17 0.07 0.31 0.26 0.05 0.36 0.08 0.31 0.08 0.08 0.31 0.17 0.05 0.19 0.20
0.04 0.07 0.05 0.04 0.07 0.06 0.14 0.11 0.17 0.00 0.02 0.11 0.14 0.09 0.21 0.19 0.10 0.14 0.25 0.10 0.13 0.17 0.22 0.04 0.09
0.04 0.06 0.06 0.04 0.07 0.06 0.14 0.09 0.17 0.02 0.00 0.10 0.14 0.09 0.21 0.19 0.10 0.14 0.25 0.11 0.13 0.19 0.21 0.03 0.07
0.15 0.04 0.16 0.14 0.17 0.04 0.04 0.15 0.07 0.11 0.10 0.00 0.24 0.19 0.11 0.29 0.02 0.24 0.15 0.11 0.24 0.20 0.11 0.12 0.12
0.10 0.20 0.09 0.10 0.07 0.20 0.28 0.12 0.31 0.14 0.14 0.24 0.00 0.05 0.35 0.05 0.24 0.03 0.39 0.24 0.05 0.21 0.36 0.12 0.12
0.04 0.15 0.05 0.05 0.02 0.15 0.23 0.11 0.26 0.09 0.09 0.19 0.05 0.00 0.30 0.10 0.18 0.05 0.34 0.19 0.04 0.17 0.30 0.07 0.09
0.25 0.15 0.26 0.25 0.28 0.15 0.08 0.26 0.05 0.21 0.21 0.11 0.35 0.30 0.00 0.40 0.11 0.35 0.04 0.11 0.34 0.14 0.01 0.22 0.23
0.15 0.25 0.14 0.15 0.12 0.25 0.33 0.14 0.36 0.19 0.19 0.29 0.05 0.10 0.40 0.00 0.29 0.05 0.44 0.29 0.06 0.26 0.40 0.17 0.17
0.14 0.07 0.15 0.14 0.17 0.04 0.04 0.14 0.08 0.10 0.10 0.02 0.24 0.18 0.11 0.29 0.00 0.23 0.15 0.09 0.23 0.17 0.12 0.11 0.12
0.09 0.20 0.08 0.10 0.07 0.20 0.28 0.10 0.31 0.14 0.14 0.24 0.03 0.05 0.35 0.05 0.23 0.00 0.39 0.24 0.02 0.21 0.35 0.12 0.12
0.30 0.19 0.31 0.29 0.32 0.19 0.11 0.30 0.08 0.25 0.25 0.15 0.39 0.34 0.04 0.44 0.15 0.39 0.00 0.15 0.38 0.18 0.04 0.27 0.27
0.15 0.16 0.15 0.14 0.17 0.10 0.12 0.20 0.08 0.10 0.11 0.11 0.24 0.19 0.11 0.29 0.09 0.24 0.15 0.00 0.23 0.09 0.12 0.13 0.17
0.09 0.19 0.08 0.09 0.06 0.19 0.27 0.09 0.31 0.13 0.13 0.24 0.05 0.04 0.34 0.06 0.23 0.02 0.38 0.23 0.00 0.21 0.35 0.12 0.11
0.15 0.24 0.23 0.21 0.17 0.18 0.20 0.28 0.17 0.17 0.19 0.20 0.21 0.17 0.14 0.26 0.17 0.21 0.18 0.09 0.21 0.00 0.15 0.21 0.26
0.26 0.16 0.27 0.26 0.29 0.16 0.09 0.26 0.05 0.22 0.21 0.11 0.36 0.30 0.01 0.40 0.12 0.35 0.04 0.12 0.35 0.15 0.00 0.23 0.24
0.07 0.07 0.04 0.03 0.06 0.07 0.15 0.07 0.19 0.04 0.03 0.12 0.12 0.07 0.22 0.17 0.11 0.12 0.27 0.13 0.12 0.21 0.23 0.00 0.04
0.11 0.08 0.03 0.04 0.09 0.08 0.16 0.03 0.20 0.09 0.07 0.12 0.12 0.09 0.23 0.17 0.12 0.12 0.27 0.17 0.11 0.26 0.24 0.04 0.00
Team_tasks_times:
Team 0:
1: 0.50 1000.00 1000.00
2: 0.50 1000.00 1000.00
3: 0.50 1000.00 1000.00
4: 0.50 1000.00 1000.00
5: 0.50 1000.00 1000.00
6: 0.50 1000.00 1000.00
7: 0.50 1000.00 1000.00
8: 0.50 1000.00 1000.00
9: 0.50 1000.00 1000.00
10: 0.50 1000.00 1000.00
11: 0.50 1000.00 1000.00
12: 0.50 1000.00 1000.00
13: 0.50 1000.00 1000.00
14: 0.50 1000.00 1000.00
15: 0.50 1000.00 1000.00
16: 0.50 1000.00 1000.00
17: 0.50 1000.00 1000.00
18: 0.50 1000.00 1000.00
19: 0.50 1000.00 1000.00
20: 0.50 1000.00 1000.00
21: 0.50 1000.00 1000.00
22: 0.50 1000.00 1000.00
23: 0.50 1000.00 1000.00
24: 0.50 1000.00 1000.00
Team 1:
1: 1000.00 2.00 1000.00
2: 1000.00 2.00 1000.00
3: 1000.00 2.00 1000.00
4: 1000.00 2.00 1000.00
5: 1000.00 2.00 1000.00
6: 1000.00 2.00 1000.00
7: 1000.00 2.00 1000.00
8: 1000.00 2.00 1000.00
9: 1000.00 2.00 1000.00
10: 1000.00 2.00 1000.00
11: 1000.00 2.00 1000.00
12: 1000.00 2.00 1000.00
13: 1000.00 2.00 1000.00
14: 1000.00 2.00 1000.00
15: 1000.00 2.00 1000.00
16: 1000.00 2.00 1000.00
17: 1000.00 2.00 1000.00
18: 1000.00 2.00 1000.00
19: 1000.00 2.00 1000.00
20: 1000.00 2.00 1000.00
21: 1000.00 2.00 1000.00
22: 1000.00 2.00 1000.00
23: 1000.00 2.00 1000.00
24: 1000.00 2.00 1000.00
Team 2:
1: 1000.00 1000.00 0.50
2: 1000.00 1000.00 0.50
3: 1000.00 1000.00 0.50
4: 1000.00 1000.00 0.50
5: 1000.00 1000.00 0.50
6: 1000.00 1000.00 0.50
7: 1000.00 1000.00 0.50
8: 1000.00 1000.00 0.50
9: 1000.00 1000.00 0.50
10: 1000.00 1000.00 0.50
11: 1000.00 1000.00 0.50
12: 1000.00 1000.00 0.50
13: 1000.00 1000.00 0.50
14: 1000.00 1000.00 0.50
15: 1000.00 1000.00 0.50
16: 1000.00 1000.00 0.50
17: 1000.00 1000.00 0.50
18: 1000.00 1000.00 0.50
19: 1000.00 1000.00 0.50
20: 1000.00 1000.00 0.50
21: 1000.00 1000.00 0.50
22: 1000.00 1000.00 0.50
23: 1000.00 1000.00 0.50
24: 1000.00 1000.00 0.50
