Number_of_customers: 25
Number_of_teams: 3
Number_of_services: 1
Customers_requested_services:
0 0 0 0 0 0 0 0 0 0 0 0 0 0 0 0 0 0 0 0 0 0 0 0
Daily_available_time: 8
Service 0:
Number_of_tasks: 3
Dependencies:
0: 2
1: 
2: 1
Travel_times:
0.00 0.04 0.13 0.17 0.06 0.14 0.13 0.16 0.18 0.23 0.04 0.17 0.12 0.17 0.22 0.20 0.10 0.16 0.26 0.11 0.20 0.06 0.07 0.16 0.03
0.04 0.00 0.13 0.16 0.03 0.17 0.17 0.15 0.18 0.27 0.08 0.16 0.09 0.17 0.21 0.24 0.06 0.20 0.30 0.08 0.20 0.06 0.03 0.15 0.02
0.13 0.13 0.00 0.06 0.15 0.05 0.12 0.16 0.05 0.15 0.17 0.04 0.21 0.20 0.09 0.12 0.18 0.07 0.17 0.19 0.11 0.12 0.15 0.24 0.11
0.17 0.16 0.06 0.00 0.18 0.11 0.15 0.10 0.04 0.21 0.20 0.07 0.15 0.14 0.14 0.17 0.18 0.14 0.23 0.13 0.05 0.11 0.14 0.18 0.15
0.06 0.03 0.15 0.18 0.00 0.20 0.19 0.17 0.19 0.30 0.11 0.18 0.07 0.18 0.23 0.26 0.04 0.22 0.32 0.10 0.21 0.07 0.04 0.16 0.04
0.14 0.17 0.05 0.11 0.20 0.00 0.11 0.21 0.07 0.10 0.16 0.04 0.26 0.25 0.09 0.07 0.23 0.03 0.12 0.24 0.16 0.17 0.20 0.29 0.16
0.13 0.17 0.12 0.15 0.19 0.11 0.00 0.21 0.17 0.10 0.09 0.15 0.25 0.24 0.20 0.07 0.23 0.11 0.13 0.24 0.19 0.16 0.20 0.29 0.16
0.16 0.15 0.16 0.10 0.17 0.21 0.21 0.00 0.14 0.31 0.20 0.17 0.10 0.04 0.24 0.28 0.17 0.24 0.34 0.07 0.05 0.10 0.13 0.08 0.14
0.18 0.18 0.05 0.04 0.19 0.07 0.17 0.14 0.00 0.17 0.22 0.03 0.19 0.18 0.10 0.14 0.19 0.10 0.19 0.17 0.09 0.12 0.15 0.22 0.16
0.23 0.27 0.15 0.21 0.30 0.10 0.10 0.31 0.17 0.00 0.19 0.14 0.36 0.35 0.15 0.03 0.33 0.07 0.05 0.34 0.26 0.26 0.30 0.39 0.26
0.04 0.08 0.17 0.20 0.11 0.16 0.09 0.20 0.22 0.19 0.00 0.20 0.17 0.21 0.26 0.16 0.14 0.16 0.21 0.15 0.24 0.10 0.11 0.20 0.07
0.17 0.16 0.04 0.07 0.18 0.04 0.15 0.17 0.03 0.14 0.20 0.00 0.21 0.20 0.07 0.11 0.19 0.07 0.17 0.20 0.12 0.12 0.15 0.25 0.15
0.12 0.09 0.21 0.15 0.07 0.26 0.25 0.10 0.19 0.36 0.17 0.21 0.00 0.11 0.29 0.32 0.07 0.28 0.38 0.02 0.14 0.09 0.06 0.09 0.10
0.17 0.17 0.20 0.14 0.18 0.25 0.24 0.04 0.18 0.35 0.21 0.20 0.11 0.00 0.28 0.31 0.18 0.27 0.37 0.09 0.09 0.11 0.14 0.04 0.15
0.22 0.21 0.09 0.14 0.23 0.09 0.20 0.24 0.10 0.15 0.26 0.07 0.29 0.28 0.00 0.15 0.26 0.10 0.10 0.27 0.19 0.19 0.23 0.32 0.20
0.20 0.24 0.12 0.17 0.26 0.07 0.07 0.28 0.14 0.03 0.16 0.11 0.32 0.31 0.15 0.00 0.30 0.06 0.06 0.31 0.23 0.23 0.27 0.36 0.23
0.10 0.06 0.18 0.18 0.04 0.23 0.23 0.17 0.19 0.33 0.14 0.19 0.07 0.18 0.26 0.30 0.00 0.26 0.36 0.10 0.21 0.07 0.04 0.16 0.07
0.16 0.20 0.07 0.14 0.22 0.03 0.11 0.24 0.10 0.07 0.16 0.07 0.28 0.27 0.10 0.06 0.26 0.00 0.10 0.27 0.19 0.19 0.23 0.32 0.19
0.26 0.30 0.17 0.23 0.32 0.12 0.13 0.34 0.19 0.05 0.21 0.17 0.38 0.37 0.10 0.06 0.36 0.10 0.00 0.37 0.29 0.29 0.32 0.42 0.29
0.11 0.08 0.19 0.13 0.10 0.24 0.24 0.07 0.17 0.34 0.15 0.20 0.02 0.09 0.27 0.31 0.10 0.27 0.37 0.00 0.12 0.08 0.06 0.07 0.08
0.20 0.20 0.11 0.05 0.21 0.16 0.19 0.05 0.09 0.26 0.24 0.12 0.14 0.09 0.19 0.23 0.21 0.19 0.29 0.12 0.00 0.14 0.18 0.13 0.18
0.06 0.06 0.12 0.11 0.07 0.17 0.16 0.10 0.12 0.26 0.10 0.12 0.09 0.11 0.19 0.23 0.07 0.19 0.29 0.08 0.14 0.00 0.04 0.13 0.04
0.07 0.03 0.15 0.14 0.04 0.20 0.20 0.13 0.15 0.30 0.11 0.15 0.06 0.14 0.23 0.27 0.04 0.23 0.32 0.06 0.18 0.04 0.00 0.12 0.04
0.16 0.15 0.24 0.18 0.16 0.29 0.29 0.08 0.22 0.39 0.20 0.25 0.09 0.04 0.32 0.36 0.16 0.32 0.42 0.07 0.13 0.13 0.12 0.00 0.13
0.03 0.02 0.11 0.15 0.04 0.16 0.16 0.14 0.16 0.26 0.07 0.15 0.10 0.15 0.20 0.23 0.07 0.19 0.29 0.08 0.18 0.04 0.04 0.13 0.00
Team_tasks_times:
Team 0:
1: 4.00 1000.00 1000.00
2: 4.00 1000.00 1000.00
3: 4.00 1000.00 1000.00
4: 4.00 1000.00 1000.00
5: 4.00 1000.00 1000.00
6: 4.00 1000.00 1000.00
7: 4.00 1000.00 1000.00
8: 4.00 1000.00 1000.00
9: 4.00 1000.00 1000.00
10: 4.00 1000.00 1000.00
11: 4.00 1000.00 1000.00
12: 4.00 1000.00 1000.00
13: 4.00 1000.00 1000.00
14: 4.00 1000.00 1000.00
15: 4.00 1000.00 1000.00
16: 4.00 1000.00 1000.00
17: 4.00 1000.00 1000.00
18: 4.00 1000.00 1000.00
19: 4.00 1000.00 1000.00
20: 4.00 1000.00 1000.00
21: 4.00 1000.00 1000.00
22: 4.00 1000.00 1000.00
23: 4.00 1000.00 1000.00
24: 4.00 1000.00 1000.00
Team 1:
1: 1000.00 2.00 1000.00
2: 1000.00 2.00 1000.00
3: 1000.00 2.00 1000.00
4: 1000.00 2.00 1000.00
5: 1000.00 2.00 1000.00
6: 1000.00 2.00 1000.00
7: 1000.00 2.00 1000.00
8: 1000.00 2.00 1000.00
9: 1000.00 2.00 1000.00
10: 1000.00 2.00 1000.00
11: 1000.00 2.00 1000.00
12: 1000.00 2.00 1000.00
13: 1000.00 2.00 1000.00
14: 1000.00 2.00 1000.00
15: 1000.00 2.00 1000.00
16: 1000.00 2.00 1000.00
17: 1000.00 2.00 1000.00
18: 1000.00 2.00 1000.00
19: 1000.00 2.00 1000.00
20: 1000.00 2.00 1000.00
21: 1000.00 2.00 1000.00
22: 1000.00 2.00 1000.00
23: 1000.00 2.00 1000.00
24: 1000.00 2.00 1000.00
Team 2:
1: 1000.00 1000.00 2.00
2: 1000.00 1000.00 2.00
3: 1000.00 1000.00 2.00
4: 1000.00 1000.00 2.00
5: 1000.00 1000.00 2.00
6: 1000.00 1000.00 2.00
7: 1000.00 1000.00 2.00
8: 1000.00 1000.00 2.00
9: 1000.00 1000.00 2.00
10: 1000.00 1000.00 2.00
11: 1000.00 1000.00 2.00
12: 1000.00 1000.00 2.00
13: 1000.00 1000.00 2.00
14: 1000.00 1000.00 2.00
15: 1000.00 1000.00 2.00
16: 1000.00 1000.00 2.00
17: 1000.00 1000.00 2.00
18: 1000.00 1000.00 2.00
19: 1000.00 1000.00 2.00
20: 1000.00 1000.00 2.00
21: 1000.00 1000.00 2.00
22: 1000.00 1000.00 2.00
23: 1000.00 1000.00 2.00
24: 1000.00 1000.00 2.00
