Number_of_customers: 25
Number_of_teams: 3
Number_of_services: 1
Customers_requested_services:
0 0 0 0 0 0 0 0 0 0 0 0 0 0 0 0 0 0 0 0 0 0 0 0
Daily_available_time: 8
Service 0:
Number_of_tasks: 3
Dependencies:
0: 1
1: 
2: 1
Travel_times:
0.00 0.23 0.09 0.30 0.06 0.08 0.27 0.10 0.25 0.15 0.25 0.13 0.26 0.19 0.24 0.15 0.13 0.24 0.36 0.26 0.11 0.09 0.07 0.24 0.04
0.23 0.00 0.22 0.15 0.17 0.23 0.07 0.20 0.21 0.16 0.14 0.13 0.15 0.29 0.04 0.11 0.29 0.12 0.17 0.06 0.12 0.15 0.30 0.18 0.24
0.09 0.22 0.00 0.21 0.06 0.12 0.18 0.02 0.16 0.15 0.24 0.13 0.26 0.11 0.23 0.12 0.17 0.15 0.28 0.21 0.10 0.07 0.08 0.23 0.04
0.30 0.15 0.21 0.00 0.26 0.33 0.11 0.19 0.05 0.26 0.24 0.23 0.25 0.13 0.16 0.15 0.38 0.06 0.07 0.14 0.19 0.21 0.23 0.28 0.25
0.06 0.17 0.06 0.26 0.00 0.07 0.23 0.07 0.21 0.09 0.18 0.07 0.20 0.15 0.20 0.11 0.12 0.20 0.33 0.22 0.07 0.05 0.14 0.17 0.08
0.08 0.23 0.12 0.33 0.07 0.00 0.30 0.13 0.28 0.07 0.17 0.10 0.18 0.22 0.27 0.18 0.06 0.27 0.39 0.29 0.14 0.12 0.15 0.15 0.10
0.27 0.07 0.18 0.11 0.23 0.30 0.00 0.17 0.17 0.23 0.21 0.20 0.22 0.25 0.05 0.12 0.36 0.07 0.10 0.03 0.16 0.18 0.26 0.25 0.22
0.10 0.20 0.02 0.19 0.07 0.13 0.17 0.00 0.15 0.13 0.22 0.11 0.24 0.09 0.21 0.09 0.19 0.14 0.26 0.19 0.07 0.04 0.10 0.21 0.06
0.25 0.21 0.16 0.05 0.21 0.28 0.17 0.15 0.00 0.21 0.22 0.18 0.24 0.08 0.21 0.10 0.34 0.09 0.12 0.19 0.14 0.16 0.18 0.23 0.20
0.15 0.16 0.15 0.26 0.09 0.07 0.23 0.13 0.21 0.00 0.09 0.03 0.11 0.21 0.20 0.11 0.13 0.20 0.32 0.21 0.07 0.08 0.23 0.08 0.17
0.25 0.14 0.24 0.24 0.18 0.17 0.21 0.22 0.22 0.09 0.00 0.11 0.02 0.30 0.18 0.12 0.14 0.18 0.31 0.20 0.14 0.17 0.32 0.04 0.26
0.13 0.13 0.13 0.23 0.07 0.10 0.20 0.11 0.18 0.03 0.11 0.00 0.13 0.19 0.17 0.08 0.15 0.17 0.30 0.19 0.04 0.06 0.21 0.10 0.15
0.26 0.15 0.26 0.25 0.20 0.18 0.22 0.24 0.24 0.11 0.02 0.13 0.00 0.32 0.19 0.14 0.14 0.19 0.32 0.21 0.16 0.19 0.34 0.03 0.28
0.19 0.29 0.11 0.13 0.15 0.22 0.25 0.09 0.08 0.21 0.30 0.19 0.32 0.00 0.29 0.18 0.28 0.17 0.17 0.27 0.16 0.13 0.12 0.29 0.15
0.24 0.04 0.23 0.16 0.20 0.27 0.05 0.21 0.21 0.20 0.18 0.17 0.19 0.29 0.00 0.12 0.32 0.12 0.15 0.02 0.13 0.16 0.31 0.22 0.25
0.15 0.11 0.12 0.15 0.11 0.18 0.12 0.09 0.10 0.11 0.12 0.08 0.14 0.18 0.12 0.00 0.24 0.09 0.21 0.11 0.04 0.06 0.20 0.14 0.14
0.13 0.29 0.17 0.38 0.12 0.06 0.36 0.19 0.34 0.13 0.14 0.15 0.14 0.28 0.32 0.24 0.00 0.33 0.45 0.34 0.20 0.17 0.20 0.11 0.14
0.24 0.12 0.15 0.06 0.20 0.27 0.07 0.14 0.09 0.20 0.18 0.17 0.19 0.17 0.12 0.09 0.33 0.00 0.12 0.10 0.13 0.15 0.19 0.22 0.19
0.36 0.17 0.28 0.07 0.33 0.39 0.10 0.26 0.12 0.32 0.31 0.30 0.32 0.17 0.15 0.21 0.45 0.12 0.00 0.13 0.26 0.28 0.29 0.35 0.32
0.26 0.06 0.21 0.14 0.22 0.29 0.03 0.19 0.19 0.21 0.20 0.19 0.21 0.27 0.02 0.11 0.34 0.10 0.13 0.00 0.15 0.17 0.29 0.24 0.23
0.11 0.12 0.10 0.19 0.07 0.14 0.16 0.07 0.14 0.07 0.14 0.04 0.16 0.16 0.13 0.04 0.20 0.13 0.26 0.15 0.00 0.03 0.18 0.13 0.12
0.09 0.15 0.07 0.21 0.05 0.12 0.18 0.04 0.16 0.08 0.17 0.06 0.19 0.13 0.16 0.06 0.17 0.15 0.28 0.17 0.03 0.00 0.15 0.16 0.09
0.07 0.30 0.08 0.23 0.14 0.15 0.26 0.10 0.18 0.23 0.32 0.21 0.34 0.12 0.31 0.20 0.20 0.19 0.29 0.29 0.18 0.15 0.00 0.31 0.06
0.24 0.18 0.23 0.28 0.17 0.15 0.25 0.21 0.23 0.08 0.04 0.10 0.03 0.29 0.22 0.14 0.11 0.22 0.35 0.24 0.13 0.16 0.31 0.00 0.25
0.04 0.24 0.04 0.25 0.08 0.10 0.22 0.06 0.20 0.17 0.26 0.15 0.28 0.15 0.25 0.14 0.14 0.19 0.32 0.23 0.12 0.09 0.06 0.25 0.00
Team_tasks_times:
Team 0:
1: 0.50 1000.00 1000.00
2: 0.50 1000.00 1000.00
3: 0.50 1000.00 1000.00
4: 0.50 1000.00 1000.00
5: 0.50 1000.00 1000.00
6: 0.50 1000.00 1000.00
7: 0.50 1000.00 1000.00
8: 0.50 1000.00 1000.00
9: 0.50 1000.00 1000.00
10: 0.50 1000.00 1000.00
11: 0.50 1000.00 1000.00
12: 0.50 1000.00 1000.00
13: 0.50 1000.00 1000.00
14: 0.50 1000.00 1000.00
15: 0.50 1000.00 1000.00
16: 0.50 1000.00 1000.00
17: 0.50 1000.00 1000.00
18: 0.50 1000.00 1000.00
19: 0.50 1000.00 1000.00
20: 0.50 1000.00 1000.00
21: 0.50 1000.00 1000.00
22: 0.50 1000.00 1000.00
23: 0.50 1000.00 1000.00
24: 0.50 1000.00 1000.00
Team 1:
1: 1000.00 0.50 1000.00
2: 1000.00 0.50 1000.00
3: 1000.00 0.50 1000.00
4: 1000.00 0.50 1000.00
5: 1000.00 0.50 1000.00
6: 1000.00 0.50 1000.00
7: 1000.00 0.50 1000.00
8: 1000.00 0.50 1000.00
9: 1000.00 0.50 1000.00
10: 1000.00 0.50 1000.00
11: 1000.00 0.50 1000.00
12: 1000.00 0.50 1000.00
13: 1000.00 0.50 1000.00
14: 1000.00 0.50 1000.00
15: 1000.00 0.50 1000.00
16: 1000.00 0.50 1000.00
17: 1000.00 0.50 1000.00
18: 1000.00 0.50 1000.00
19: 1000.00 0.50 1000.00
20: 1000.00 0.50 1000.00
21: 1000.00 0.50 1000.00
22: 1000.00 0.50 1000.00
23: 1000.00 0.50 1000.00
24: 1000.00 0.50 1000.00
Team 2:
1: 1000.00 1000.00 0.75
2: 1000.00 1000.00 0.75
3: 1000.00 1000.00 0.75
4: 1000.00 1000.00 0.75
5: 1000.00 1000.00 0.75
6: 1000.00 1000.00 0.75
7: 1000.00 1000.00 0.75
8: 1000.00 1000.00 0.75
9: 1000.00 1000.00 0.75
10: 1000.00 1000.00 0.75
11: 1000.00 1000.00 0.75
12: 1000.00 1000.00 0.75
13: 1000.00 1000.00 0.75
14: 1000.00 1000.00 0.75
15: 1000.00 1000.00 0.75
16: 1000.00 1000.00 0.75
17: 1000.00 1000.00 0.75
18: 1000.00 1000.00 0.75
19: 1000.00 1000.00 0.75
20: 1000.00 1000.00 0.75
21: 1000.00 1000.00 0.75
22: 1000.00 1000.00 0.75
23: 1000.00 1000.00 0.75
24: 1000.00 1000.00 0.75
