Number_of_customers: 25
Number_of_teams: 3
Number_of_services: 1
Customers_requested_services:
0 0 0 0 0 0 0 0 0 0 0 0 0 0 0 0 0 0 0 0 0 0 0 0
Daily_available_time: 8
Service 0:
Number_of_tasks: 3
Dependencies:
0: 
1: 0 2
2: 
Travel_times:
0.00 0.26 0.07 0.17 0.39 0.18 0.32 0.24 0.10 0.23 0.04 0.08 0.19 0.13 0.15 0.19 0.27 0.04 0.09 0.32 0.20 0.11 0.15 0.19 0.25
0.26 0.00 0.23 0.18 0.12 0.11 0.12 0.28 0.21 0.21 0.22 0.18 0.09 0.28 0.31 0.15 0.02 0.29 0.17 0.06 0.06 0.15 0.31 0.17 0.26
0.07 0.23 0.00 0.13 0.35 0.12 0.28 0.21 0.13 0.19 0.04 0.04 0.15 0.20 0.23 0.15 0.24 0.06 0.05 0.28 0.16 0.07 0.23 0.15 0.21
0.17 0.18 0.13 0.00 0.22 0.21 0.15 0.10 0.07 0.06 0.13 0.10 0.09 0.10 0.12 0.03 0.17 0.19 0.08 0.15 0.22 0.09 0.13 0.02 0.08
0.39 0.12 0.35 0.22 0.00 0.23 0.07 0.19 0.29 0.15 0.35 0.31 0.19 0.28 0.24 0.20 0.11 0.41 0.30 0.07 0.18 0.27 0.26 0.20 0.17
0.18 0.11 0.12 0.21 0.23 0.00 0.16 0.31 0.23 0.23 0.14 0.11 0.12 0.31 0.33 0.17 0.12 0.18 0.12 0.16 0.04 0.12 0.33 0.20 0.28
0.32 0.12 0.28 0.15 0.07 0.16 0.00 0.16 0.23 0.09 0.28 0.24 0.13 0.21 0.19 0.13 0.10 0.35 0.23 0.08 0.16 0.21 0.19 0.13 0.14
0.24 0.28 0.21 0.10 0.19 0.31 0.16 0.00 0.15 0.07 0.20 0.20 0.19 0.14 0.10 0.13 0.27 0.27 0.18 0.24 0.32 0.18 0.11 0.11 0.03
0.10 0.21 0.13 0.07 0.29 0.23 0.23 0.15 0.00 0.14 0.09 0.12 0.12 0.07 0.10 0.09 0.19 0.12 0.11 0.23 0.25 0.11 0.10 0.09 0.15
0.23 0.21 0.19 0.06 0.15 0.23 0.09 0.07 0.14 0.00 0.19 0.15 0.12 0.12 0.10 0.06 0.19 0.26 0.14 0.17 0.25 0.12 0.10 0.04 0.05
0.04 0.22 0.04 0.13 0.35 0.14 0.28 0.20 0.09 0.19 0.00 0.04 0.15 0.16 0.19 0.15 0.23 0.07 0.05 0.28 0.16 0.07 0.19 0.15 0.21
0.08 0.18 0.04 0.10 0.31 0.11 0.24 0.20 0.12 0.15 0.04 0.00 0.11 0.20 0.22 0.11 0.19 0.11 0.02 0.24 0.12 0.03 0.23 0.11 0.17
0.19 0.09 0.15 0.09 0.19 0.12 0.13 0.19 0.12 0.12 0.15 0.11 0.00 0.19 0.21 0.06 0.08 0.22 0.10 0.13 0.13 0.08 0.22 0.08 0.17
0.13 0.28 0.20 0.10 0.28 0.31 0.21 0.14 0.07 0.12 0.16 0.20 0.19 0.00 0.04 0.13 0.27 0.17 0.18 0.24 0.32 0.18 0.03 0.11 0.14
0.15 0.31 0.23 0.12 0.24 0.33 0.19 0.10 0.10 0.10 0.19 0.22 0.21 0.04 0.00 0.15 0.29 0.19 0.21 0.27 0.35 0.21 0.01 0.14 0.11
0.19 0.15 0.15 0.03 0.20 0.17 0.13 0.13 0.09 0.06 0.15 0.11 0.06 0.13 0.15 0.00 0.14 0.21 0.10 0.13 0.19 0.07 0.16 0.02 0.11
0.27 0.02 0.24 0.17 0.11 0.12 0.10 0.27 0.19 0.19 0.23 0.19 0.08 0.27 0.29 0.14 0.00 0.30 0.18 0.05 0.07 0.16 0.29 0.15 0.24
0.04 0.29 0.06 0.19 0.41 0.18 0.35 0.27 0.12 0.26 0.07 0.11 0.22 0.17 0.19 0.21 0.30 0.00 0.12 0.35 0.23 0.14 0.20 0.21 0.27
0.09 0.17 0.05 0.08 0.30 0.12 0.23 0.18 0.11 0.14 0.05 0.02 0.10 0.18 0.21 0.10 0.18 0.12 0.00 0.23 0.14 0.02 0.21 0.10 0.16
0.32 0.06 0.28 0.15 0.07 0.16 0.08 0.24 0.23 0.17 0.28 0.24 0.13 0.24 0.27 0.13 0.05 0.35 0.23 0.00 0.12 0.21 0.27 0.13 0.22
0.20 0.06 0.16 0.22 0.18 0.04 0.16 0.32 0.25 0.25 0.16 0.12 0.13 0.32 0.35 0.19 0.07 0.23 0.14 0.12 0.00 0.14 0.35 0.21 0.30
0.11 0.15 0.07 0.09 0.27 0.12 0.21 0.18 0.11 0.12 0.07 0.03 0.08 0.18 0.21 0.07 0.16 0.14 0.02 0.21 0.14 0.00 0.21 0.07 0.16
0.15 0.31 0.23 0.13 0.26 0.33 0.19 0.11 0.10 0.10 0.19 0.23 0.22 0.03 0.01 0.16 0.29 0.20 0.21 0.27 0.35 0.21 0.00 0.14 0.12
0.19 0.17 0.15 0.02 0.20 0.20 0.13 0.11 0.09 0.04 0.15 0.11 0.08 0.11 0.14 0.02 0.15 0.21 0.10 0.13 0.21 0.07 0.14 0.00 0.09
0.25 0.26 0.21 0.08 0.17 0.28 0.14 0.03 0.15 0.05 0.21 0.17 0.17 0.14 0.11 0.11 0.24 0.27 0.16 0.22 0.30 0.16 0.12 0.09 0.00
Team_tasks_times:
Team 0:
1: 0.50 1000.00 1000.00
2: 0.50 1000.00 1000.00
3: 0.50 1000.00 1000.00
4: 0.50 1000.00 1000.00
5: 0.50 1000.00 1000.00
6: 0.50 1000.00 1000.00
7: 0.50 1000.00 1000.00
8: 0.50 1000.00 1000.00
9: 0.50 1000.00 1000.00
10: 0.50 1000.00 1000.00
11: 0.50 1000.00 1000.00
12: 0.50 1000.00 1000.00
13: 0.50 1000.00 1000.00
14: 0.50 1000.00 1000.00
15: 0.50 1000.00 1000.00
16: 0.50 1000.00 1000.00
17: 0.50 1000.00 1000.00
18: 0.50 1000.00 1000.00
19: 0.50 1000.00 1000.00
20: 0.50 1000.00 1000.00
21: 0.50 1000.00 1000.00
22: 0.50 1000.00 1000.00
23: 0.50 1000.00 1000.00
24: 0.50 1000.00 1000.00
Team 1:
1: 1000.00 0.25 1000.00
2: 1000.00 0.25 1000.00
3: 1000.00 0.25 1000.00
4: 1000.00 0.25 1000.00
5: 1000.00 0.25 1000.00
6: 1000.00 0.25 1000.00
7: 1000.00 0.25 1000.00
8: 1000.00 0.25 1000.00
9: 1000.00 0.25 1000.00
10: 1000.00 0.25 1000.00
11: 1000.00 0.25 1000.00
12: 1000.00 0.25 1000.00
13: 1000.00 0.25 1000.00
14: 1000.00 0.25 1000.00
15: 1000.00 0.25 1000.00
16: 1000.00 0.25 1000.00
17: 1000.00 0.25 1000.00
18: 1000.00 0.25 1000.00
19: 1000.00 0.25 1000.00
20: 1000.00 0.25 1000.00
21: 1000.00 0.25 1000.00
22: 1000.00 0.25 1000.00
23: 1000.00 0.25 1000.00
24: 1000.00 0.25 1000.00
Team 2:
1: 1000.00 1000.00 1.00
2: 1000.00 1000.00 1.00
3: 1000.00 1000.00 1.00
4: 1000.00 1000.00 1.00
5: 1000.00 1000.00 1.00
6: 1000.00 1000.00 1.00
7: 1000.00 1000.00 1.00
8: 1000.00 1000.00 1.00
9: 1000.00 1000.00 1.00
10: 1000.00 1000.00 1.00
11: 1000.00 1000.00 1.00
12: 1000.00 1000.00 1.00
13: 1000.00 1000.00 1.00
14: 1000.00 1000.00 1.00
15: 1000.00 1000.00 1.00
16: 1000.00 1000.00 1.00
17: 1000.00 1000.00 1.00
18: 1000.00 1000.00 1.00
19: 1000.00 1000.00 1.00
20: 1000.00 1000.00 1.00
21: 1000.00 1000.00 1.00
22: 1000.00 1000.00 1.00
23: 1000.00 1000.00 1.00
24: 1000.00 1000.00 1.00
