Number_of_customers: 25
Number_of_teams: 3
Number_of_services: 1
Customers_requested_services:
0 0 0 0 0 0 0 0 0 0 0 0 0 0 0 0 0 0 0 0 0 0 0 0
Daily_available_time: 8
Service 0:
Number_of_tasks: 3
Dependencies:
0: 
1: 0 2
2: 
Travel_times:
0.00 0.30 0.07 0.29 0.20 0.17 0.24 0.28 0.05 0.18 0.17 0.34 0.24 0.06 0.40 0.22 0.12 0.07 0.21 0.23 0.02 0.07 0.11 0.34 0.30
0.30 0.00 0.33 0.06 0.19 0.15 0.14 0.04 0.32 0.12 0.13 0.04 0.23 0.25 0.10 0.21 0.18 0.27 0.15 0.21 0.28 0.35 0.25 0.04 0.12
0.07 0.33 0.00 0.31 0.14 0.20 0.27 0.31 0.02 0.21 0.20 0.37 0.26 0.08 0.42 0.16 0.14 0.05 0.24 0.26 0.07 0.02 0.08 0.36 0.32
0.29 0.06 0.31 0.00 0.17 0.11 0.20 0.10 0.30 0.10 0.13 0.06 0.17 0.23 0.11 0.15 0.17 0.26 0.09 0.15 0.27 0.33 0.23 0.06 0.06
0.20 0.19 0.14 0.17 0.00 0.07 0.32 0.22 0.15 0.14 0.26 0.23 0.12 0.21 0.29 0.03 0.23 0.12 0.11 0.12 0.20 0.15 0.09 0.23 0.18
0.17 0.15 0.20 0.11 0.07 0.00 0.28 0.18 0.19 0.10 0.22 0.17 0.09 0.17 0.22 0.07 0.19 0.15 0.04 0.07 0.16 0.22 0.12 0.16 0.12
0.24 0.14 0.27 0.20 0.32 0.28 0.00 0.10 0.26 0.18 0.07 0.18 0.37 0.18 0.16 0.35 0.12 0.21 0.29 0.35 0.22 0.29 0.23 0.13 0.26
0.28 0.04 0.31 0.10 0.22 0.18 0.10 0.00 0.30 0.10 0.11 0.08 0.27 0.23 0.12 0.25 0.17 0.26 0.19 0.25 0.26 0.33 0.23 0.06 0.16
0.05 0.32 0.02 0.30 0.15 0.19 0.26 0.30 0.00 0.20 0.19 0.36 0.25 0.07 0.42 0.17 0.14 0.04 0.23 0.25 0.05 0.03 0.07 0.36 0.31
0.18 0.12 0.21 0.10 0.14 0.10 0.18 0.10 0.20 0.00 0.12 0.15 0.18 0.13 0.21 0.17 0.09 0.16 0.11 0.17 0.17 0.23 0.13 0.15 0.11
0.17 0.13 0.20 0.13 0.26 0.22 0.07 0.11 0.19 0.12 0.00 0.17 0.30 0.12 0.23 0.29 0.06 0.15 0.22 0.28 0.15 0.22 0.17 0.17 0.19
0.34 0.04 0.37 0.06 0.23 0.17 0.18 0.08 0.36 0.15 0.17 0.00 0.18 0.29 0.06 0.20 0.22 0.31 0.12 0.17 0.32 0.39 0.29 0.05 0.07
0.24 0.23 0.26 0.17 0.12 0.09 0.37 0.27 0.25 0.18 0.30 0.18 0.00 0.25 0.20 0.10 0.28 0.21 0.08 0.02 0.25 0.28 0.18 0.23 0.11
0.06 0.25 0.08 0.23 0.21 0.17 0.18 0.23 0.07 0.13 0.12 0.29 0.25 0.00 0.34 0.23 0.06 0.08 0.17 0.23 0.04 0.10 0.12 0.28 0.24
0.40 0.10 0.42 0.11 0.29 0.22 0.16 0.12 0.42 0.21 0.23 0.06 0.20 0.34 0.00 0.26 0.28 0.37 0.18 0.18 0.38 0.44 0.35 0.06 0.10
0.22 0.21 0.16 0.15 0.03 0.07 0.35 0.25 0.17 0.17 0.29 0.20 0.10 0.23 0.26 0.00 0.26 0.15 0.08 0.09 0.23 0.18 0.12 0.21 0.16
0.12 0.18 0.14 0.17 0.23 0.19 0.12 0.17 0.14 0.09 0.06 0.22 0.28 0.06 0.28 0.26 0.00 0.11 0.20 0.26 0.10 0.16 0.15 0.22 0.18
0.07 0.27 0.05 0.26 0.12 0.15 0.21 0.26 0.04 0.16 0.15 0.31 0.21 0.08 0.37 0.15 0.11 0.00 0.19 0.20 0.08 0.07 0.04 0.31 0.27
0.21 0.15 0.24 0.09 0.11 0.04 0.29 0.19 0.23 0.11 0.22 0.12 0.08 0.17 0.18 0.08 0.20 0.19 0.00 0.06 0.20 0.26 0.16 0.15 0.08
0.23 0.21 0.26 0.15 0.12 0.07 0.35 0.25 0.25 0.17 0.28 0.17 0.02 0.23 0.18 0.09 0.26 0.20 0.06 0.00 0.23 0.28 0.18 0.21 0.09
0.02 0.28 0.07 0.27 0.20 0.16 0.22 0.26 0.05 0.17 0.15 0.32 0.25 0.04 0.38 0.23 0.10 0.08 0.20 0.23 0.00 0.07 0.11 0.32 0.28
0.07 0.35 0.02 0.33 0.15 0.22 0.29 0.33 0.03 0.23 0.22 0.39 0.28 0.10 0.44 0.18 0.16 0.07 0.26 0.28 0.07 0.00 0.10 0.38 0.34
0.11 0.25 0.08 0.23 0.09 0.12 0.23 0.23 0.07 0.13 0.17 0.29 0.18 0.12 0.35 0.12 0.15 0.04 0.16 0.18 0.11 0.10 0.00 0.29 0.24
0.34 0.04 0.36 0.06 0.23 0.16 0.13 0.06 0.36 0.15 0.17 0.05 0.23 0.28 0.06 0.21 0.22 0.31 0.15 0.21 0.32 0.38 0.29 0.00 0.12
0.30 0.12 0.32 0.06 0.18 0.12 0.26 0.16 0.31 0.11 0.19 0.07 0.11 0.24 0.10 0.16 0.18 0.27 0.08 0.09 0.28 0.34 0.24 0.12 0.00
Team_tasks_times:
Team 0:
1: 2.00 1000.00 1000.00
2: 2.00 1000.00 1000.00
3: 2.00 1000.00 1000.00
4: 2.00 1000.00 1000.00
5: 2.00 1000.00 1000.00
6: 2.00 1000.00 1000.00
7: 2.00 1000.00 1000.00
8: 2.00 1000.00 1000.00
9: 2.00 1000.00 1000.00
10: 2.00 1000.00 1000.00
11: 2.00 1000.00 1000.00
12: 2.00 1000.00 1000.00
13: 2.00 1000.00 1000.00
14: 2.00 1000.00 1000.00
15: 2.00 1000.00 1000.00
16: 2.00 1000.00 1000.00
17: 2.00 1000.00 1000.00
18: 2.00 1000.00 1000.00
19: 2.00 1000.00 1000.00
20: 2.00 1000.00 1000.00
21: 2.00 1000.00 1000.00
22: 2.00 1000.00 1000.00
23: 2.00 1000.00 1000.00
24: 2.00 1000.00 1000.00
Team 1:
1: 1000.00 2.00 1000.00
2: 1000.00 2.00 1000.00
3: 1000.00 2.00 1000.00
4: 1000.00 2.00 1000.00
5: 1000.00 2.00 1000.00
6: 1000.00 2.00 1000.00
7: 1000.00 2.00 1000.00
8: 1000.00 2.00 1000.00
9: 1000.00 2.00 1000.00
10: 1000.00 2.00 1000.00
11: 1000.00 2.00 1000.00
12: 1000.00 2.00 1000.00
13: 1000.00 2.00 1000.00
14: 1000.00 2.00 1000.00
15: 1000.00 2.00 1000.00
16: 1000.00 2.00 1000.00
17: 1000.00 2.00 1000.00
18: 1000.00 2.00 1000.00
19: 1000.00 2.00 1000.00
20: 1000.00 2.00 1000.00
21: 1000.00 2.00 1000.00
22: 1000.00 2.00 1000.00
23: 1000.00 2.00 1000.00
24: 1000.00 2.00 1000.00
Team 2:
1: 1000.00 1000.00 0.50
2: 1000.00 1000.00 0.50
3: 1000.00 1000.00 0.50
4: 1000.00 1000.00 0.50
5: 1000.00 1000.00 0.50
6: 1000.00 1000.00 0.50
7: 1000.00 1000.00 0.50
8: 1000.00 1000.00 0.50
9: 1000.00 1000.00 0.50
10: 1000.00 1000.00 0.50
11: 1000.00 1000.00 0.50
12: 1000.00 1000.00 0.50
13: 1000.00 1000.00 0.50
14: 1000.00 1000.00 0.50
15: 1000.00 1000.00 0.50
16: 1000.00 1000.00 0.50
17: 1000.00 1000.00 0.50
18: 1000.00 1000.00 0.50
19: 1000.00 1000.00 0.50
20: 1000.00 1000.00 0.50
21: 1000.00 1000.00 0.50
22: 1000.00 1000.00 0.50
23: 1000.00 1000.00 0.50
24: 1000.00 1000.00 0.50
