Number_of_customers: 25
Number_of_teams: 3
Number_of_services: 1
Customers_requested_services:
0 0 0 0 0 0 0 0 0 0 0 0 0 0 0 0 0 0 0 0 0 0 0 0
Daily_available_time: 8
Service 0:
Number_of_tasks: 3
Dependencies:
0: 1
1: 
2: 1
Travel_times:
0.00 0.09 0.31 0.23 0.10 0.02 0.12 0.14 0.12 0.12 0.19 0.18 0.06 0.13 0.04 0.20 0.24 0.13 0.14 0.22 0.04 0.30 0.17 0.25 0.17
0.09 0.00 0.38 0.25 0.03 0.11 0.20 0.05 0.19 0.04 0.26 0.25 0.15 0.14 0.06 0.27 0.27 0.20 0.21 0.29 0.11 0.21 0.08 0.23 0.24
0.31 0.38 0.00 0.14 0.40 0.29 0.18 0.41 0.19 0.42 0.12 0.13 0.27 0.24 0.33 0.11 0.15 0.18 0.17 0.09 0.27 0.24 0.35 0.16 0.14
0.23 0.25 0.14 0.00 0.28 0.25 0.11 0.28 0.27 0.29 0.26 0.14 0.29 0.11 0.20 0.21 0.02 0.21 0.15 0.11 0.21 0.11 0.22 0.02 0.09
0.10 0.03 0.40 0.28 0.00 0.12 0.22 0.06 0.21 0.04 0.29 0.27 0.14 0.16 0.08 0.30 0.29 0.23 0.23 0.32 0.14 0.23 0.10 0.25 0.27
0.02 0.11 0.29 0.25 0.12 0.00 0.15 0.16 0.10 0.14 0.17 0.15 0.03 0.15 0.06 0.18 0.26 0.11 0.11 0.20 0.04 0.32 0.19 0.28 0.16
0.12 0.20 0.18 0.11 0.22 0.15 0.00 0.23 0.17 0.23 0.15 0.05 0.18 0.06 0.14 0.10 0.12 0.11 0.04 0.10 0.11 0.17 0.17 0.13 0.05
0.14 0.05 0.41 0.28 0.06 0.16 0.23 0.00 0.22 0.02 0.29 0.28 0.19 0.17 0.10 0.30 0.30 0.24 0.24 0.33 0.14 0.18 0.06 0.26 0.28
0.12 0.19 0.19 0.27 0.21 0.10 0.17 0.22 0.00 0.23 0.07 0.13 0.07 0.17 0.14 0.08 0.28 0.06 0.12 0.16 0.08 0.34 0.21 0.29 0.18
0.12 0.04 0.42 0.29 0.04 0.14 0.23 0.02 0.23 0.00 0.30 0.28 0.17 0.17 0.09 0.31 0.30 0.24 0.24 0.33 0.15 0.18 0.07 0.26 0.28
0.19 0.26 0.12 0.26 0.29 0.17 0.15 0.29 0.07 0.30 0.00 0.12 0.15 0.16 0.21 0.06 0.27 0.06 0.12 0.15 0.15 0.33 0.23 0.28 0.17
0.18 0.25 0.13 0.14 0.27 0.15 0.05 0.28 0.13 0.28 0.12 0.00 0.14 0.11 0.19 0.06 0.15 0.07 0.04 0.04 0.14 0.21 0.22 0.17 0.05
0.06 0.15 0.27 0.29 0.14 0.03 0.18 0.19 0.07 0.17 0.15 0.14 0.00 0.19 0.09 0.15 0.30 0.09 0.14 0.18 0.07 0.36 0.23 0.31 0.19
0.13 0.14 0.24 0.11 0.16 0.15 0.06 0.17 0.17 0.17 0.16 0.11 0.19 0.00 0.10 0.13 0.13 0.12 0.07 0.15 0.12 0.17 0.11 0.12 0.11
0.04 0.06 0.33 0.20 0.08 0.06 0.14 0.10 0.14 0.09 0.21 0.19 0.09 0.10 0.00 0.21 0.21 0.15 0.15 0.24 0.06 0.27 0.14 0.22 0.19
0.20 0.27 0.11 0.21 0.30 0.18 0.10 0.30 0.08 0.31 0.06 0.06 0.15 0.13 0.21 0.00 0.21 0.07 0.07 0.09 0.16 0.28 0.24 0.23 0.11
0.24 0.27 0.15 0.02 0.29 0.26 0.12 0.30 0.28 0.30 0.27 0.15 0.30 0.13 0.21 0.21 0.00 0.22 0.15 0.12 0.23 0.12 0.24 0.04 0.10
0.13 0.20 0.18 0.21 0.23 0.11 0.11 0.24 0.06 0.24 0.06 0.07 0.09 0.12 0.15 0.07 0.22 0.00 0.07 0.10 0.09 0.28 0.17 0.24 0.12
0.14 0.21 0.17 0.15 0.23 0.11 0.04 0.24 0.12 0.24 0.12 0.04 0.14 0.07 0.15 0.07 0.15 0.07 0.00 0.09 0.10 0.21 0.17 0.17 0.05
0.22 0.29 0.09 0.11 0.32 0.20 0.10 0.33 0.16 0.33 0.15 0.04 0.18 0.15 0.24 0.09 0.12 0.10 0.09 0.00 0.18 0.18 0.26 0.14 0.05
0.04 0.11 0.27 0.21 0.14 0.04 0.11 0.14 0.08 0.15 0.15 0.14 0.07 0.12 0.06 0.16 0.23 0.09 0.10 0.18 0.00 0.29 0.15 0.24 0.13
0.30 0.21 0.24 0.11 0.23 0.32 0.17 0.18 0.34 0.18 0.33 0.21 0.36 0.17 0.27 0.28 0.12 0.28 0.21 0.18 0.29 0.00 0.13 0.08 0.16
0.17 0.08 0.35 0.22 0.10 0.19 0.17 0.06 0.21 0.07 0.23 0.22 0.23 0.11 0.14 0.24 0.24 0.17 0.17 0.26 0.15 0.13 0.00 0.20 0.21
0.25 0.23 0.16 0.02 0.25 0.28 0.13 0.26 0.29 0.26 0.28 0.17 0.31 0.12 0.22 0.23 0.04 0.24 0.17 0.14 0.24 0.08 0.20 0.00 0.12
0.17 0.24 0.14 0.09 0.27 0.16 0.05 0.28 0.18 0.28 0.17 0.05 0.19 0.11 0.19 0.11 0.10 0.12 0.05 0.05 0.13 0.16 0.21 0.12 0.00
Team_tasks_times:
Team 0:
1: 4.00 1000.00 1000.00
2: 4.00 1000.00 1000.00
3: 4.00 1000.00 1000.00
4: 4.00 1000.00 1000.00
5: 4.00 1000.00 1000.00
6: 4.00 1000.00 1000.00
7: 4.00 1000.00 1000.00
8: 4.00 1000.00 1000.00
9: 4.00 1000.00 1000.00
10: 4.00 1000.00 1000.00
11: 4.00 1000.00 1000.00
12: 4.00 1000.00 1000.00
13: 4.00 1000.00 1000.00
14: 4.00 1000.00 1000.00
15: 4.00 1000.00 1000.00
16: 4.00 1000.00 1000.00
17: 4.00 1000.00 1000.00
18: 4.00 1000.00 1000.00
19: 4.00 1000.00 1000.00
20: 4.00 1000.00 1000.00
21: 4.00 1000.00 1000.00
22: 4.00 1000.00 1000.00
23: 4.00 1000.00 1000.00
24: 4.00 1000.00 1000.00
Team 1:
1: 1000.00 1.00 1000.00
2: 1000.00 1.00 1000.00
3: 1000.00 1.00 1000.00
4: 1000.00 1.00 1000.00
5: 1000.00 1.00 1000.00
6: 1000.00 1.00 1000.00
7: 1000.00 1.00 1000.00
8: 1000.00 1.00 1000.00
9: 1000.00 1.00 1000.00
10: 1000.00 1.00 1000.00
11: 1000.00 1.00 1000.00
12: 1000.00 1.00 1000.00
13: 1000.00 1.00 1000.00
14: 1000.00 1.00 1000.00
15: 1000.00 1.00 1000.00
16: 1000.00 1.00 1000.00
17: 1000.00 1.00 1000.00
18: 1000.00 1.00 1000.00
19: 1000.00 1.00 1000.00
20: 1000.00 1.00 1000.00
21: 1000.00 1.00 1000.00
22: 1000.00 1.00 1000.00
23: 1000.00 1.00 1000.00
24: 1000.00 1.00 1000.00
Team 2:
1: 1000.00 1000.00 0.75
2: 1000.00 1000.00 0.75
3: 1000.00 1000.00 0.75
4: 1000.00 1000.00 0.75
5: 1000.00 1000.00 0.75
6: 1000.00 1000.00 0.75
7: 1000.00 1000.00 0.75
8: 1000.00 1000.00 0.75
9: 1000.00 1000.00 0.75
10: 1000.00 1000.00 0.75
11: 1000.00 1000.00 0.75
12: 1000.00 1000.00 0.75
13: 1000.00 1000.00 0.75
14: 1000.00 1000.00 0.75
15: 1000.00 1000.00 0.75
16: 1000.00 1000.00 0.75
17: 1000.00 1000.00 0.75
18: 1000.00 1000.00 0.75
19: 1000.00 1000.00 0.75
20: 1000.00 1000.00 0.75
21: 1000.00 1000.00 0.75
22: 1000.00 1000.00 0.75
23: 1000.00 1000.00 0.75
24: 1000.00 1000.00 0.75
