Number_of_customers: 25
Number_of_teams: 3
Number_of_services: 1
Customers_requested_services:
0 0 0 0 0 0 0 0 0 0 0 0 0 0 0 0 0 0 0 0 0 0 0 0
Daily_available_time: 8
Service 0:
Number_of_tasks: 3
Dependencies:
0: 
1: 0
2: 0
Travel_times:
0.00 0.04 0.06 0.24 0.11 0.14 0.17 0.06 0.11 0.03 0.18 0.21 0.02 0.23 0.04 0.10 0.09 0.16 0.32 0.11 0.08 0.12 0.17 0.21 0.03
0.04 0.00 0.06 0.20 0.07 0.18 0.14 0.01 0.15 0.07 0.14 0.25 0.06 0.19 0.08 0.12 0.14 0.20 0.28 0.07 0.07 0.16 0.14 0.17 0.07
0.06 0.06 0.00 0.27 0.14 0.19 0.20 0.06 0.17 0.08 0.13 0.26 0.07 0.17 0.07 0.13 0.15 0.21 0.34 0.13 0.10 0.17 0.20 0.23 0.09
0.24 0.20 0.27 0.00 0.13 0.18 0.07 0.21 0.22 0.27 0.16 0.26 0.26 0.18 0.29 0.14 0.24 0.24 0.08 0.14 0.16 0.18 0.07 0.14 0.23
0.11 0.07 0.14 0.13 0.00 0.13 0.09 0.08 0.11 0.15 0.19 0.20 0.13 0.24 0.16 0.07 0.11 0.15 0.21 0.02 0.04 0.11 0.06 0.09 0.10
0.14 0.18 0.19 0.18 0.13 0.00 0.22 0.19 0.06 0.12 0.32 0.07 0.12 0.37 0.13 0.06 0.08 0.08 0.23 0.11 0.11 0.03 0.16 0.12 0.11
0.17 0.14 0.20 0.07 0.09 0.22 0.00 0.14 0.20 0.21 0.10 0.29 0.20 0.15 0.22 0.16 0.18 0.24 0.14 0.11 0.11 0.20 0.06 0.17 0.16
0.06 0.01 0.06 0.21 0.08 0.19 0.14 0.00 0.17 0.08 0.13 0.26 0.07 0.17 0.08 0.13 0.15 0.21 0.28 0.08 0.08 0.17 0.14 0.17 0.09
0.11 0.15 0.17 0.22 0.11 0.06 0.20 0.17 0.00 0.09 0.30 0.10 0.10 0.34 0.10 0.08 0.02 0.04 0.30 0.09 0.09 0.04 0.15 0.18 0.08
0.03 0.07 0.08 0.27 0.15 0.12 0.21 0.08 0.09 0.00 0.21 0.18 0.01 0.25 0.01 0.14 0.07 0.14 0.35 0.14 0.11 0.09 0.21 0.24 0.05
0.18 0.14 0.13 0.16 0.19 0.32 0.10 0.13 0.30 0.21 0.00 0.39 0.20 0.05 0.20 0.26 0.28 0.34 0.24 0.21 0.21 0.30 0.15 0.27 0.21
0.21 0.25 0.26 0.26 0.20 0.07 0.29 0.26 0.10 0.18 0.39 0.00 0.19 0.44 0.19 0.14 0.12 0.06 0.26 0.18 0.18 0.09 0.24 0.14 0.18
0.02 0.06 0.07 0.26 0.13 0.12 0.20 0.07 0.10 0.01 0.20 0.19 0.00 0.25 0.03 0.12 0.08 0.14 0.34 0.12 0.10 0.10 0.19 0.23 0.04
0.23 0.19 0.17 0.18 0.24 0.37 0.15 0.17 0.34 0.25 0.05 0.44 0.25 0.00 0.25 0.30 0.32 0.39 0.22 0.26 0.25 0.35 0.20 0.32 0.26
0.04 0.08 0.07 0.29 0.16 0.13 0.22 0.08 0.10 0.01 0.20 0.19 0.03 0.25 0.00 0.15 0.08 0.14 0.36 0.15 0.12 0.11 0.22 0.25 0.06
0.10 0.12 0.13 0.14 0.07 0.06 0.16 0.13 0.08 0.14 0.26 0.14 0.12 0.30 0.15 0.00 0.10 0.10 0.21 0.05 0.05 0.04 0.10 0.10 0.09
0.09 0.14 0.15 0.24 0.11 0.08 0.18 0.15 0.02 0.07 0.28 0.12 0.08 0.32 0.08 0.10 0.00 0.07 0.32 0.10 0.07 0.06 0.17 0.20 0.06
0.16 0.20 0.21 0.24 0.15 0.08 0.24 0.21 0.04 0.14 0.34 0.06 0.14 0.39 0.14 0.10 0.07 0.00 0.32 0.13 0.14 0.06 0.18 0.20 0.13
0.32 0.28 0.34 0.08 0.21 0.23 0.14 0.28 0.30 0.35 0.24 0.26 0.34 0.22 0.36 0.21 0.32 0.32 0.00 0.21 0.24 0.26 0.15 0.11 0.30
0.11 0.07 0.13 0.14 0.02 0.11 0.11 0.08 0.09 0.14 0.21 0.18 0.12 0.26 0.15 0.05 0.10 0.13 0.21 0.00 0.03 0.09 0.07 0.10 0.09
0.08 0.07 0.10 0.16 0.04 0.11 0.11 0.08 0.09 0.11 0.21 0.18 0.10 0.25 0.12 0.05 0.07 0.14 0.24 0.03 0.00 0.09 0.10 0.13 0.06
0.12 0.16 0.17 0.18 0.11 0.03 0.20 0.17 0.04 0.09 0.30 0.09 0.10 0.35 0.11 0.04 0.06 0.06 0.26 0.09 0.09 0.00 0.14 0.15 0.09
0.17 0.14 0.20 0.07 0.06 0.16 0.06 0.14 0.15 0.21 0.15 0.24 0.19 0.20 0.22 0.10 0.17 0.18 0.15 0.07 0.10 0.14 0.00 0.12 0.16
0.21 0.17 0.23 0.14 0.09 0.12 0.17 0.17 0.18 0.24 0.27 0.14 0.23 0.32 0.25 0.10 0.20 0.20 0.11 0.10 0.13 0.15 0.12 0.00 0.19
0.03 0.07 0.09 0.23 0.10 0.11 0.16 0.09 0.08 0.05 0.21 0.18 0.04 0.26 0.06 0.09 0.06 0.13 0.30 0.09 0.06 0.09 0.16 0.19 0.00
Team_tasks_times:
Team 0:
1: 1.50 1000.00 1000.00
2: 1.50 1000.00 1000.00
3: 1.50 1000.00 1000.00
4: 1.50 1000.00 1000.00
5: 1.50 1000.00 1000.00
6: 1.50 1000.00 1000.00
7: 1.50 1000.00 1000.00
8: 1.50 1000.00 1000.00
9: 1.50 1000.00 1000.00
10: 1.50 1000.00 1000.00
11: 1.50 1000.00 1000.00
12: 1.50 1000.00 1000.00
13: 1.50 1000.00 1000.00
14: 1.50 1000.00 1000.00
15: 1.50 1000.00 1000.00
16: 1.50 1000.00 1000.00
17: 1.50 1000.00 1000.00
18: 1.50 1000.00 1000.00
19: 1.50 1000.00 1000.00
20: 1.50 1000.00 1000.00
21: 1.50 1000.00 1000.00
22: 1.50 1000.00 1000.00
23: 1.50 1000.00 1000.00
24: 1.50 1000.00 1000.00
Team 1:
1: 1000.00 1.00 1000.00
2: 1000.00 1.00 1000.00
3: 1000.00 1.00 1000.00
4: 1000.00 1.00 1000.00
5: 1000.00 1.00 1000.00
6: 1000.00 1.00 1000.00
7: 1000.00 1.00 1000.00
8: 1000.00 1.00 1000.00
9: 1000.00 1.00 1000.00
10: 1000.00 1.00 1000.00
11: 1000.00 1.00 1000.00
12: 1000.00 1.00 1000.00
13: 1000.00 1.00 1000.00
14: 1000.00 1.00 1000.00
15: 1000.00 1.00 1000.00
16: 1000.00 1.00 1000.00
17: 1000.00 1.00 1000.00
18: 1000.00 1.00 1000.00
19: 1000.00 1.00 1000.00
20: 1000.00 1.00 1000.00
21: 1000.00 1.00 1000.00
22: 1000.00 1.00 1000.00
23: 1000.00 1.00 1000.00
24: 1000.00 1.00 1000.00
Team 2:
1: 1000.00 1000.00 1.00
2: 1000.00 1000.00 1.00
3: 1000.00 1000.00 1.00
4: 1000.00 1000.00 1.00
5: 1000.00 1000.00 1.00
6: 1000.00 1000.00 1.00
7: 1000.00 1000.00 1.00
8: 1000.00 1000.00 1.00
9: 1000.00 1000.00 1.00
10: 1000.00 1000.00 1.00
11: 1000.00 1000.00 1.00
12: 1000.00 1000.00 1.00
13: 1000.00 1000.00 1.00
14: 1000.00 1000.00 1.00
15: 1000.00 1000.00 1.00
16: 1000.00 1000.00 1.00
17: 1000.00 1000.00 1.00
18: 1000.00 1000.00 1.00
19: 1000.00 1000.00 1.00
20: 1000.00 1000.00 1.00
21: 1000.00 1000.00 1.00
22: 1000.00 1000.00 1.00
23: 1000.00 1000.00 1.00
24: 1000.00 1000.00 1.00
