Number_of_customers: 25
Number_of_teams: 3
Number_of_services: 1
Customers_requested_services:
0 0 0 0 0 0 0 0 0 0 0 0 0 0 0 0 0 0 0 0 0 0 0 0
Daily_available_time: 8
Service 0:
Number_of_tasks: 3
Dependencies:
0: 2
1: 2
2: 
Travel_times:
0.00 0.07 0.06 0.12 0.14 0.23 0.03 0.22 0.10 0.11 0.16 0.26 0.05 0.10 0.12 0.12 0.17 0.15 0.23 0.16 0.19 0.11 0.11 0.13 0.03
0.07 0.00 0.01 0.18 0.20 0.16 0.09 0.15 0.17 0.04 0.21 0.19 0.12 0.04 0.06 0.06 0.24 0.14 0.29 0.09 0.21 0.17 0.05 0.19 0.09
0.06 0.01 0.00 0.17 0.20 0.17 0.09 0.16 0.15 0.05 0.21 0.20 0.11 0.05 0.07 0.07 0.23 0.13 0.29 0.10 0.20 0.17 0.06 0.19 0.08
0.12 0.18 0.17 0.00 0.25 0.34 0.13 0.33 0.02 0.16 0.28 0.37 0.06 0.20 0.14 0.17 0.27 0.27 0.21 0.27 0.31 0.23 0.23 0.20 0.12
0.14 0.20 0.20 0.25 0.00 0.10 0.12 0.17 0.23 0.25 0.03 0.12 0.18 0.25 0.27 0.26 0.03 0.07 0.09 0.17 0.06 0.03 0.20 0.05 0.12
0.23 0.16 0.17 0.34 0.10 0.00 0.21 0.11 0.33 0.18 0.07 0.03 0.28 0.18 0.20 0.20 0.10 0.07 0.15 0.10 0.07 0.12 0.13 0.15 0.22
0.03 0.09 0.09 0.13 0.12 0.21 0.00 0.20 0.12 0.14 0.15 0.24 0.07 0.14 0.15 0.15 0.14 0.14 0.20 0.14 0.17 0.09 0.10 0.10 0.01
0.22 0.15 0.16 0.33 0.17 0.11 0.20 0.00 0.32 0.17 0.18 0.14 0.27 0.14 0.19 0.16 0.21 0.11 0.27 0.06 0.18 0.14 0.11 0.17 0.21
0.10 0.17 0.15 0.02 0.23 0.33 0.12 0.32 0.00 0.15 0.26 0.36 0.05 0.18 0.15 0.15 0.26 0.26 0.21 0.26 0.29 0.21 0.21 0.18 0.11
0.11 0.04 0.05 0.16 0.25 0.18 0.14 0.17 0.15 0.00 0.26 0.21 0.12 0.04 0.02 0.02 0.28 0.18 0.34 0.11 0.25 0.21 0.07 0.24 0.13
0.16 0.21 0.21 0.28 0.03 0.07 0.15 0.18 0.26 0.26 0.00 0.09 0.21 0.26 0.28 0.27 0.02 0.08 0.08 0.17 0.03 0.05 0.21 0.08 0.15
0.26 0.19 0.20 0.37 0.12 0.03 0.24 0.14 0.36 0.21 0.09 0.00 0.31 0.21 0.23 0.23 0.10 0.10 0.17 0.13 0.07 0.15 0.16 0.17 0.25
0.05 0.12 0.11 0.06 0.18 0.28 0.07 0.27 0.05 0.12 0.21 0.31 0.00 0.14 0.14 0.14 0.21 0.21 0.21 0.21 0.24 0.16 0.17 0.14 0.06
0.10 0.04 0.05 0.20 0.25 0.18 0.14 0.14 0.18 0.04 0.26 0.21 0.14 0.00 0.06 0.03 0.28 0.18 0.34 0.08 0.25 0.21 0.05 0.24 0.13
0.12 0.06 0.07 0.14 0.27 0.20 0.15 0.19 0.15 0.02 0.28 0.23 0.14 0.06 0.00 0.03 0.30 0.20 0.36 0.13 0.27 0.23 0.09 0.26 0.15
0.12 0.06 0.07 0.17 0.26 0.20 0.15 0.16 0.15 0.02 0.27 0.23 0.14 0.03 0.03 0.00 0.30 0.20 0.35 0.10 0.27 0.23 0.07 0.25 0.15
0.17 0.24 0.23 0.27 0.03 0.10 0.14 0.21 0.26 0.28 0.02 0.10 0.21 0.28 0.30 0.30 0.00 0.10 0.07 0.20 0.04 0.07 0.23 0.07 0.15
0.15 0.14 0.13 0.27 0.07 0.07 0.14 0.11 0.26 0.18 0.08 0.10 0.21 0.18 0.20 0.20 0.10 0.00 0.16 0.10 0.07 0.04 0.13 0.07 0.15
0.23 0.29 0.29 0.21 0.09 0.15 0.20 0.27 0.21 0.34 0.08 0.17 0.21 0.34 0.36 0.35 0.07 0.16 0.00 0.26 0.10 0.12 0.29 0.10 0.21
0.16 0.09 0.10 0.27 0.17 0.10 0.14 0.06 0.26 0.11 0.17 0.13 0.21 0.08 0.13 0.10 0.20 0.10 0.26 0.00 0.17 0.13 0.04 0.15 0.15
0.19 0.21 0.20 0.31 0.06 0.07 0.17 0.18 0.29 0.25 0.03 0.07 0.24 0.25 0.27 0.27 0.04 0.07 0.10 0.17 0.00 0.08 0.20 0.11 0.18
0.11 0.17 0.17 0.23 0.03 0.12 0.09 0.14 0.21 0.21 0.05 0.15 0.16 0.21 0.23 0.23 0.07 0.04 0.12 0.13 0.08 0.00 0.16 0.03 0.10
0.11 0.05 0.06 0.23 0.20 0.13 0.10 0.11 0.21 0.07 0.21 0.16 0.17 0.05 0.09 0.07 0.23 0.13 0.29 0.04 0.20 0.16 0.00 0.18 0.10
0.13 0.19 0.19 0.20 0.05 0.15 0.10 0.17 0.18 0.24 0.08 0.17 0.14 0.24 0.26 0.25 0.07 0.07 0.10 0.15 0.11 0.03 0.18 0.00 0.11
0.03 0.09 0.08 0.12 0.12 0.22 0.01 0.21 0.11 0.13 0.15 0.25 0.06 0.13 0.15 0.15 0.15 0.15 0.21 0.15 0.18 0.10 0.10 0.11 0.00
Team_tasks_times:
Team 0:
1: 1.00 1000.00 1000.00
2: 1.00 1000.00 1000.00
3: 1.00 1000.00 1000.00
4: 1.00 1000.00 1000.00
5: 1.00 1000.00 1000.00
6: 1.00 1000.00 1000.00
7: 1.00 1000.00 1000.00
8: 1.00 1000.00 1000.00
9: 1.00 1000.00 1000.00
10: 1.00 1000.00 1000.00
11: 1.00 1000.00 1000.00
12: 1.00 1000.00 1000.00
13: 1.00 1000.00 1000.00
14: 1.00 1000.00 1000.00
15: 1.00 1000.00 1000.00
16: 1.00 1000.00 1000.00
17: 1.00 1000.00 1000.00
18: 1.00 1000.00 1000.00
19: 1.00 1000.00 1000.00
20: 1.00 1000.00 1000.00
21: 1.00 1000.00 1000.00
22: 1.00 1000.00 1000.00
23: 1.00 1000.00 1000.00
24: 1.00 1000.00 1000.00
Team 1:
1: 1000.00 0.25 1000.00
2: 1000.00 0.25 1000.00
3: 1000.00 0.25 1000.00
4: 1000.00 0.25 1000.00
5: 1000.00 0.25 1000.00
6: 1000.00 0.25 1000.00
7: 1000.00 0.25 1000.00
8: 1000.00 0.25 1000.00
9: 1000.00 0.25 1000.00
10: 1000.00 0.25 1000.00
11: 1000.00 0.25 1000.00
12: 1000.00 0.25 1000.00
13: 1000.00 0.25 1000.00
14: 1000.00 0.25 1000.00
15: 1000.00 0.25 1000.00
16: 1000.00 0.25 1000.00
17: 1000.00 0.25 1000.00
18: 1000.00 0.25 1000.00
19: 1000.00 0.25 1000.00
20: 1000.00 0.25 1000.00
21: 1000.00 0.25 1000.00
22: 1000.00 0.25 1000.00
23: 1000.00 0.25 1000.00
24: 1000.00 0.25 1000.00
Team 2:
1: 1000.00 1000.00 1.00
2: 1000.00 1000.00 1.00
3: 1000.00 1000.00 1.00
4: 1000.00 1000.00 1.00
5: 1000.00 1000.00 1.00
6: 1000.00 1000.00 1.00
7: 1000.00 1000.00 1.00
8: 1000.00 1000.00 1.00
9: 1000.00 1000.00 1.00
10: 1000.00 1000.00 1.00
11: 1000.00 1000.00 1.00
12: 1000.00 1000.00 1.00
13: 1000.00 1000.00 1.00
14: 1000.00 1000.00 1.00
15: 1000.00 1000.00 1.00
16: 1000.00 1000.00 1.00
17: 1000.00 1000.00 1.00
18: 1000.00 1000.00 1.00
19: 1000.00 1000.00 1.00
20: 1000.00 1000.00 1.00
21: 1000.00 1000.00 1.00
22: 1000.00 1000.00 1.00
23: 1000.00 1000.00 1.00
24: 1000.00 1000.00 1.00
