Number_of_customers: 30
Number_of_teams: 3
Number_of_services: 3
Customers_requested_services:
1 1 2 1 2 1 1 0 2 1 1 1 2 1 1 1 2 0 2 1 2 2 1 1 2 1 1 2 0
Daily_available_time: 8
Service 0:
Number_of_tasks: 1
Dependencies:
0: 
Service 1:
Number_of_tasks: 3
Dependencies:
0: 
1: 0
2: 0
Service 2:
Number_of_tasks: 5
Dependencies:
0: 
1: 
2: 
3: 0 1 2
4: 0 1 2
Travel_times:
0.00 0.06 0.17 0.10 0.20 0.12 0.16 0.17 0.22 0.03 0.05 0.26 0.24 0.16 0.15 0.18 0.09 0.28 0.13 0.16 0.21 0.10 0.09 0.07 0.06 0.10 0.09 0.25 0.05 0.08
0.06 0.00 0.23 0.12 0.15 0.07 0.22 0.23 0.17 0.07 0.10 0.32 0.30 0.10 0.10 0.13 0.15 0.23 0.07 0.21 0.19 0.04 0.03 0.12 0.10 0.06 0.15 0.19 0.07 0.10
0.17 0.23 0.00 0.12 0.22 0.24 0.04 0.01 0.20 0.20 0.13 0.09 0.07 0.21 0.31 0.36 0.08 0.26 0.19 0.06 0.18 0.26 0.26 0.11 0.13 0.27 0.08 0.22 0.16 0.13
0.10 0.12 0.12 0.00 0.11 0.12 0.11 0.11 0.12 0.11 0.06 0.20 0.18 0.09 0.20 0.25 0.05 0.18 0.07 0.10 0.11 0.15 0.15 0.06 0.04 0.16 0.04 0.15 0.05 0.02
0.20 0.15 0.22 0.11 0.00 0.08 0.21 0.22 0.14 0.21 0.17 0.31 0.29 0.04 0.09 0.14 0.15 0.10 0.07 0.21 0.18 0.11 0.15 0.16 0.14 0.21 0.14 0.15 0.15 0.12
0.12 0.07 0.24 0.12 0.08 0.00 0.22 0.23 0.15 0.13 0.11 0.32 0.30 0.04 0.08 0.12 0.15 0.16 0.05 0.22 0.20 0.03 0.07 0.12 0.11 0.13 0.15 0.17 0.07 0.11
0.16 0.22 0.04 0.11 0.21 0.22 0.00 0.05 0.24 0.19 0.12 0.12 0.08 0.20 0.30 0.35 0.07 0.29 0.17 0.10 0.22 0.25 0.25 0.10 0.12 0.26 0.07 0.26 0.15 0.12
0.17 0.23 0.01 0.11 0.22 0.23 0.05 0.00 0.18 0.20 0.12 0.09 0.07 0.21 0.31 0.36 0.08 0.24 0.18 0.04 0.17 0.26 0.26 0.11 0.12 0.27 0.08 0.21 0.16 0.13
0.22 0.17 0.20 0.12 0.14 0.15 0.24 0.18 0.00 0.23 0.18 0.17 0.18 0.12 0.23 0.28 0.17 0.06 0.11 0.14 0.04 0.18 0.18 0.18 0.16 0.23 0.16 0.02 0.17 0.14
0.03 0.07 0.20 0.11 0.21 0.13 0.19 0.20 0.23 0.00 0.07 0.29 0.27 0.17 0.16 0.16 0.12 0.29 0.14 0.18 0.21 0.11 0.07 0.09 0.07 0.07 0.12 0.26 0.06 0.09
0.05 0.10 0.13 0.06 0.17 0.11 0.12 0.12 0.18 0.07 0.00 0.21 0.19 0.12 0.18 0.23 0.04 0.24 0.09 0.11 0.17 0.13 0.13 0.02 0.03 0.15 0.04 0.21 0.04 0.04
0.26 0.32 0.09 0.20 0.31 0.32 0.12 0.09 0.17 0.29 0.21 0.00 0.06 0.30 0.40 0.45 0.17 0.21 0.28 0.11 0.13 0.35 0.35 0.20 0.21 0.36 0.17 0.16 0.25 0.22
0.24 0.30 0.07 0.18 0.29 0.30 0.08 0.07 0.18 0.27 0.19 0.06 0.00 0.27 0.38 0.42 0.15 0.24 0.25 0.08 0.17 0.33 0.33 0.17 0.19 0.34 0.15 0.21 0.23 0.20
0.16 0.10 0.21 0.09 0.04 0.04 0.20 0.21 0.12 0.17 0.12 0.30 0.27 0.00 0.11 0.15 0.12 0.12 0.03 0.19 0.17 0.06 0.10 0.11 0.10 0.17 0.12 0.14 0.11 0.08
0.15 0.10 0.31 0.20 0.09 0.08 0.30 0.31 0.23 0.16 0.18 0.40 0.38 0.11 0.00 0.05 0.23 0.19 0.12 0.30 0.27 0.06 0.10 0.20 0.18 0.16 0.23 0.24 0.15 0.18
0.18 0.13 0.36 0.25 0.14 0.12 0.35 0.36 0.28 0.16 0.23 0.45 0.42 0.15 0.05 0.00 0.28 0.24 0.17 0.34 0.32 0.10 0.10 0.25 0.23 0.11 0.28 0.29 0.20 0.23
0.09 0.15 0.08 0.05 0.15 0.15 0.07 0.08 0.17 0.12 0.04 0.17 0.15 0.12 0.23 0.28 0.00 0.23 0.11 0.07 0.15 0.18 0.18 0.03 0.04 0.19 0.01 0.19 0.08 0.05
0.28 0.23 0.26 0.18 0.10 0.16 0.29 0.24 0.06 0.29 0.24 0.21 0.24 0.12 0.19 0.24 0.23 0.00 0.15 0.20 0.08 0.18 0.23 0.24 0.22 0.29 0.22 0.05 0.23 0.20
0.13 0.07 0.19 0.07 0.07 0.05 0.17 0.18 0.11 0.14 0.09 0.28 0.25 0.03 0.12 0.17 0.11 0.15 0.00 0.17 0.15 0.07 0.07 0.08 0.07 0.14 0.11 0.12 0.07 0.06
0.16 0.21 0.06 0.10 0.21 0.22 0.10 0.04 0.14 0.18 0.11 0.11 0.08 0.19 0.30 0.34 0.07 0.20 0.17 0.00 0.12 0.24 0.24 0.09 0.11 0.26 0.07 0.16 0.15 0.11
0.21 0.19 0.18 0.11 0.18 0.20 0.22 0.17 0.04 0.21 0.17 0.13 0.17 0.17 0.27 0.32 0.15 0.08 0.15 0.12 0.00 0.22 0.22 0.16 0.14 0.23 0.14 0.04 0.15 0.12
0.10 0.04 0.26 0.15 0.11 0.03 0.25 0.26 0.18 0.11 0.13 0.35 0.33 0.06 0.06 0.10 0.18 0.18 0.07 0.24 0.22 0.00 0.04 0.15 0.13 0.10 0.18 0.19 0.10 0.13
0.09 0.03 0.26 0.15 0.15 0.07 0.25 0.26 0.18 0.07 0.13 0.35 0.33 0.10 0.10 0.10 0.18 0.23 0.07 0.24 0.22 0.04 0.00 0.15 0.13 0.06 0.18 0.19 0.10 0.13
0.07 0.12 0.11 0.06 0.16 0.12 0.10 0.11 0.18 0.09 0.02 0.20 0.17 0.11 0.20 0.25 0.03 0.24 0.08 0.09 0.16 0.15 0.15 0.00 0.02 0.16 0.03 0.20 0.05 0.04
0.06 0.10 0.13 0.04 0.14 0.11 0.12 0.12 0.16 0.07 0.03 0.21 0.19 0.10 0.18 0.23 0.04 0.22 0.07 0.11 0.14 0.13 0.13 0.02 0.00 0.15 0.04 0.18 0.04 0.02
0.10 0.06 0.27 0.16 0.21 0.13 0.26 0.27 0.23 0.07 0.15 0.36 0.34 0.17 0.16 0.11 0.19 0.29 0.14 0.26 0.23 0.10 0.06 0.16 0.15 0.00 0.19 0.25 0.11 0.14
0.09 0.15 0.08 0.04 0.14 0.15 0.07 0.08 0.16 0.12 0.04 0.17 0.15 0.12 0.23 0.28 0.01 0.22 0.11 0.07 0.14 0.18 0.18 0.03 0.04 0.19 0.00 0.18 0.08 0.05
0.25 0.19 0.22 0.15 0.15 0.17 0.26 0.21 0.02 0.26 0.21 0.16 0.21 0.14 0.24 0.29 0.19 0.05 0.12 0.16 0.04 0.19 0.19 0.20 0.18 0.25 0.18 0.00 0.19 0.17
0.05 0.07 0.16 0.05 0.15 0.07 0.15 0.16 0.17 0.06 0.04 0.25 0.23 0.11 0.15 0.20 0.08 0.23 0.07 0.15 0.15 0.10 0.10 0.05 0.04 0.11 0.08 0.19 0.00 0.03
0.08 0.10 0.13 0.02 0.12 0.11 0.12 0.13 0.14 0.09 0.04 0.22 0.20 0.08 0.18 0.23 0.05 0.20 0.06 0.11 0.12 0.13 0.13 0.04 0.02 0.14 0.05 0.17 0.03 0.00
Team_tasks_times:
Team 0:
1: 0.25 4.00 1.00
2: 0.25 4.00 1.00
3: 2.00 0.50 0.25 3.00 1.50
4: 0.25 4.00 1.00
5: 2.00 0.50 0.25 3.00 1.50
6: 0.25 4.00 1.00
7: 0.25 4.00 1.00
8: 1.50
9: 2.00 0.50 0.25 3.00 1.50
10: 0.25 4.00 1.00
11: 0.25 4.00 1.00
12: 0.25 4.00 1.00
13: 2.00 0.50 0.25 3.00 1.50
14: 0.25 4.00 1.00
15: 0.25 4.00 1.00
16: 0.25 4.00 1.00
17: 2.00 0.50 0.25 3.00 1.50
18: 1.50
19: 2.00 0.50 0.25 3.00 1.50
20: 0.25 4.00 1.00
21: 2.00 0.50 0.25 3.00 1.50
22: 2.00 0.50 0.25 3.00 1.50
23: 0.25 4.00 1.00
24: 0.25 4.00 1.00
25: 2.00 0.50 0.25 3.00 1.50
26: 0.25 4.00 1.00
27: 0.25 4.00 1.00
28: 2.00 0.50 0.25 3.00 1.50
29: 1.50
Team 1:
1: 0.50 4.00 0.50
2: 0.50 4.00 0.50
3: 2.00 1.00 0.50 1.50 3.00
4: 0.50 4.00 0.50
5: 2.00 1.00 0.50 1.50 3.00
6: 0.50 4.00 0.50
7: 0.50 4.00 0.50
8: 0.75
9: 2.00 1.00 0.50 1.50 3.00
10: 0.50 4.00 0.50
11: 0.50 4.00 0.50
12: 0.50 4.00 0.50
13: 2.00 1.00 0.50 1.50 3.00
14: 0.50 4.00 0.50
15: 0.50 4.00 0.50
16: 0.50 4.00 0.50
17: 2.00 1.00 0.50 1.50 3.00
18: 0.75
19: 2.00 1.00 0.50 1.50 3.00
20: 0.50 4.00 0.50
21: 2.00 1.00 0.50 1.50 3.00
22: 2.00 1.00 0.50 1.50 3.00
23: 0.50 4.00 0.50
24: 0.50 4.00 0.50
25: 2.00 1.00 0.50 1.50 3.00
26: 0.50 4.00 0.50
27: 0.50 4.00 0.50
28: 2.00 1.00 0.50 1.50 3.00
29: 0.75
Team 2:
1: 0.25 4.00 0.25
2: 0.25 4.00 0.25
3: 1.00 1.00 1.00 0.75 0.75
4: 0.25 4.00 0.25
5: 1.00 1.00 1.00 0.75 0.75
6: 0.25 4.00 0.25
7: 0.25 4.00 0.25
8: 0.75
9: 1.00 1.00 1.00 0.75 0.75
10: 0.25 4.00 0.25
11: 0.25 4.00 0.25
12: 0.25 4.00 0.25
13: 1.00 1.00 1.00 0.75 0.75
14: 0.25 4.00 0.25
15: 0.25 4.00 0.25
16: 0.25 4.00 0.25
17: 1.00 1.00 1.00 0.75 0.75
18: 0.75
19: 1.00 1.00 1.00 0.75 0.75
20: 0.25 4.00 0.25
21: 1.00 1.00 1.00 0.75 0.75
22: 1.00 1.00 1.00 0.75 0.75
23: 0.25 4.00 0.25
24: 0.25 4.00 0.25
25: 1.00 1.00 1.00 0.75 0.75
26: 0.25 4.00 0.25
27: 0.25 4.00 0.25
28: 1.00 1.00 1.00 0.75 0.75
29: 0.75
