Number_of_customers: 30
Number_of_teams: 3
Number_of_services: 3
Customers_requested_services:
1 1 2 1 0 0 2 0 1 1 0 0 2 2 0 2 1 0 0 1 1 0 0 1 1 0 1 2 0
Daily_available_time: 8
Service 0:
Number_of_tasks: 1
Dependencies:
0: 
Service 1:
Number_of_tasks: 3
Dependencies:
0: 
1: 0 2
2: 
Service 2:
Number_of_tasks: 5
Dependencies:
0: 4
1: 4
2: 4
3: 4
4: 
Travel_times:
0.00 0.20 0.09 0.11 0.16 0.14 0.19 0.12 0.17 0.02 0.05 0.08 0.12 0.11 0.13 0.22 0.11 0.13 0.08 0.16 0.22 0.12 0.14 0.21 0.06 0.13 0.18 0.07 0.14 0.13
0.20 0.00 0.28 0.09 0.36 0.18 0.04 0.28 0.24 0.19 0.15 0.16 0.12 0.31 0.07 0.42 0.31 0.07 0.28 0.23 0.42 0.14 0.10 0.15 0.25 0.10 0.09 0.12 0.34 0.33
0.09 0.28 0.00 0.19 0.14 0.23 0.27 0.03 0.26 0.09 0.12 0.12 0.20 0.15 0.21 0.15 0.19 0.20 0.08 0.07 0.15 0.20 0.21 0.30 0.15 0.22 0.26 0.15 0.19 0.11
0.11 0.09 0.19 0.00 0.28 0.09 0.08 0.19 0.15 0.10 0.06 0.14 0.12 0.22 0.06 0.33 0.22 0.04 0.20 0.22 0.33 0.13 0.10 0.15 0.16 0.07 0.09 0.06 0.25 0.24
0.16 0.36 0.14 0.28 0.00 0.18 0.36 0.17 0.12 0.17 0.21 0.20 0.28 0.05 0.29 0.06 0.05 0.29 0.08 0.21 0.06 0.29 0.30 0.22 0.11 0.27 0.35 0.24 0.05 0.04
0.14 0.18 0.23 0.09 0.18 0.00 0.17 0.25 0.06 0.16 0.12 0.22 0.20 0.13 0.14 0.24 0.13 0.11 0.15 0.30 0.24 0.21 0.18 0.07 0.08 0.08 0.17 0.14 0.16 0.15
0.19 0.04 0.27 0.08 0.36 0.17 0.00 0.27 0.23 0.18 0.14 0.15 0.08 0.30 0.06 0.41 0.30 0.07 0.28 0.22 0.41 0.09 0.06 0.19 0.24 0.11 0.04 0.12 0.33 0.32
0.12 0.28 0.03 0.19 0.17 0.25 0.27 0.00 0.28 0.10 0.13 0.12 0.20 0.17 0.21 0.14 0.21 0.21 0.11 0.05 0.14 0.21 0.22 0.32 0.17 0.24 0.26 0.15 0.21 0.14
0.17 0.24 0.26 0.15 0.12 0.06 0.23 0.28 0.00 0.19 0.15 0.25 0.23 0.11 0.17 0.18 0.07 0.17 0.17 0.33 0.18 0.24 0.21 0.10 0.11 0.14 0.22 0.17 0.10 0.15
0.02 0.19 0.09 0.10 0.17 0.16 0.18 0.10 0.19 0.00 0.04 0.06 0.11 0.12 0.12 0.23 0.12 0.12 0.09 0.14 0.23 0.12 0.13 0.23 0.08 0.15 0.17 0.07 0.15 0.14
0.05 0.15 0.12 0.06 0.21 0.12 0.14 0.13 0.15 0.04 0.00 0.10 0.07 0.16 0.08 0.27 0.16 0.08 0.13 0.17 0.27 0.09 0.09 0.19 0.10 0.11 0.13 0.03 0.19 0.18
0.08 0.16 0.12 0.14 0.20 0.22 0.15 0.12 0.25 0.06 0.10 0.00 0.08 0.15 0.09 0.26 0.18 0.17 0.12 0.08 0.26 0.09 0.10 0.29 0.14 0.21 0.14 0.07 0.18 0.17
0.12 0.12 0.20 0.12 0.28 0.20 0.08 0.20 0.23 0.11 0.07 0.08 0.00 0.23 0.06 0.34 0.23 0.15 0.20 0.15 0.34 0.02 0.02 0.27 0.17 0.19 0.06 0.06 0.26 0.25
0.11 0.31 0.15 0.22 0.05 0.13 0.30 0.17 0.11 0.12 0.16 0.15 0.23 0.00 0.24 0.11 0.04 0.24 0.07 0.22 0.11 0.24 0.25 0.17 0.06 0.21 0.29 0.18 0.04 0.04
0.13 0.07 0.21 0.06 0.29 0.14 0.06 0.21 0.17 0.12 0.08 0.09 0.06 0.24 0.00 0.35 0.24 0.10 0.21 0.16 0.35 0.07 0.04 0.21 0.18 0.13 0.05 0.06 0.27 0.26
0.22 0.42 0.15 0.33 0.06 0.24 0.41 0.14 0.18 0.23 0.27 0.26 0.34 0.11 0.35 0.00 0.11 0.35 0.14 0.19 0.00 0.35 0.36 0.28 0.17 0.32 0.40 0.30 0.09 0.09
0.11 0.31 0.19 0.22 0.05 0.13 0.30 0.21 0.07 0.12 0.16 0.18 0.23 0.04 0.24 0.11 0.00 0.24 0.11 0.26 0.11 0.24 0.25 0.17 0.06 0.21 0.29 0.18 0.03 0.08
0.13 0.07 0.20 0.04 0.29 0.11 0.07 0.21 0.17 0.12 0.08 0.17 0.15 0.24 0.10 0.35 0.24 0.00 0.21 0.25 0.35 0.17 0.13 0.12 0.18 0.04 0.12 0.10 0.27 0.26
0.08 0.28 0.08 0.20 0.08 0.15 0.28 0.11 0.17 0.09 0.13 0.12 0.20 0.07 0.21 0.14 0.11 0.21 0.00 0.15 0.14 0.21 0.22 0.21 0.07 0.18 0.27 0.16 0.11 0.04
0.16 0.23 0.07 0.22 0.21 0.30 0.22 0.05 0.33 0.14 0.17 0.08 0.15 0.22 0.16 0.19 0.26 0.25 0.15 0.00 0.19 0.15 0.17 0.37 0.22 0.29 0.21 0.15 0.26 0.18
0.22 0.42 0.15 0.33 0.06 0.24 0.41 0.14 0.18 0.23 0.27 0.26 0.34 0.11 0.35 0.00 0.11 0.35 0.14 0.19 0.00 0.35 0.36 0.28 0.17 0.32 0.40 0.30 0.09 0.09
0.12 0.14 0.20 0.13 0.29 0.21 0.09 0.21 0.24 0.12 0.09 0.09 0.02 0.24 0.07 0.35 0.24 0.17 0.21 0.15 0.35 0.00 0.04 0.28 0.17 0.20 0.06 0.07 0.27 0.25
0.14 0.10 0.21 0.10 0.30 0.18 0.06 0.22 0.21 0.13 0.09 0.10 0.02 0.25 0.04 0.36 0.25 0.13 0.22 0.17 0.36 0.04 0.00 0.25 0.19 0.17 0.04 0.07 0.28 0.27
0.21 0.15 0.30 0.15 0.22 0.07 0.19 0.32 0.10 0.23 0.19 0.29 0.27 0.17 0.21 0.28 0.17 0.12 0.21 0.37 0.28 0.28 0.25 0.00 0.15 0.08 0.24 0.21 0.20 0.18
0.06 0.25 0.15 0.16 0.11 0.08 0.24 0.17 0.11 0.08 0.10 0.14 0.17 0.06 0.18 0.17 0.06 0.18 0.07 0.22 0.17 0.17 0.19 0.15 0.00 0.15 0.23 0.12 0.09 0.08
0.13 0.10 0.22 0.07 0.27 0.08 0.11 0.24 0.14 0.15 0.11 0.21 0.19 0.21 0.13 0.32 0.21 0.04 0.18 0.29 0.32 0.20 0.17 0.08 0.15 0.00 0.15 0.13 0.24 0.23
0.18 0.09 0.26 0.09 0.35 0.17 0.04 0.26 0.22 0.17 0.13 0.14 0.06 0.29 0.05 0.40 0.29 0.12 0.27 0.21 0.40 0.06 0.04 0.24 0.23 0.15 0.00 0.11 0.32 0.31
0.07 0.12 0.15 0.06 0.24 0.14 0.12 0.15 0.17 0.07 0.03 0.07 0.06 0.18 0.06 0.30 0.18 0.10 0.16 0.15 0.30 0.07 0.07 0.21 0.12 0.13 0.11 0.00 0.21 0.20
0.14 0.34 0.19 0.25 0.05 0.16 0.33 0.21 0.10 0.15 0.19 0.18 0.26 0.04 0.27 0.09 0.03 0.27 0.11 0.26 0.09 0.27 0.28 0.20 0.09 0.24 0.32 0.21 0.00 0.08
0.13 0.33 0.11 0.24 0.04 0.15 0.32 0.14 0.15 0.14 0.18 0.17 0.25 0.04 0.26 0.09 0.08 0.26 0.04 0.18 0.09 0.25 0.27 0.18 0.08 0.23 0.31 0.20 0.08 0.00
Team_tasks_times:
Team 0:
1: 2.00 0.75 4.00
2: 2.00 0.75 4.00
3: 0.75 1.50 2.00 4.00 2.00
4: 2.00 0.75 4.00
5: 4.00
6: 4.00
7: 0.75 1.50 2.00 4.00 2.00
8: 4.00
9: 2.00 0.75 4.00
10: 2.00 0.75 4.00
11: 4.00
12: 4.00
13: 0.75 1.50 2.00 4.00 2.00
14: 0.75 1.50 2.00 4.00 2.00
15: 4.00
16: 0.75 1.50 2.00 4.00 2.00
17: 2.00 0.75 4.00
18: 4.00
19: 4.00
20: 2.00 0.75 4.00
21: 2.00 0.75 4.00
22: 4.00
23: 4.00
24: 2.00 0.75 4.00
25: 2.00 0.75 4.00
26: 4.00
27: 2.00 0.75 4.00
28: 0.75 1.50 2.00 4.00 2.00
29: 4.00
Team 1:
1: 2.00 0.75 1.00
2: 2.00 0.75 1.00
3: 0.75 1.50 4.00 2.00 0.50
4: 2.00 0.75 1.00
5: 2.00
6: 2.00
7: 0.75 1.50 4.00 2.00 0.50
8: 2.00
9: 2.00 0.75 1.00
10: 2.00 0.75 1.00
11: 2.00
12: 2.00
13: 0.75 1.50 4.00 2.00 0.50
14: 0.75 1.50 4.00 2.00 0.50
15: 2.00
16: 0.75 1.50 4.00 2.00 0.50
17: 2.00 0.75 1.00
18: 2.00
19: 2.00
20: 2.00 0.75 1.00
21: 2.00 0.75 1.00
22: 2.00
23: 2.00
24: 2.00 0.75 1.00
25: 2.00 0.75 1.00
26: 2.00
27: 2.00 0.75 1.00
28: 0.75 1.50 4.00 2.00 0.50
29: 2.00
Team 2:
1: 1.00 3.00 2.00
2: 1.00 3.00 2.00
3: 1.50 0.75 1.00 1.00 1.00
4: 1.00 3.00 2.00
5: 1.00
6: 1.00
7: 1.50 0.75 1.00 1.00 1.00
8: 1.00
9: 1.00 3.00 2.00
10: 1.00 3.00 2.00
11: 1.00
12: 1.00
13: 1.50 0.75 1.00 1.00 1.00
14: 1.50 0.75 1.00 1.00 1.00
15: 1.00
16: 1.50 0.75 1.00 1.00 1.00
17: 1.00 3.00 2.00
18: 1.00
19: 1.00
20: 1.00 3.00 2.00
21: 1.00 3.00 2.00
22: 1.00
23: 1.00
24: 1.00 3.00 2.00
25: 1.00 3.00 2.00
26: 1.00
27: 1.00 3.00 2.00
28: 1.50 0.75 1.00 1.00 1.00
29: 1.00
