Number_of_customers: 30
Number_of_teams: 3
Number_of_services: 3
Customers_requested_services:
1 2 2 0 2 1 1 1 1 0 2 1 0 0 2 0 2 0 0 1 1 1 0 0 0 2 0 1 1
Daily_available_time: 8
Service 0:
Number_of_tasks: 1
Dependencies:
0: 
Service 1:
Number_of_tasks: 3
Dependencies:
0: 2
1: 2
2: 
Service 2:
Number_of_tasks: 5
Dependencies:
0: 
1: 0 2 3 4
2: 
3: 
4: 
Travel_times:
0.00 0.12 0.16 0.20 0.12 0.12 0.03 0.16 0.14 0.07 0.24 0.12 0.05 0.09 0.22 0.11 0.30 0.17 0.26 0.13 0.02 0.19 0.22 0.32 0.02 0.15 0.08 0.09 0.07 0.04
0.12 0.00 0.07 0.07 0.07 0.01 0.15 0.08 0.27 0.10 0.11 0.24 0.17 0.14 0.10 0.24 0.17 0.04 0.21 0.04 0.11 0.07 0.09 0.27 0.13 0.10 0.13 0.18 0.19 0.09
0.16 0.07 0.00 0.11 0.10 0.05 0.19 0.02 0.30 0.14 0.08 0.28 0.21 0.21 0.06 0.27 0.14 0.04 0.17 0.10 0.14 0.07 0.11 0.20 0.17 0.04 0.19 0.21 0.23 0.15
0.20 0.07 0.11 0.00 0.14 0.08 0.23 0.13 0.34 0.17 0.13 0.31 0.25 0.14 0.11 0.31 0.10 0.07 0.26 0.07 0.18 0.04 0.02 0.32 0.21 0.15 0.17 0.25 0.27 0.16
0.12 0.07 0.10 0.14 0.00 0.06 0.12 0.10 0.20 0.04 0.18 0.17 0.13 0.21 0.16 0.17 0.24 0.11 0.15 0.10 0.12 0.13 0.16 0.20 0.10 0.09 0.19 0.12 0.13 0.15
0.12 0.01 0.05 0.08 0.06 0.00 0.15 0.07 0.26 0.10 0.12 0.23 0.17 0.15 0.11 0.23 0.18 0.05 0.20 0.05 0.10 0.07 0.10 0.26 0.12 0.09 0.14 0.17 0.18 0.10
0.03 0.15 0.19 0.23 0.12 0.15 0.00 0.19 0.11 0.08 0.27 0.10 0.02 0.09 0.25 0.10 0.33 0.20 0.27 0.16 0.05 0.22 0.25 0.32 0.02 0.18 0.07 0.10 0.04 0.07
0.16 0.08 0.02 0.13 0.10 0.07 0.19 0.00 0.30 0.14 0.08 0.27 0.21 0.22 0.07 0.27 0.14 0.06 0.17 0.12 0.14 0.09 0.12 0.18 0.17 0.02 0.21 0.21 0.23 0.17
0.14 0.27 0.30 0.34 0.20 0.26 0.11 0.30 0.00 0.16 0.38 0.03 0.11 0.20 0.36 0.03 0.44 0.31 0.17 0.27 0.16 0.33 0.36 0.22 0.13 0.29 0.17 0.09 0.10 0.17
0.07 0.10 0.14 0.17 0.04 0.10 0.08 0.14 0.16 0.00 0.21 0.14 0.09 0.16 0.20 0.14 0.28 0.15 0.19 0.11 0.08 0.17 0.20 0.25 0.06 0.13 0.15 0.08 0.09 0.11
0.24 0.11 0.08 0.13 0.18 0.12 0.27 0.08 0.38 0.21 0.00 0.35 0.29 0.22 0.02 0.35 0.06 0.07 0.25 0.12 0.22 0.09 0.12 0.19 0.25 0.09 0.21 0.29 0.31 0.20
0.12 0.24 0.28 0.31 0.17 0.23 0.10 0.27 0.03 0.14 0.35 0.00 0.11 0.18 0.34 0.00 0.42 0.28 0.17 0.25 0.13 0.31 0.33 0.23 0.11 0.27 0.17 0.06 0.10 0.15
0.05 0.17 0.21 0.25 0.13 0.17 0.02 0.21 0.11 0.09 0.29 0.11 0.00 0.11 0.27 0.11 0.35 0.22 0.28 0.18 0.07 0.24 0.27 0.33 0.04 0.20 0.08 0.11 0.02 0.09
0.09 0.14 0.21 0.14 0.21 0.15 0.09 0.22 0.20 0.16 0.22 0.18 0.11 0.00 0.20 0.18 0.25 0.17 0.35 0.11 0.08 0.14 0.16 0.41 0.11 0.24 0.02 0.18 0.12 0.06
0.22 0.10 0.06 0.11 0.16 0.11 0.25 0.07 0.36 0.20 0.02 0.34 0.27 0.20 0.00 0.34 0.08 0.06 0.24 0.10 0.21 0.07 0.11 0.21 0.23 0.07 0.19 0.28 0.29 0.19
0.11 0.24 0.27 0.31 0.17 0.23 0.10 0.27 0.03 0.14 0.35 0.00 0.11 0.18 0.34 0.00 0.41 0.28 0.17 0.24 0.13 0.30 0.33 0.23 0.11 0.26 0.17 0.06 0.10 0.15
0.30 0.17 0.14 0.10 0.24 0.18 0.33 0.14 0.44 0.28 0.06 0.42 0.35 0.25 0.08 0.41 0.00 0.13 0.31 0.17 0.28 0.11 0.09 0.25 0.31 0.15 0.27 0.36 0.37 0.27
0.17 0.04 0.04 0.07 0.11 0.05 0.20 0.06 0.31 0.15 0.07 0.28 0.22 0.17 0.06 0.28 0.13 0.00 0.18 0.06 0.15 0.03 0.07 0.24 0.17 0.07 0.15 0.22 0.24 0.13
0.26 0.21 0.17 0.26 0.15 0.20 0.27 0.17 0.17 0.19 0.25 0.17 0.28 0.35 0.24 0.17 0.31 0.18 0.00 0.25 0.27 0.22 0.26 0.06 0.25 0.16 0.34 0.17 0.27 0.30
0.13 0.04 0.10 0.07 0.10 0.05 0.16 0.12 0.27 0.11 0.12 0.25 0.18 0.11 0.10 0.24 0.17 0.06 0.25 0.00 0.11 0.06 0.09 0.30 0.14 0.14 0.10 0.18 0.20 0.10
0.02 0.11 0.14 0.18 0.12 0.10 0.05 0.14 0.16 0.08 0.22 0.13 0.07 0.08 0.21 0.13 0.28 0.15 0.27 0.11 0.00 0.17 0.20 0.33 0.03 0.16 0.07 0.10 0.09 0.03
0.19 0.07 0.07 0.04 0.13 0.07 0.22 0.09 0.33 0.17 0.09 0.31 0.24 0.14 0.07 0.30 0.11 0.03 0.22 0.06 0.17 0.00 0.04 0.27 0.20 0.11 0.16 0.25 0.26 0.15
0.22 0.09 0.11 0.02 0.16 0.10 0.25 0.12 0.36 0.20 0.12 0.33 0.27 0.16 0.11 0.33 0.09 0.07 0.26 0.09 0.20 0.04 0.00 0.31 0.23 0.14 0.18 0.27 0.29 0.18
0.32 0.27 0.20 0.32 0.20 0.26 0.32 0.18 0.22 0.25 0.19 0.23 0.33 0.41 0.21 0.23 0.25 0.24 0.06 0.30 0.33 0.27 0.31 0.00 0.30 0.17 0.40 0.23 0.33 0.35
0.02 0.13 0.17 0.21 0.10 0.12 0.02 0.17 0.13 0.06 0.25 0.11 0.04 0.11 0.23 0.11 0.31 0.17 0.25 0.14 0.03 0.20 0.23 0.30 0.00 0.16 0.10 0.07 0.06 0.05
0.15 0.10 0.04 0.15 0.09 0.09 0.18 0.02 0.29 0.13 0.09 0.27 0.20 0.24 0.07 0.26 0.15 0.07 0.16 0.14 0.16 0.11 0.14 0.17 0.16 0.00 0.23 0.21 0.22 0.18
0.08 0.13 0.19 0.17 0.19 0.14 0.07 0.21 0.17 0.15 0.21 0.17 0.08 0.02 0.19 0.17 0.27 0.15 0.34 0.10 0.07 0.16 0.18 0.40 0.10 0.23 0.00 0.17 0.10 0.04
0.09 0.18 0.21 0.25 0.12 0.17 0.10 0.21 0.09 0.08 0.29 0.06 0.11 0.18 0.28 0.06 0.36 0.22 0.17 0.18 0.10 0.25 0.27 0.23 0.07 0.21 0.17 0.00 0.10 0.12
0.07 0.19 0.23 0.27 0.13 0.18 0.04 0.23 0.10 0.09 0.31 0.10 0.02 0.12 0.29 0.10 0.37 0.24 0.27 0.20 0.09 0.26 0.29 0.33 0.06 0.22 0.10 0.10 0.00 0.10
0.04 0.09 0.15 0.16 0.15 0.10 0.07 0.17 0.17 0.11 0.20 0.15 0.09 0.06 0.19 0.15 0.27 0.13 0.30 0.10 0.03 0.15 0.18 0.35 0.05 0.18 0.04 0.12 0.10 0.00
Team_tasks_times:
Team 0:
1: 2.00 0.50 0.50
2: 4.00 2.00 4.00 1.00 2.00
3: 4.00 2.00 4.00 1.00 2.00
4: 0.50
5: 4.00 2.00 4.00 1.00 2.00
6: 2.00 0.50 0.50
7: 2.00 0.50 0.50
8: 2.00 0.50 0.50
9: 2.00 0.50 0.50
10: 0.50
11: 4.00 2.00 4.00 1.00 2.00
12: 2.00 0.50 0.50
13: 0.50
14: 0.50
15: 4.00 2.00 4.00 1.00 2.00
16: 0.50
17: 4.00 2.00 4.00 1.00 2.00
18: 0.50
19: 0.50
20: 2.00 0.50 0.50
21: 2.00 0.50 0.50
22: 2.00 0.50 0.50
23: 0.50
24: 0.50
25: 0.50
26: 4.00 2.00 4.00 1.00 2.00
27: 0.50
28: 2.00 0.50 0.50
29: 2.00 0.50 0.50
Team 1:
1: 4.00 1.00 0.25
2: 4.00 0.50 1.00 0.25 4.00
3: 4.00 0.50 1.00 0.25 4.00
4: 2.00
5: 4.00 0.50 1.00 0.25 4.00
6: 4.00 1.00 0.25
7: 4.00 1.00 0.25
8: 4.00 1.00 0.25
9: 4.00 1.00 0.25
10: 2.00
11: 4.00 0.50 1.00 0.25 4.00
12: 4.00 1.00 0.25
13: 2.00
14: 2.00
15: 4.00 0.50 1.00 0.25 4.00
16: 2.00
17: 4.00 0.50 1.00 0.25 4.00
18: 2.00
19: 2.00
20: 4.00 1.00 0.25
21: 4.00 1.00 0.25
22: 4.00 1.00 0.25
23: 2.00
24: 2.00
25: 2.00
26: 4.00 0.50 1.00 0.25 4.00
27: 2.00
28: 4.00 1.00 0.25
29: 4.00 1.00 0.25
Team 2:
1: 2.00 0.50 0.25
2: 4.00 0.50 1.00 0.25 1.00
3: 4.00 0.50 1.00 0.25 1.00
4: 0.50
5: 4.00 0.50 1.00 0.25 1.00
6: 2.00 0.50 0.25
7: 2.00 0.50 0.25
8: 2.00 0.50 0.25
9: 2.00 0.50 0.25
10: 0.50
11: 4.00 0.50 1.00 0.25 1.00
12: 2.00 0.50 0.25
13: 0.50
14: 0.50
15: 4.00 0.50 1.00 0.25 1.00
16: 0.50
17: 4.00 0.50 1.00 0.25 1.00
18: 0.50
19: 0.50
20: 2.00 0.50 0.25
21: 2.00 0.50 0.25
22: 2.00 0.50 0.25
23: 0.50
24: 0.50
25: 0.50
26: 4.00 0.50 1.00 0.25 1.00
27: 0.50
28: 2.00 0.50 0.25
29: 2.00 0.50 0.25
