Number_of_customers: 30
Number_of_teams: 3
Number_of_services: 3
Customers_requested_services:
0 0 0 0 0 2 0 2 2 0 2 0 2 1 2 0 1 0 0 2 1 1 2 0 1 0 0 1 1
Daily_available_time: 8
Service 0:
Number_of_tasks: 1
Dependencies:
0: 
Service 1:
Number_of_tasks: 3
Dependencies:
0: 1
1: 
2: 0
Service 2:
Number_of_tasks: 5
Dependencies:
0: 2 3 4
1: 2 3 4
2: 
3: 
4: 
Travel_times:
0.00 0.15 0.10 0.13 0.21 0.13 0.15 0.23 0.16 0.14 0.23 0.13 0.14 0.03 0.20 0.20 0.12 0.21 0.21 0.27 0.07 0.29 0.21 0.04 0.19 0.12 0.04 0.18 0.12 0.29
0.15 0.00 0.08 0.28 0.15 0.10 0.28 0.23 0.17 0.08 0.10 0.12 0.04 0.12 0.20 0.05 0.07 0.21 0.21 0.12 0.07 0.28 0.20 0.19 0.04 0.11 0.11 0.17 0.03 0.28
0.10 0.08 0.00 0.23 0.23 0.17 0.23 0.31 0.24 0.16 0.17 0.21 0.12 0.08 0.28 0.10 0.02 0.29 0.29 0.19 0.12 0.36 0.28 0.14 0.10 0.19 0.09 0.25 0.09 0.36
0.13 0.28 0.23 0.00 0.35 0.26 0.04 0.20 0.11 0.28 0.36 0.26 0.27 0.16 0.25 0.33 0.25 0.33 0.11 0.40 0.21 0.17 0.11 0.15 0.32 0.25 0.17 0.31 0.26 0.17
0.21 0.15 0.23 0.35 0.00 0.09 0.35 0.15 0.24 0.07 0.06 0.09 0.12 0.19 0.10 0.15 0.22 0.06 0.24 0.06 0.14 0.19 0.24 0.26 0.16 0.10 0.18 0.04 0.14 0.22
0.13 0.10 0.17 0.26 0.09 0.00 0.26 0.13 0.15 0.01 0.10 0.03 0.06 0.10 0.10 0.09 0.17 0.12 0.16 0.14 0.06 0.19 0.15 0.17 0.11 0.02 0.09 0.08 0.09 0.19
0.15 0.28 0.23 0.04 0.35 0.26 0.00 0.20 0.11 0.27 0.36 0.26 0.27 0.16 0.25 0.33 0.25 0.33 0.10 0.40 0.21 0.15 0.11 0.19 0.32 0.25 0.17 0.31 0.25 0.14
0.23 0.23 0.31 0.20 0.15 0.13 0.20 0.00 0.09 0.14 0.17 0.10 0.19 0.22 0.05 0.22 0.30 0.13 0.09 0.21 0.18 0.06 0.09 0.27 0.24 0.12 0.22 0.11 0.22 0.07
0.16 0.17 0.24 0.11 0.24 0.15 0.11 0.09 0.00 0.17 0.26 0.15 0.16 0.15 0.14 0.22 0.23 0.22 0.05 0.30 0.11 0.13 0.04 0.20 0.21 0.14 0.15 0.20 0.15 0.13
0.14 0.08 0.16 0.28 0.07 0.01 0.27 0.14 0.17 0.00 0.09 0.04 0.05 0.12 0.11 0.08 0.15 0.13 0.17 0.13 0.07 0.20 0.16 0.18 0.09 0.03 0.11 0.09 0.07 0.20
0.23 0.10 0.17 0.36 0.06 0.10 0.36 0.17 0.26 0.09 0.00 0.11 0.10 0.20 0.12 0.09 0.17 0.12 0.26 0.04 0.15 0.21 0.25 0.27 0.11 0.12 0.19 0.08 0.11 0.23
0.13 0.12 0.21 0.26 0.09 0.03 0.26 0.10 0.15 0.04 0.11 0.00 0.09 0.12 0.07 0.12 0.20 0.09 0.15 0.15 0.08 0.16 0.15 0.17 0.14 0.02 0.12 0.05 0.12 0.16
0.14 0.04 0.12 0.27 0.12 0.06 0.27 0.19 0.16 0.05 0.10 0.09 0.00 0.11 0.16 0.06 0.11 0.17 0.17 0.14 0.06 0.25 0.17 0.18 0.06 0.07 0.10 0.14 0.03 0.25
0.03 0.12 0.08 0.16 0.19 0.10 0.16 0.22 0.15 0.12 0.20 0.12 0.11 0.00 0.19 0.17 0.09 0.21 0.21 0.25 0.05 0.28 0.20 0.07 0.16 0.11 0.01 0.17 0.10 0.28
0.20 0.20 0.28 0.25 0.10 0.10 0.25 0.05 0.14 0.11 0.12 0.07 0.16 0.19 0.00 0.19 0.27 0.08 0.14 0.16 0.15 0.09 0.14 0.24 0.21 0.09 0.19 0.06 0.19 0.12
0.20 0.05 0.10 0.33 0.15 0.09 0.33 0.22 0.22 0.08 0.09 0.12 0.06 0.17 0.19 0.00 0.08 0.21 0.23 0.11 0.12 0.28 0.22 0.24 0.01 0.11 0.16 0.17 0.07 0.28
0.12 0.07 0.02 0.25 0.22 0.17 0.25 0.30 0.23 0.15 0.17 0.20 0.11 0.09 0.27 0.08 0.00 0.28 0.28 0.18 0.12 0.35 0.27 0.16 0.07 0.18 0.08 0.24 0.08 0.35
0.21 0.21 0.29 0.33 0.06 0.12 0.33 0.13 0.22 0.13 0.12 0.09 0.17 0.21 0.08 0.21 0.28 0.00 0.22 0.10 0.17 0.17 0.21 0.26 0.22 0.10 0.20 0.04 0.20 0.20
0.21 0.21 0.29 0.11 0.24 0.16 0.10 0.09 0.05 0.17 0.26 0.15 0.17 0.21 0.14 0.23 0.28 0.22 0.00 0.30 0.16 0.07 0.01 0.26 0.22 0.14 0.20 0.21 0.20 0.07
0.27 0.12 0.19 0.40 0.06 0.14 0.40 0.21 0.30 0.13 0.04 0.15 0.14 0.25 0.16 0.11 0.18 0.10 0.30 0.00 0.20 0.25 0.29 0.32 0.12 0.16 0.24 0.10 0.15 0.28
0.07 0.07 0.12 0.21 0.14 0.06 0.21 0.18 0.11 0.07 0.15 0.08 0.06 0.05 0.15 0.12 0.12 0.17 0.16 0.20 0.00 0.24 0.15 0.12 0.12 0.07 0.04 0.13 0.05 0.24
0.29 0.28 0.36 0.17 0.19 0.19 0.15 0.06 0.13 0.20 0.21 0.16 0.25 0.28 0.09 0.28 0.35 0.17 0.07 0.25 0.24 0.00 0.08 0.33 0.29 0.17 0.28 0.15 0.28 0.03
0.21 0.20 0.28 0.11 0.24 0.15 0.11 0.09 0.04 0.16 0.25 0.15 0.17 0.20 0.14 0.22 0.27 0.21 0.01 0.29 0.15 0.08 0.00 0.25 0.21 0.14 0.19 0.20 0.19 0.08
0.04 0.19 0.14 0.15 0.26 0.17 0.19 0.27 0.20 0.18 0.27 0.17 0.18 0.07 0.24 0.24 0.16 0.26 0.26 0.32 0.12 0.33 0.25 0.00 0.23 0.16 0.08 0.22 0.17 0.33
0.19 0.04 0.10 0.32 0.16 0.11 0.32 0.24 0.21 0.09 0.11 0.14 0.06 0.16 0.21 0.01 0.07 0.22 0.22 0.12 0.12 0.29 0.21 0.23 0.00 0.12 0.15 0.18 0.07 0.29
0.12 0.11 0.19 0.25 0.10 0.02 0.25 0.12 0.14 0.03 0.12 0.02 0.07 0.11 0.09 0.11 0.18 0.10 0.14 0.16 0.07 0.17 0.14 0.16 0.12 0.00 0.10 0.06 0.10 0.17
0.04 0.11 0.09 0.17 0.18 0.09 0.17 0.22 0.15 0.11 0.19 0.12 0.10 0.01 0.19 0.16 0.08 0.20 0.20 0.24 0.04 0.28 0.19 0.08 0.15 0.10 0.00 0.17 0.09 0.28
0.18 0.17 0.25 0.31 0.04 0.08 0.31 0.11 0.20 0.09 0.08 0.05 0.14 0.17 0.06 0.17 0.24 0.04 0.21 0.10 0.13 0.15 0.20 0.22 0.18 0.06 0.17 0.00 0.17 0.18
0.12 0.03 0.09 0.26 0.14 0.09 0.25 0.22 0.15 0.07 0.11 0.12 0.03 0.10 0.19 0.07 0.08 0.20 0.20 0.15 0.05 0.28 0.19 0.17 0.07 0.10 0.09 0.17 0.00 0.28
0.29 0.28 0.36 0.17 0.22 0.19 0.14 0.07 0.13 0.20 0.23 0.16 0.25 0.28 0.12 0.28 0.35 0.20 0.07 0.28 0.24 0.03 0.08 0.33 0.29 0.17 0.28 0.18 0.28 0.00
Team_tasks_times:
Team 0:
1: 4.00
2: 4.00
3: 4.00
4: 4.00
5: 4.00
6: 2.00 2.00 1.00 2.00 4.00
7: 4.00
8: 2.00 2.00 1.00 2.00 4.00
9: 2.00 2.00 1.00 2.00 4.00
10: 4.00
11: 2.00 2.00 1.00 2.00 4.00
12: 4.00
13: 2.00 2.00 1.00 2.00 4.00
14: 1.00 2.00 2.00
15: 2.00 2.00 1.00 2.00 4.00
16: 4.00
17: 1.00 2.00 2.00
18: 4.00
19: 4.00
20: 2.00 2.00 1.00 2.00 4.00
21: 1.00 2.00 2.00
22: 1.00 2.00 2.00
23: 2.00 2.00 1.00 2.00 4.00
24: 4.00
25: 1.00 2.00 2.00
26: 4.00
27: 4.00
28: 1.00 2.00 2.00
29: 1.00 2.00 2.00
Team 1:
1: 2.00
2: 2.00
3: 2.00
4: 2.00
5: 2.00
6: 4.00 1.00 1.00 2.00 1.00
7: 2.00
8: 4.00 1.00 1.00 2.00 1.00
9: 4.00 1.00 1.00 2.00 1.00
10: 2.00
11: 4.00 1.00 1.00 2.00 1.00
12: 2.00
13: 4.00 1.00 1.00 2.00 1.00
14: 0.50 2.00 2.00
15: 4.00 1.00 1.00 2.00 1.00
16: 2.00
17: 0.50 2.00 2.00
18: 2.00
19: 2.00
20: 4.00 1.00 1.00 2.00 1.00
21: 0.50 2.00 2.00
22: 0.50 2.00 2.00
23: 4.00 1.00 1.00 2.00 1.00
24: 2.00
25: 0.50 2.00 2.00
26: 2.00
27: 2.00
28: 0.50 2.00 2.00
29: 0.50 2.00 2.00
Team 2:
1: 2.00
2: 2.00
3: 2.00
4: 2.00
5: 2.00
6: 1.00 2.00 2.00 1.00 4.00
7: 2.00
8: 1.00 2.00 2.00 1.00 4.00
9: 1.00 2.00 2.00 1.00 4.00
10: 2.00
11: 1.00 2.00 2.00 1.00 4.00
12: 2.00
13: 1.00 2.00 2.00 1.00 4.00
14: 0.25 0.50 1.00
15: 1.00 2.00 2.00 1.00 4.00
16: 2.00
17: 0.25 0.50 1.00
18: 2.00
19: 2.00
20: 1.00 2.00 2.00 1.00 4.00
21: 0.25 0.50 1.00
22: 0.25 0.50 1.00
23: 1.00 2.00 2.00 1.00 4.00
24: 2.00
25: 0.25 0.50 1.00
26: 2.00
27: 2.00
28: 0.25 0.50 1.00
29: 0.25 0.50 1.00
