Number_of_customers: 30
Number_of_teams: 3
Number_of_services: 3
Customers_requested_services:
0 1 1 0 0 2 0 2 2 0 1 2 0 0 0 0 0 1 2 2 2 2 0 1 1 1 0 1 1
Daily_available_time: 8
Service 0:
Number_of_tasks: 1
Dependencies:
0: 
Service 1:
Number_of_tasks: 3
Dependencies:
0: 
1: 
2: 0 1
Service 2:
Number_of_tasks: 5
Dependencies:
0: 
1: 3 4
2: 3 4
3: 0
4: 0
Travel_times:
0.00 0.25 0.18 0.09 0.14 0.04 0.19 0.04 0.10 0.21 0.16 0.15 0.20 0.27 0.16 0.02 0.04 0.24 0.26 0.14 0.22 0.25 0.17 0.09 0.35 0.28 0.26 0.31 0.34 0.23
0.25 0.00 0.07 0.30 0.12 0.28 0.09 0.29 0.26 0.12 0.16 0.10 0.05 0.14 0.15 0.27 0.29 0.02 0.12 0.20 0.17 0.19 0.07 0.33 0.10 0.05 0.16 0.07 0.09 0.09
0.18 0.07 0.00 0.23 0.08 0.21 0.12 0.22 0.19 0.14 0.09 0.04 0.02 0.21 0.08 0.20 0.23 0.10 0.19 0.13 0.10 0.18 0.02 0.27 0.17 0.10 0.19 0.13 0.15 0.16
0.09 0.30 0.23 0.00 0.18 0.08 0.21 0.12 0.04 0.17 0.14 0.21 0.25 0.18 0.21 0.11 0.12 0.29 0.18 0.10 0.28 0.16 0.23 0.03 0.40 0.33 0.17 0.36 0.39 0.22
0.14 0.12 0.08 0.18 0.00 0.16 0.04 0.17 0.14 0.07 0.04 0.04 0.07 0.13 0.16 0.16 0.17 0.11 0.11 0.08 0.18 0.11 0.06 0.21 0.22 0.15 0.12 0.18 0.21 0.08
0.04 0.28 0.21 0.08 0.16 0.00 0.20 0.04 0.08 0.19 0.14 0.19 0.23 0.26 0.20 0.03 0.04 0.27 0.24 0.12 0.26 0.24 0.21 0.06 0.39 0.31 0.24 0.34 0.37 0.21
0.19 0.09 0.12 0.21 0.04 0.20 0.00 0.21 0.17 0.04 0.07 0.08 0.10 0.08 0.20 0.21 0.21 0.07 0.07 0.12 0.23 0.11 0.10 0.25 0.19 0.11 0.07 0.15 0.17 0.04
0.04 0.29 0.22 0.12 0.17 0.04 0.21 0.00 0.12 0.23 0.18 0.19 0.24 0.30 0.20 0.02 0.01 0.28 0.28 0.16 0.26 0.28 0.21 0.10 0.39 0.32 0.28 0.35 0.38 0.25
0.10 0.26 0.19 0.04 0.14 0.08 0.17 0.12 0.00 0.14 0.10 0.17 0.21 0.17 0.17 0.12 0.12 0.25 0.16 0.06 0.24 0.15 0.19 0.07 0.36 0.29 0.16 0.32 0.35 0.18
0.21 0.12 0.14 0.17 0.07 0.19 0.04 0.23 0.14 0.00 0.05 0.10 0.12 0.06 0.22 0.23 0.23 0.11 0.05 0.07 0.25 0.07 0.12 0.21 0.23 0.15 0.05 0.18 0.21 0.04
0.16 0.16 0.09 0.14 0.04 0.14 0.07 0.18 0.10 0.05 0.00 0.07 0.11 0.11 0.17 0.17 0.18 0.15 0.10 0.04 0.20 0.09 0.09 0.17 0.26 0.19 0.10 0.22 0.25 0.08
0.15 0.10 0.04 0.21 0.04 0.19 0.08 0.19 0.17 0.10 0.07 0.00 0.04 0.16 0.12 0.17 0.20 0.08 0.15 0.11 0.15 0.14 0.02 0.24 0.20 0.12 0.15 0.15 0.18 0.12
0.20 0.05 0.02 0.25 0.07 0.23 0.10 0.24 0.21 0.12 0.11 0.04 0.00 0.18 0.10 0.22 0.24 0.07 0.17 0.15 0.12 0.16 0.02 0.28 0.15 0.08 0.17 0.11 0.14 0.14
0.27 0.14 0.21 0.18 0.13 0.26 0.08 0.30 0.17 0.06 0.11 0.16 0.18 0.00 0.29 0.29 0.30 0.12 0.02 0.13 0.31 0.06 0.18 0.20 0.24 0.18 0.02 0.20 0.23 0.06
0.16 0.15 0.08 0.21 0.16 0.20 0.20 0.20 0.17 0.22 0.17 0.12 0.10 0.29 0.00 0.18 0.21 0.17 0.27 0.15 0.06 0.27 0.10 0.25 0.19 0.12 0.27 0.15 0.17 0.24
0.02 0.27 0.20 0.11 0.16 0.03 0.21 0.02 0.12 0.23 0.17 0.17 0.22 0.29 0.18 0.00 0.02 0.26 0.27 0.15 0.25 0.27 0.20 0.09 0.37 0.30 0.28 0.33 0.36 0.24
0.04 0.29 0.23 0.12 0.17 0.04 0.21 0.01 0.12 0.23 0.18 0.20 0.24 0.30 0.21 0.02 0.00 0.28 0.28 0.16 0.27 0.28 0.22 0.10 0.40 0.32 0.28 0.35 0.38 0.25
0.24 0.02 0.10 0.29 0.11 0.27 0.07 0.28 0.25 0.11 0.15 0.08 0.07 0.12 0.17 0.26 0.28 0.00 0.11 0.19 0.20 0.18 0.07 0.32 0.12 0.07 0.15 0.09 0.10 0.07
0.26 0.12 0.19 0.18 0.11 0.24 0.07 0.28 0.16 0.05 0.10 0.15 0.17 0.02 0.27 0.27 0.28 0.11 0.00 0.12 0.29 0.07 0.17 0.21 0.23 0.17 0.04 0.19 0.21 0.04
0.14 0.20 0.13 0.10 0.08 0.12 0.12 0.16 0.06 0.07 0.04 0.11 0.15 0.13 0.15 0.15 0.16 0.19 0.12 0.00 0.17 0.11 0.13 0.13 0.30 0.23 0.12 0.26 0.29 0.12
0.22 0.17 0.10 0.28 0.18 0.26 0.23 0.26 0.24 0.25 0.20 0.15 0.12 0.31 0.06 0.25 0.27 0.20 0.29 0.17 0.00 0.29 0.12 0.31 0.13 0.13 0.30 0.11 0.11 0.26
0.25 0.19 0.18 0.16 0.11 0.24 0.11 0.28 0.15 0.07 0.09 0.14 0.16 0.06 0.27 0.27 0.28 0.18 0.07 0.11 0.29 0.00 0.17 0.18 0.30 0.22 0.03 0.25 0.28 0.11
0.17 0.07 0.02 0.23 0.06 0.21 0.10 0.21 0.19 0.12 0.09 0.02 0.02 0.18 0.10 0.20 0.22 0.07 0.17 0.13 0.12 0.17 0.00 0.26 0.17 0.10 0.17 0.13 0.16 0.14
0.09 0.33 0.27 0.03 0.21 0.06 0.25 0.10 0.07 0.21 0.17 0.24 0.28 0.20 0.25 0.09 0.10 0.32 0.21 0.13 0.31 0.18 0.26 0.00 0.44 0.36 0.19 0.39 0.42 0.25
0.35 0.10 0.17 0.40 0.22 0.39 0.19 0.39 0.36 0.23 0.26 0.20 0.15 0.24 0.19 0.37 0.40 0.12 0.23 0.30 0.13 0.30 0.17 0.44 0.00 0.07 0.26 0.04 0.02 0.18
0.28 0.05 0.10 0.33 0.15 0.31 0.11 0.32 0.29 0.15 0.19 0.12 0.08 0.18 0.12 0.30 0.32 0.07 0.17 0.23 0.13 0.22 0.10 0.36 0.07 0.00 0.19 0.03 0.06 0.14
0.26 0.16 0.19 0.17 0.12 0.24 0.07 0.28 0.16 0.05 0.10 0.15 0.17 0.02 0.27 0.28 0.28 0.15 0.04 0.12 0.30 0.03 0.17 0.19 0.26 0.19 0.00 0.22 0.25 0.08
0.31 0.07 0.13 0.36 0.18 0.34 0.15 0.35 0.32 0.18 0.22 0.15 0.11 0.20 0.15 0.33 0.35 0.09 0.19 0.26 0.11 0.25 0.13 0.39 0.04 0.03 0.22 0.00 0.03 0.16
0.34 0.09 0.15 0.39 0.21 0.37 0.17 0.38 0.35 0.21 0.25 0.18 0.14 0.23 0.17 0.36 0.38 0.10 0.21 0.29 0.11 0.28 0.16 0.42 0.02 0.06 0.25 0.03 0.00 0.17
0.23 0.09 0.16 0.22 0.08 0.21 0.04 0.25 0.18 0.04 0.08 0.12 0.14 0.06 0.24 0.24 0.25 0.07 0.04 0.12 0.26 0.11 0.14 0.25 0.18 0.14 0.08 0.16 0.17 0.00
Team_tasks_times:
Team 0:
1: 1.00
2: 1.50 4.00 0.50
3: 1.50 4.00 0.50
4: 1.00
5: 1.00
6: 1.00 1.00 0.50 0.75 0.50
7: 1.00
8: 1.00 1.00 0.50 0.75 0.50
9: 1.00 1.00 0.50 0.75 0.50
10: 1.00
11: 1.50 4.00 0.50
12: 1.00 1.00 0.50 0.75 0.50
13: 1.00
14: 1.00
15: 1.00
16: 1.00
17: 1.00
18: 1.50 4.00 0.50
19: 1.00 1.00 0.50 0.75 0.50
20: 1.00 1.00 0.50 0.75 0.50
21: 1.00 1.00 0.50 0.75 0.50
22: 1.00 1.00 0.50 0.75 0.50
23: 1.00
24: 1.50 4.00 0.50
25: 1.50 4.00 0.50
26: 1.50 4.00 0.50
27: 1.00
28: 1.50 4.00 0.50
29: 1.50 4.00 0.50
Team 1:
1: 1.00
2: 1.50 2.00 1.00
3: 1.50 2.00 1.00
4: 1.00
5: 1.00
6: 1.00 1.00 0.25 3.00 0.25
7: 1.00
8: 1.00 1.00 0.25 3.00 0.25
9: 1.00 1.00 0.25 3.00 0.25
10: 1.00
11: 1.50 2.00 1.00
12: 1.00 1.00 0.25 3.00 0.25
13: 1.00
14: 1.00
15: 1.00
16: 1.00
17: 1.00
18: 1.50 2.00 1.00
19: 1.00 1.00 0.25 3.00 0.25
20: 1.00 1.00 0.25 3.00 0.25
21: 1.00 1.00 0.25 3.00 0.25
22: 1.00 1.00 0.25 3.00 0.25
23: 1.00
24: 1.50 2.00 1.00
25: 1.50 2.00 1.00
26: 1.50 2.00 1.00
27: 1.00
28: 1.50 2.00 1.00
29: 1.50 2.00 1.00
Team 2:
1: 0.25
2: 3.00 1.00 2.00
3: 3.00 1.00 2.00
4: 0.25
5: 0.25
6: 2.00 2.00 1.00 3.00 1.00
7: 0.25
8: 2.00 2.00 1.00 3.00 1.00
9: 2.00 2.00 1.00 3.00 1.00
10: 0.25
11: 3.00 1.00 2.00
12: 2.00 2.00 1.00 3.00 1.00
13: 0.25
14: 0.25
15: 0.25
16: 0.25
17: 0.25
18: 3.00 1.00 2.00
19: 2.00 2.00 1.00 3.00 1.00
20: 2.00 2.00 1.00 3.00 1.00
21: 2.00 2.00 1.00 3.00 1.00
22: 2.00 2.00 1.00 3.00 1.00
23: 0.25
24: 3.00 1.00 2.00
25: 3.00 1.00 2.00
26: 3.00 1.00 2.00
27: 0.25
28: 3.00 1.00 2.00
29: 3.00 1.00 2.00
