Number_of_customers: 30
Number_of_teams: 3
Number_of_services: 3
Customers_requested_services:
1 1 2 0 2 2 0 1 2 0 0 1 2 1 2 1 0 2 1 0 2 1 0 0 0 1 0 0 2
Daily_available_time: 8
Service 0:
Number_of_tasks: 1
Dependencies:
0: 
Service 1:
Number_of_tasks: 3
Dependencies:
0: 1 2
1: 
2: 
Service 2:
Number_of_tasks: 5
Dependencies:
0: 
1: 
2: 4
3: 
4: 0 1 3
Travel_times:
0.00 0.12 0.03 0.21 0.10 0.19 0.20 0.03 0.22 0.18 0.19 0.06 0.21 0.20 0.09 0.02 0.22 0.10 0.18 0.08 0.07 0.06 0.11 0.09 0.15 0.28 0.20 0.17 0.11 0.10
0.12 0.00 0.09 0.17 0.14 0.31 0.08 0.09 0.34 0.22 0.07 0.16 0.17 0.17 0.03 0.13 0.23 0.06 0.14 0.04 0.19 0.06 0.07 0.13 0.19 0.24 0.17 0.24 0.21 0.21
0.03 0.09 0.00 0.21 0.10 0.22 0.17 0.02 0.25 0.18 0.16 0.07 0.21 0.20 0.06 0.04 0.22 0.07 0.18 0.05 0.10 0.04 0.11 0.09 0.15 0.28 0.20 0.17 0.13 0.13
0.21 0.17 0.21 0.00 0.31 0.21 0.25 0.19 0.17 0.05 0.24 0.15 0.06 0.01 0.15 0.19 0.06 0.23 0.10 0.20 0.26 0.17 0.16 0.30 0.36 0.07 0.12 0.07 0.32 0.18
0.10 0.14 0.10 0.31 0.00 0.21 0.18 0.12 0.24 0.28 0.20 0.15 0.31 0.30 0.15 0.12 0.32 0.08 0.28 0.11 0.09 0.14 0.21 0.03 0.09 0.38 0.30 0.27 0.12 0.13
0.19 0.31 0.22 0.21 0.21 0.00 0.38 0.21 0.12 0.18 0.38 0.14 0.21 0.21 0.28 0.17 0.23 0.29 0.24 0.27 0.12 0.25 0.30 0.24 0.15 0.28 0.26 0.17 0.11 0.09
0.20 0.08 0.17 0.25 0.18 0.38 0.00 0.17 0.41 0.30 0.02 0.24 0.19 0.25 0.11 0.21 0.30 0.10 0.14 0.11 0.27 0.13 0.08 0.17 0.26 0.22 0.13 0.32 0.29 0.29
0.03 0.09 0.02 0.19 0.12 0.21 0.17 0.00 0.25 0.16 0.16 0.07 0.19 0.18 0.06 0.04 0.21 0.07 0.16 0.06 0.10 0.04 0.09 0.11 0.17 0.26 0.18 0.15 0.13 0.12
0.22 0.34 0.25 0.17 0.24 0.12 0.41 0.25 0.00 0.12 0.41 0.17 0.22 0.17 0.31 0.20 0.11 0.32 0.27 0.30 0.16 0.28 0.33 0.27 0.27 0.19 0.29 0.10 0.23 0.12
0.18 0.22 0.18 0.05 0.28 0.18 0.30 0.16 0.12 0.00 0.29 0.12 0.11 0.05 0.19 0.16 0.04 0.20 0.15 0.18 0.22 0.17 0.21 0.27 0.33 0.10 0.17 0.02 0.29 0.15
0.19 0.07 0.16 0.24 0.20 0.38 0.02 0.16 0.41 0.29 0.00 0.24 0.18 0.24 0.10 0.21 0.30 0.11 0.14 0.11 0.26 0.13 0.08 0.19 0.26 0.21 0.12 0.31 0.29 0.29
0.06 0.16 0.07 0.15 0.15 0.14 0.24 0.07 0.17 0.12 0.24 0.00 0.15 0.15 0.14 0.04 0.17 0.14 0.12 0.13 0.10 0.11 0.16 0.15 0.21 0.22 0.15 0.11 0.17 0.05
0.21 0.17 0.21 0.06 0.31 0.21 0.19 0.19 0.22 0.11 0.18 0.15 0.00 0.06 0.15 0.19 0.11 0.23 0.05 0.20 0.26 0.17 0.11 0.30 0.36 0.07 0.06 0.12 0.32 0.18
0.20 0.17 0.20 0.01 0.30 0.21 0.25 0.18 0.17 0.05 0.24 0.15 0.06 0.00 0.15 0.18 0.06 0.22 0.11 0.20 0.25 0.16 0.17 0.30 0.35 0.07 0.12 0.07 0.32 0.17
0.09 0.03 0.06 0.15 0.15 0.28 0.11 0.06 0.31 0.19 0.10 0.14 0.15 0.15 0.00 0.11 0.20 0.07 0.12 0.05 0.16 0.03 0.05 0.15 0.21 0.22 0.15 0.21 0.19 0.19
0.02 0.13 0.04 0.19 0.12 0.17 0.21 0.04 0.20 0.16 0.21 0.04 0.19 0.18 0.11 0.00 0.20 0.11 0.16 0.10 0.07 0.08 0.13 0.11 0.17 0.26 0.18 0.15 0.13 0.08
0.22 0.23 0.22 0.06 0.32 0.23 0.30 0.21 0.11 0.04 0.30 0.17 0.11 0.06 0.20 0.20 0.00 0.24 0.16 0.21 0.27 0.18 0.22 0.32 0.37 0.08 0.17 0.06 0.34 0.20
0.10 0.06 0.07 0.23 0.08 0.29 0.10 0.07 0.32 0.20 0.11 0.14 0.23 0.22 0.07 0.11 0.24 0.00 0.20 0.03 0.17 0.06 0.12 0.07 0.16 0.29 0.22 0.22 0.20 0.20
0.18 0.14 0.18 0.10 0.28 0.24 0.14 0.16 0.27 0.15 0.14 0.12 0.05 0.11 0.12 0.16 0.16 0.20 0.00 0.17 0.22 0.14 0.07 0.27 0.33 0.10 0.03 0.17 0.29 0.15
0.08 0.04 0.05 0.20 0.11 0.27 0.11 0.06 0.30 0.18 0.11 0.13 0.20 0.20 0.05 0.10 0.21 0.03 0.17 0.00 0.15 0.04 0.10 0.10 0.16 0.27 0.20 0.20 0.18 0.18
0.07 0.19 0.10 0.26 0.09 0.12 0.27 0.10 0.16 0.22 0.26 0.10 0.26 0.25 0.16 0.07 0.27 0.17 0.22 0.15 0.00 0.13 0.18 0.12 0.11 0.32 0.25 0.21 0.07 0.07
0.06 0.06 0.04 0.17 0.14 0.25 0.13 0.04 0.28 0.17 0.13 0.11 0.17 0.16 0.03 0.08 0.18 0.06 0.14 0.04 0.13 0.00 0.07 0.14 0.19 0.23 0.16 0.18 0.16 0.16
0.11 0.07 0.11 0.16 0.21 0.30 0.08 0.09 0.33 0.21 0.08 0.16 0.11 0.17 0.05 0.13 0.22 0.12 0.07 0.10 0.18 0.07 0.00 0.20 0.26 0.17 0.10 0.23 0.22 0.21
0.09 0.13 0.09 0.30 0.03 0.24 0.17 0.11 0.27 0.27 0.19 0.15 0.30 0.30 0.15 0.11 0.32 0.07 0.27 0.10 0.12 0.14 0.20 0.00 0.11 0.37 0.30 0.26 0.15 0.15
0.15 0.19 0.15 0.36 0.09 0.15 0.26 0.17 0.27 0.33 0.26 0.21 0.36 0.35 0.21 0.17 0.37 0.16 0.33 0.16 0.11 0.19 0.26 0.11 0.00 0.42 0.35 0.32 0.04 0.18
0.28 0.24 0.28 0.07 0.38 0.28 0.22 0.26 0.19 0.10 0.21 0.22 0.07 0.07 0.22 0.26 0.08 0.29 0.10 0.27 0.32 0.23 0.17 0.37 0.42 0.00 0.09 0.11 0.39 0.25
0.20 0.17 0.20 0.12 0.30 0.26 0.13 0.18 0.29 0.17 0.12 0.15 0.06 0.12 0.15 0.18 0.17 0.22 0.03 0.20 0.25 0.16 0.10 0.30 0.35 0.09 0.00 0.19 0.32 0.17
0.17 0.24 0.17 0.07 0.27 0.17 0.32 0.15 0.10 0.02 0.31 0.11 0.12 0.07 0.21 0.15 0.06 0.22 0.17 0.20 0.21 0.18 0.23 0.26 0.32 0.11 0.19 0.00 0.28 0.14
0.11 0.21 0.13 0.32 0.12 0.11 0.29 0.13 0.23 0.29 0.29 0.17 0.32 0.32 0.19 0.13 0.34 0.20 0.29 0.18 0.07 0.16 0.22 0.15 0.04 0.39 0.32 0.28 0.00 0.14
0.10 0.21 0.13 0.18 0.13 0.09 0.29 0.12 0.12 0.15 0.29 0.05 0.18 0.17 0.19 0.08 0.20 0.20 0.15 0.18 0.07 0.16 0.21 0.15 0.18 0.25 0.17 0.14 0.14 0.00
Team_tasks_times:
Team 0:
1: 0.50 1.00 0.50
2: 0.50 1.00 0.50
3: 1.00 1.00 4.00 3.00 0.25
4: 1.00
5: 1.00 1.00 4.00 3.00 0.25
6: 1.00 1.00 4.00 3.00 0.25
7: 1.00
8: 0.50 1.00 0.50
9: 1.00 1.00 4.00 3.00 0.25
10: 1.00
11: 1.00
12: 0.50 1.00 0.50
13: 1.00 1.00 4.00 3.00 0.25
14: 0.50 1.00 0.50
15: 1.00 1.00 4.00 3.00 0.25
16: 0.50 1.00 0.50
17: 1.00
18: 1.00 1.00 4.00 3.00 0.25
19: 0.50 1.00 0.50
20: 1.00
21: 1.00 1.00 4.00 3.00 0.25
22: 0.50 1.00 0.50
23: 1.00
24: 1.00
25: 1.00
26: 0.50 1.00 0.50
27: 1.00
28: 1.00
29: 1.00 1.00 4.00 3.00 0.25
Team 1:
1: 0.50 0.25 1.00
2: 0.50 0.25 1.00
3: 4.00 1.00 2.00 3.00 0.25
4: 0.50
5: 4.00 1.00 2.00 3.00 0.25
6: 4.00 1.00 2.00 3.00 0.25
7: 0.50
8: 0.50 0.25 1.00
9: 4.00 1.00 2.00 3.00 0.25
10: 0.50
11: 0.50
12: 0.50 0.25 1.00
13: 4.00 1.00 2.00 3.00 0.25
14: 0.50 0.25 1.00
15: 4.00 1.00 2.00 3.00 0.25
16: 0.50 0.25 1.00
17: 0.50
18: 4.00 1.00 2.00 3.00 0.25
19: 0.50 0.25 1.00
20: 0.50
21: 4.00 1.00 2.00 3.00 0.25
22: 0.50 0.25 1.00
23: 0.50
24: 0.50
25: 0.50
26: 0.50 0.25 1.00
27: 0.50
28: 0.50
29: 4.00 1.00 2.00 3.00 0.25
Team 2:
1: 0.50 0.25 1.00
2: 0.50 0.25 1.00
3: 1.00 0.50 2.00 0.75 0.25
4: 0.50
5: 1.00 0.50 2.00 0.75 0.25
6: 1.00 0.50 2.00 0.75 0.25
7: 0.50
8: 0.50 0.25 1.00
9: 1.00 0.50 2.00 0.75 0.25
10: 0.50
11: 0.50
12: 0.50 0.25 1.00
13: 1.00 0.50 2.00 0.75 0.25
14: 0.50 0.25 1.00
15: 1.00 0.50 2.00 0.75 0.25
16: 0.50 0.25 1.00
17: 0.50
18: 1.00 0.50 2.00 0.75 0.25
19: 0.50 0.25 1.00
20: 0.50
21: 1.00 0.50 2.00 0.75 0.25
22: 0.50 0.25 1.00
23: 0.50
24: 0.50
25: 0.50
26: 0.50 0.25 1.00
27: 0.50
28: 0.50
29: 1.00 0.50 2.00 0.75 0.25
