Number_of_customers: 30
Number_of_teams: 3
Number_of_services: 3
Customers_requested_services:
1 2 0 1 1 0 0 1 2 1 2 2 1 0 2 2 2 2 2 2 0 1 2 2 1 1 1 1 0
Daily_available_time: 8
Service 0:
Number_of_tasks: 1
Dependencies:
0: 
Service 1:
Number_of_tasks: 3
Dependencies:
0: 
1: 0
2: 1
Service 2:
Number_of_tasks: 5
Dependencies:
0: 
1: 
2: 4
3: 
4: 0 1 3
Travel_times:
0.00 0.06 0.21 0.14 0.24 0.23 0.07 0.07 0.25 0.26 0.12 0.27 0.17 0.25 0.17 0.15 0.21 0.24 0.24 0.11 0.14 0.16 0.11 0.07 0.24 0.05 0.18 0.02 0.17 0.24
0.06 0.00 0.25 0.16 0.28 0.27 0.12 0.03 0.22 0.30 0.16 0.31 0.20 0.19 0.21 0.20 0.25 0.28 0.28 0.15 0.20 0.20 0.12 0.03 0.18 0.02 0.14 0.04 0.21 0.25
0.21 0.25 0.00 0.22 0.25 0.24 0.14 0.28 0.33 0.23 0.12 0.18 0.25 0.33 0.15 0.07 0.29 0.05 0.23 0.15 0.10 0.18 0.19 0.22 0.32 0.23 0.26 0.23 0.04 0.32
0.14 0.16 0.22 0.00 0.12 0.11 0.21 0.18 0.11 0.14 0.10 0.15 0.04 0.10 0.07 0.16 0.09 0.17 0.12 0.07 0.29 0.04 0.04 0.13 0.10 0.14 0.04 0.14 0.21 0.10
0.24 0.28 0.25 0.12 0.00 0.01 0.24 0.31 0.08 0.02 0.13 0.07 0.08 0.09 0.09 0.18 0.04 0.20 0.02 0.12 0.31 0.08 0.16 0.25 0.13 0.26 0.14 0.26 0.24 0.07
0.23 0.27 0.24 0.11 0.01 0.00 0.23 0.30 0.09 0.03 0.12 0.06 0.07 0.09 0.08 0.17 0.05 0.19 0.01 0.12 0.30 0.07 0.15 0.24 0.12 0.25 0.13 0.25 0.23 0.09
0.07 0.12 0.14 0.21 0.24 0.23 0.00 0.14 0.32 0.22 0.11 0.20 0.23 0.31 0.14 0.09 0.28 0.17 0.22 0.14 0.07 0.17 0.18 0.14 0.31 0.12 0.25 0.09 0.10 0.31
0.07 0.03 0.28 0.18 0.31 0.30 0.14 0.00 0.24 0.32 0.18 0.34 0.23 0.22 0.24 0.22 0.27 0.31 0.30 0.18 0.21 0.23 0.14 0.06 0.18 0.05 0.16 0.05 0.24 0.28
0.25 0.22 0.33 0.11 0.08 0.09 0.32 0.24 0.00 0.10 0.21 0.15 0.09 0.03 0.17 0.27 0.04 0.28 0.10 0.18 0.39 0.15 0.14 0.18 0.07 0.20 0.08 0.24 0.32 0.03
0.26 0.30 0.23 0.14 0.02 0.03 0.22 0.32 0.10 0.00 0.14 0.05 0.10 0.11 0.09 0.17 0.06 0.18 0.02 0.14 0.29 0.10 0.18 0.27 0.15 0.28 0.16 0.28 0.22 0.09
0.12 0.16 0.12 0.10 0.13 0.12 0.11 0.18 0.21 0.14 0.00 0.15 0.12 0.21 0.06 0.06 0.17 0.12 0.12 0.03 0.18 0.06 0.07 0.12 0.20 0.14 0.14 0.14 0.11 0.20
0.27 0.31 0.18 0.15 0.07 0.06 0.20 0.34 0.15 0.05 0.15 0.00 0.11 0.15 0.10 0.12 0.11 0.13 0.05 0.16 0.24 0.11 0.20 0.28 0.16 0.29 0.17 0.29 0.17 0.14
0.17 0.20 0.25 0.04 0.08 0.07 0.23 0.23 0.09 0.10 0.12 0.11 0.00 0.08 0.09 0.18 0.04 0.20 0.07 0.10 0.31 0.07 0.09 0.17 0.07 0.18 0.07 0.18 0.24 0.08
0.25 0.19 0.33 0.10 0.09 0.09 0.31 0.22 0.03 0.11 0.21 0.15 0.08 0.00 0.17 0.26 0.06 0.28 0.10 0.18 0.39 0.15 0.14 0.17 0.04 0.20 0.07 0.23 0.32 0.06
0.17 0.21 0.15 0.07 0.09 0.08 0.14 0.24 0.17 0.09 0.06 0.10 0.09 0.17 0.00 0.09 0.14 0.11 0.07 0.06 0.22 0.02 0.10 0.18 0.17 0.19 0.11 0.19 0.15 0.17
0.15 0.20 0.07 0.16 0.18 0.17 0.09 0.22 0.27 0.17 0.06 0.12 0.18 0.26 0.09 0.00 0.23 0.08 0.17 0.08 0.13 0.11 0.12 0.17 0.26 0.17 0.20 0.17 0.06 0.26
0.21 0.25 0.29 0.09 0.04 0.05 0.28 0.27 0.04 0.06 0.17 0.11 0.04 0.06 0.14 0.23 0.00 0.24 0.06 0.14 0.35 0.11 0.13 0.21 0.10 0.23 0.11 0.23 0.28 0.03
0.24 0.28 0.05 0.17 0.20 0.19 0.17 0.31 0.28 0.18 0.12 0.13 0.20 0.28 0.11 0.08 0.24 0.00 0.18 0.12 0.12 0.13 0.16 0.25 0.27 0.26 0.21 0.26 0.07 0.28
0.24 0.28 0.23 0.12 0.02 0.01 0.22 0.30 0.10 0.02 0.12 0.05 0.07 0.10 0.07 0.17 0.06 0.18 0.00 0.12 0.29 0.08 0.16 0.25 0.12 0.26 0.14 0.26 0.22 0.09
0.11 0.15 0.15 0.07 0.12 0.12 0.14 0.18 0.18 0.14 0.03 0.16 0.10 0.18 0.06 0.08 0.14 0.12 0.12 0.00 0.21 0.04 0.04 0.12 0.17 0.13 0.11 0.13 0.14 0.17
0.14 0.20 0.10 0.29 0.31 0.30 0.07 0.21 0.39 0.29 0.18 0.24 0.31 0.39 0.22 0.13 0.35 0.12 0.29 0.21 0.00 0.24 0.25 0.22 0.38 0.19 0.32 0.16 0.07 0.39
0.16 0.20 0.18 0.04 0.08 0.07 0.17 0.23 0.15 0.10 0.06 0.11 0.07 0.15 0.02 0.11 0.11 0.13 0.08 0.04 0.24 0.00 0.08 0.17 0.14 0.18 0.08 0.18 0.17 0.15
0.11 0.12 0.19 0.04 0.16 0.15 0.18 0.14 0.14 0.18 0.07 0.20 0.09 0.14 0.10 0.12 0.13 0.16 0.16 0.04 0.25 0.08 0.00 0.09 0.13 0.10 0.07 0.10 0.18 0.13
0.07 0.03 0.22 0.13 0.25 0.24 0.14 0.06 0.18 0.27 0.12 0.28 0.17 0.17 0.18 0.17 0.21 0.25 0.25 0.12 0.22 0.17 0.09 0.00 0.17 0.03 0.11 0.06 0.18 0.22
0.24 0.18 0.32 0.10 0.13 0.12 0.31 0.18 0.07 0.15 0.20 0.16 0.07 0.04 0.17 0.26 0.10 0.27 0.12 0.17 0.38 0.14 0.13 0.17 0.00 0.19 0.06 0.23 0.31 0.10
0.05 0.02 0.23 0.14 0.26 0.25 0.12 0.05 0.20 0.28 0.14 0.29 0.18 0.20 0.19 0.17 0.23 0.26 0.26 0.13 0.19 0.18 0.10 0.03 0.19 0.00 0.13 0.04 0.19 0.23
0.18 0.14 0.26 0.04 0.14 0.13 0.25 0.16 0.08 0.16 0.14 0.17 0.07 0.07 0.11 0.20 0.11 0.21 0.14 0.11 0.32 0.08 0.07 0.11 0.06 0.13 0.00 0.17 0.25 0.11
0.02 0.04 0.23 0.14 0.26 0.25 0.09 0.05 0.24 0.28 0.14 0.29 0.18 0.23 0.19 0.17 0.23 0.26 0.26 0.13 0.16 0.18 0.10 0.06 0.23 0.04 0.17 0.00 0.19 0.23
0.17 0.21 0.04 0.21 0.24 0.23 0.10 0.24 0.32 0.22 0.11 0.17 0.24 0.32 0.15 0.06 0.28 0.07 0.22 0.14 0.07 0.17 0.18 0.18 0.31 0.19 0.25 0.19 0.00 0.32
0.24 0.25 0.32 0.10 0.07 0.09 0.31 0.28 0.03 0.09 0.20 0.14 0.08 0.06 0.17 0.26 0.03 0.28 0.09 0.17 0.39 0.15 0.13 0.22 0.10 0.23 0.11 0.23 0.32 0.00
Team_tasks_times:
Team 0:
1: 0.50 1.00 2.00
2: 0.25 0.50 4.00 0.50 1.00
3: 2.00
4: 0.50 1.00 2.00
5: 0.50 1.00 2.00
6: 2.00
7: 2.00
8: 0.50 1.00 2.00
9: 0.25 0.50 4.00 0.50 1.00
10: 0.50 1.00 2.00
11: 0.25 0.50 4.00 0.50 1.00
12: 0.25 0.50 4.00 0.50 1.00
13: 0.50 1.00 2.00
14: 2.00
15: 0.25 0.50 4.00 0.50 1.00
16: 0.25 0.50 4.00 0.50 1.00
17: 0.25 0.50 4.00 0.50 1.00
18: 0.25 0.50 4.00 0.50 1.00
19: 0.25 0.50 4.00 0.50 1.00
20: 0.25 0.50 4.00 0.50 1.00
21: 2.00
22: 0.50 1.00 2.00
23: 0.25 0.50 4.00 0.50 1.00
24: 0.25 0.50 4.00 0.50 1.00
25: 0.50 1.00 2.00
26: 0.50 1.00 2.00
27: 0.50 1.00 2.00
28: 0.50 1.00 2.00
29: 2.00
Team 1:
1: 1.00 1.00 4.00
2: 1.00 0.50 2.00 1.00 0.75
3: 2.00
4: 1.00 1.00 4.00
5: 1.00 1.00 4.00
6: 2.00
7: 2.00
8: 1.00 1.00 4.00
9: 1.00 0.50 2.00 1.00 0.75
10: 1.00 1.00 4.00
11: 1.00 0.50 2.00 1.00 0.75
12: 1.00 0.50 2.00 1.00 0.75
13: 1.00 1.00 4.00
14: 2.00
15: 1.00 0.50 2.00 1.00 0.75
16: 1.00 0.50 2.00 1.00 0.75
17: 1.00 0.50 2.00 1.00 0.75
18: 1.00 0.50 2.00 1.00 0.75
19: 1.00 0.50 2.00 1.00 0.75
20: 1.00 0.50 2.00 1.00 0.75
21: 2.00
22: 1.00 1.00 4.00
23: 1.00 0.50 2.00 1.00 0.75
24: 1.00 0.50 2.00 1.00 0.75
25: 1.00 1.00 4.00
26: 1.00 1.00 4.00
27: 1.00 1.00 4.00
28: 1.00 1.00 4.00
29: 2.00
Team 2:
1: 2.00 3.00 1.00
2: 0.50 0.75 1.00 1.00 0.50
3: 2.00
4: 2.00 3.00 1.00
5: 2.00 3.00 1.00
6: 2.00
7: 2.00
8: 2.00 3.00 1.00
9: 0.50 0.75 1.00 1.00 0.50
10: 2.00 3.00 1.00
11: 0.50 0.75 1.00 1.00 0.50
12: 0.50 0.75 1.00 1.00 0.50
13: 2.00 3.00 1.00
14: 2.00
15: 0.50 0.75 1.00 1.00 0.50
16: 0.50 0.75 1.00 1.00 0.50
17: 0.50 0.75 1.00 1.00 0.50
18: 0.50 0.75 1.00 1.00 0.50
19: 0.50 0.75 1.00 1.00 0.50
20: 0.50 0.75 1.00 1.00 0.50
21: 2.00
22: 2.00 3.00 1.00
23: 0.50 0.75 1.00 1.00 0.50
24: 0.50 0.75 1.00 1.00 0.50
25: 2.00 3.00 1.00
26: 2.00 3.00 1.00
27: 2.00 3.00 1.00
28: 2.00 3.00 1.00
29: 2.00
