Number_of_customers: 30
Number_of_teams: 3
Number_of_services: 3
Customers_requested_services:
1 0 2 2 2 2 1 1 2 0 0 2 0 2 2 0 0 2 1 0 2 0 0 0 1 0 1 0 1
Daily_available_time: 8
Service 0:
Number_of_tasks: 1
Dependencies:
0: 
Service 1:
Number_of_tasks: 3
Dependencies:
0: 2
1: 
2: 1
Service 2:
Number_of_tasks: 5
Dependencies:
0: 
1: 0
2: 0
3: 0
4: 1 2 3
Travel_times:
0.00 0.29 0.02 0.17 0.12 0.18 0.19 0.28 0.15 0.23 0.03 0.21 0.32 0.21 0.23 0.21 0.23 0.24 0.07 0.04 0.22 0.08 0.04 0.28 0.10 0.19 0.19 0.06 0.14 0.13
0.29 0.00 0.27 0.12 0.22 0.16 0.10 0.03 0.29 0.28 0.30 0.22 0.07 0.07 0.20 0.08 0.19 0.05 0.31 0.24 0.25 0.21 0.31 0.01 0.19 0.20 0.10 0.23 0.15 0.15
0.02 0.27 0.00 0.15 0.10 0.17 0.17 0.26 0.16 0.21 0.05 0.18 0.30 0.20 0.21 0.19 0.21 0.22 0.05 0.03 0.21 0.06 0.05 0.26 0.07 0.17 0.17 0.04 0.12 0.11
0.17 0.12 0.15 0.00 0.10 0.11 0.04 0.12 0.25 0.16 0.17 0.17 0.15 0.05 0.13 0.04 0.14 0.07 0.19 0.12 0.13 0.10 0.19 0.12 0.13 0.09 0.03 0.11 0.05 0.04
0.12 0.22 0.10 0.10 0.00 0.13 0.12 0.21 0.27 0.11 0.15 0.19 0.25 0.15 0.11 0.14 0.16 0.17 0.09 0.12 0.10 0.12 0.15 0.21 0.15 0.07 0.12 0.10 0.07 0.07
0.18 0.16 0.17 0.11 0.13 0.00 0.07 0.13 0.13 0.24 0.19 0.06 0.13 0.12 0.24 0.11 0.04 0.12 0.21 0.14 0.24 0.10 0.21 0.16 0.09 0.20 0.11 0.12 0.07 0.14
0.19 0.10 0.17 0.04 0.12 0.07 0.00 0.10 0.21 0.18 0.20 0.13 0.13 0.05 0.17 0.04 0.10 0.05 0.21 0.14 0.16 0.11 0.21 0.10 0.09 0.13 0.04 0.13 0.05 0.07
0.28 0.03 0.26 0.12 0.21 0.13 0.10 0.00 0.27 0.28 0.29 0.19 0.05 0.07 0.20 0.07 0.16 0.04 0.31 0.24 0.25 0.20 0.31 0.03 0.19 0.19 0.09 0.22 0.14 0.15
0.15 0.29 0.16 0.25 0.27 0.13 0.21 0.27 0.00 0.38 0.12 0.11 0.22 0.26 0.37 0.25 0.13 0.25 0.21 0.14 0.37 0.15 0.12 0.29 0.11 0.34 0.24 0.17 0.20 0.28
0.23 0.28 0.21 0.16 0.11 0.24 0.18 0.28 0.38 0.00 0.26 0.30 0.31 0.21 0.08 0.20 0.27 0.23 0.16 0.23 0.03 0.23 0.26 0.28 0.26 0.09 0.18 0.21 0.18 0.12
0.03 0.30 0.05 0.17 0.15 0.19 0.20 0.29 0.12 0.26 0.00 0.21 0.33 0.22 0.26 0.21 0.24 0.25 0.10 0.05 0.25 0.09 0.02 0.29 0.10 0.22 0.20 0.07 0.15 0.16
0.21 0.22 0.18 0.17 0.19 0.06 0.13 0.19 0.11 0.30 0.21 0.00 0.14 0.18 0.30 0.17 0.03 0.18 0.23 0.16 0.30 0.12 0.23 0.22 0.11 0.26 0.17 0.15 0.12 0.20
0.32 0.07 0.30 0.15 0.25 0.13 0.13 0.05 0.22 0.31 0.33 0.14 0.00 0.10 0.23 0.11 0.11 0.08 0.34 0.27 0.28 0.24 0.34 0.07 0.22 0.23 0.12 0.26 0.18 0.18
0.21 0.07 0.20 0.05 0.15 0.12 0.05 0.07 0.26 0.21 0.22 0.18 0.10 0.00 0.13 0.01 0.15 0.03 0.24 0.17 0.18 0.13 0.24 0.07 0.15 0.12 0.02 0.15 0.07 0.08
0.23 0.20 0.21 0.13 0.11 0.24 0.17 0.20 0.37 0.08 0.26 0.30 0.23 0.13 0.00 0.13 0.27 0.15 0.16 0.23 0.05 0.23 0.26 0.20 0.26 0.04 0.13 0.21 0.17 0.10
0.21 0.08 0.19 0.04 0.14 0.11 0.04 0.07 0.25 0.20 0.21 0.17 0.11 0.01 0.13 0.00 0.14 0.03 0.23 0.16 0.17 0.12 0.23 0.07 0.13 0.12 0.02 0.15 0.07 0.07
0.23 0.19 0.21 0.14 0.16 0.04 0.10 0.16 0.13 0.27 0.24 0.03 0.11 0.15 0.27 0.14 0.00 0.15 0.26 0.18 0.27 0.15 0.26 0.19 0.14 0.23 0.14 0.17 0.10 0.17
0.24 0.05 0.22 0.07 0.17 0.12 0.05 0.04 0.25 0.23 0.25 0.18 0.08 0.03 0.15 0.03 0.15 0.00 0.27 0.20 0.21 0.16 0.27 0.04 0.15 0.15 0.05 0.18 0.10 0.11
0.07 0.31 0.05 0.19 0.09 0.21 0.21 0.31 0.21 0.16 0.10 0.23 0.34 0.24 0.16 0.23 0.26 0.27 0.00 0.07 0.15 0.11 0.10 0.31 0.12 0.12 0.22 0.09 0.17 0.16
0.04 0.24 0.03 0.12 0.12 0.14 0.14 0.24 0.14 0.23 0.05 0.16 0.27 0.17 0.23 0.16 0.18 0.20 0.07 0.00 0.23 0.04 0.07 0.24 0.05 0.19 0.15 0.03 0.10 0.13
0.22 0.25 0.21 0.13 0.10 0.24 0.16 0.25 0.37 0.03 0.25 0.30 0.28 0.18 0.05 0.17 0.27 0.21 0.15 0.23 0.00 0.22 0.26 0.25 0.26 0.06 0.16 0.20 0.17 0.10
0.08 0.21 0.06 0.10 0.12 0.10 0.11 0.20 0.15 0.23 0.09 0.12 0.24 0.13 0.23 0.12 0.15 0.16 0.11 0.04 0.22 0.00 0.11 0.20 0.03 0.19 0.11 0.02 0.06 0.13
0.04 0.31 0.05 0.19 0.15 0.21 0.21 0.31 0.12 0.26 0.02 0.23 0.34 0.24 0.26 0.23 0.26 0.27 0.10 0.07 0.26 0.11 0.00 0.31 0.12 0.22 0.22 0.09 0.17 0.16
0.28 0.01 0.26 0.12 0.21 0.16 0.10 0.03 0.29 0.28 0.29 0.22 0.07 0.07 0.20 0.07 0.19 0.04 0.31 0.24 0.25 0.20 0.31 0.00 0.19 0.19 0.09 0.22 0.14 0.15
0.10 0.19 0.07 0.13 0.15 0.09 0.09 0.19 0.11 0.26 0.10 0.11 0.22 0.15 0.26 0.13 0.14 0.15 0.12 0.05 0.26 0.03 0.12 0.19 0.00 0.22 0.13 0.06 0.09 0.16
0.19 0.20 0.17 0.09 0.07 0.20 0.13 0.19 0.34 0.09 0.22 0.26 0.23 0.12 0.04 0.12 0.23 0.15 0.12 0.19 0.06 0.19 0.22 0.19 0.22 0.00 0.10 0.17 0.14 0.06
0.19 0.10 0.17 0.03 0.12 0.11 0.04 0.09 0.24 0.18 0.20 0.17 0.12 0.02 0.13 0.02 0.14 0.05 0.22 0.15 0.16 0.11 0.22 0.09 0.13 0.10 0.00 0.13 0.05 0.06
0.06 0.23 0.04 0.11 0.10 0.12 0.13 0.22 0.17 0.21 0.07 0.15 0.26 0.15 0.21 0.15 0.17 0.18 0.09 0.03 0.20 0.02 0.09 0.22 0.06 0.17 0.13 0.00 0.08 0.11
0.14 0.15 0.12 0.05 0.07 0.07 0.05 0.14 0.20 0.18 0.15 0.12 0.18 0.07 0.17 0.07 0.10 0.10 0.17 0.10 0.17 0.06 0.17 0.14 0.09 0.14 0.05 0.08 0.00 0.08
0.13 0.15 0.11 0.04 0.07 0.14 0.07 0.15 0.28 0.12 0.16 0.20 0.18 0.08 0.10 0.07 0.17 0.11 0.16 0.13 0.10 0.13 0.16 0.15 0.16 0.06 0.06 0.11 0.08 0.00
Team_tasks_times:
Team 0:
1: 2000.00 0.50 1.50
2: 0.50
3: 1.00 0.25 1.00 1.00 0.75
4: 1.00 0.25 1.00 1.00 0.75
5: 1.00 0.25 1.00 1.00 0.75
6: 1.00 0.25 1.00 1.00 0.75
7: 2000.00 0.50 1.50
8: 2000.00 0.50 1.50
9: 1.00 0.25 1.00 1.00 0.75
10: 0.50
11: 0.50
12: 1.00 0.25 1.00 1.00 0.75
13: 0.50
14: 1.00 0.25 1.00 1.00 0.75
15: 1.00 0.25 1.00 1.00 0.75
16: 0.50
17: 0.50
18: 1.00 0.25 1.00 1.00 0.75
19: 2000.00 0.50 1.50
20: 0.50
21: 1.00 0.25 1.00 1.00 0.75
22: 0.50
23: 0.50
24: 0.50
25: 2000.00 0.50 1.50
26: 0.50
27: 2000.00 0.50 1.50
28: 0.50
29: 2000.00 0.50 1.50
Team 1:
1: 0.50 1.00 3.00
2: 0.50
3: 3.00 0.50 1.00 1.00 1.50
4: 3.00 0.50 1.00 1.00 1.50
5: 3.00 0.50 1.00 1.00 1.50
6: 3.00 0.50 1.00 1.00 1.50
7: 0.50 1.00 3.00
8: 0.50 1.00 3.00
9: 3.00 0.50 1.00 1.00 1.50
10: 0.50
11: 0.50
12: 3.00 0.50 1.00 1.00 1.50
13: 0.50
14: 3.00 0.50 1.00 1.00 1.50
15: 3.00 0.50 1.00 1.00 1.50
16: 0.50
17: 0.50
18: 3.00 0.50 1.00 1.00 1.50
19: 0.50 1.00 3.00
20: 0.50
21: 3.00 0.50 1.00 1.00 1.50
22: 0.50
23: 0.50
24: 0.50
25: 0.50 1.00 3.00
26: 0.50
27: 0.50 1.00 3.00
28: 0.50
29: 0.50 1.00 3.00
Team 2:
1: 1000.00 1.00 4.00
2: 1.00
3: 0.75 0.50 3.00 1.00 0.75
4: 0.75 0.50 3.00 1.00 0.75
5: 0.75 0.50 3.00 1.00 0.75
6: 0.75 0.50 3.00 1.00 0.75
7: 1000.00 1.00 4.00
8: 1000.00 1.00 4.00
9: 0.75 0.50 3.00 1.00 0.75
10: 1.00
11: 1.00
12: 0.75 0.50 3.00 1.00 0.75
13: 1.00
14: 0.75 0.50 3.00 1.00 0.75
15: 0.75 0.50 3.00 1.00 0.75
16: 1.00
17: 1.00
18: 0.75 0.50 3.00 1.00 0.75
19: 1000.00 1.00 4.00
20: 1.00
21: 0.75 0.50 3.00 1.00 0.75
22: 1.00
23: 1.00
24: 1.00
25: 1000.00 1.00 4.00
26: 1.00
27: 1000.00 1.00 4.00
28: 1.00
29: 1000.00 1.00 4.00
