Number_of_customers: 30
Number_of_teams: 3
Number_of_services: 3
Customers_requested_services:
0 2 0 0 2 2 2 2 2 0 0 0 2 0 2 2 0 1 0 1 0 0 2 0 0 0 2 0 1
Daily_available_time: 8
Service 0:
Number_of_tasks: 1
Dependencies:
0: 
Service 1:
Number_of_tasks: 3
Dependencies:
0: 1
1: 
2: 1
Service 2:
Number_of_tasks: 5
Dependencies:
0: 1 2 3 4
1: 
2: 
3: 
4: 
Travel_times:
0.00 0.07 0.06 0.03 0.04 0.14 0.19 0.23 0.03 0.18 0.09 0.11 0.24 0.19 0.09 0.10 0.09 0.12 0.20 0.23 0.24 0.10 0.25 0.18 0.07 0.11 0.08 0.04 0.14 0.23
0.07 0.00 0.13 0.07 0.06 0.11 0.12 0.15 0.08 0.22 0.15 0.07 0.27 0.18 0.06 0.06 0.16 0.19 0.24 0.26 0.17 0.13 0.28 0.12 0.12 0.14 0.15 0.11 0.17 0.26
0.06 0.13 0.00 0.06 0.07 0.17 0.26 0.29 0.05 0.15 0.05 0.14 0.21 0.25 0.12 0.12 0.07 0.06 0.17 0.20 0.31 0.07 0.22 0.25 0.05 0.14 0.05 0.03 0.21 0.20
0.03 0.07 0.06 0.00 0.02 0.12 0.20 0.23 0.05 0.21 0.08 0.09 0.26 0.19 0.07 0.07 0.09 0.12 0.23 0.25 0.25 0.12 0.27 0.19 0.10 0.13 0.11 0.04 0.16 0.25
0.04 0.06 0.07 0.02 0.00 0.10 0.18 0.22 0.07 0.23 0.09 0.07 0.28 0.18 0.05 0.05 0.10 0.13 0.25 0.27 0.24 0.14 0.29 0.18 0.12 0.15 0.12 0.06 0.18 0.27
0.14 0.11 0.17 0.12 0.10 0.00 0.19 0.21 0.17 0.33 0.12 0.03 0.38 0.29 0.05 0.05 0.11 0.17 0.35 0.37 0.23 0.24 0.39 0.17 0.22 0.25 0.22 0.16 0.28 0.37
0.19 0.12 0.26 0.20 0.18 0.19 0.00 0.03 0.21 0.23 0.28 0.18 0.19 0.10 0.17 0.15 0.29 0.32 0.15 0.22 0.05 0.19 0.20 0.05 0.24 0.12 0.27 0.23 0.09 0.20
0.23 0.15 0.29 0.23 0.22 0.21 0.03 0.00 0.24 0.26 0.31 0.21 0.19 0.10 0.21 0.18 0.32 0.35 0.16 0.26 0.02 0.22 0.20 0.04 0.28 0.15 0.31 0.26 0.09 0.23
0.03 0.08 0.05 0.05 0.07 0.17 0.21 0.24 0.00 0.15 0.07 0.14 0.21 0.20 0.12 0.12 0.08 0.11 0.17 0.20 0.26 0.07 0.22 0.20 0.05 0.09 0.07 0.02 0.15 0.20
0.18 0.22 0.15 0.21 0.23 0.33 0.23 0.26 0.15 0.00 0.21 0.29 0.07 0.22 0.27 0.28 0.22 0.16 0.12 0.04 0.28 0.09 0.09 0.22 0.11 0.11 0.10 0.16 0.17 0.04
0.09 0.15 0.05 0.08 0.09 0.12 0.28 0.31 0.07 0.21 0.00 0.10 0.26 0.27 0.11 0.12 0.01 0.05 0.23 0.25 0.33 0.12 0.27 0.27 0.10 0.16 0.11 0.05 0.23 0.25
0.11 0.07 0.14 0.09 0.07 0.03 0.18 0.21 0.14 0.29 0.10 0.00 0.35 0.25 0.02 0.03 0.11 0.14 0.31 0.34 0.23 0.21 0.36 0.17 0.18 0.21 0.19 0.13 0.25 0.34
0.24 0.27 0.21 0.26 0.28 0.38 0.19 0.19 0.21 0.07 0.26 0.35 0.00 0.15 0.33 0.33 0.28 0.21 0.05 0.07 0.20 0.14 0.01 0.24 0.16 0.13 0.16 0.22 0.10 0.04
0.19 0.18 0.25 0.19 0.18 0.29 0.10 0.10 0.20 0.22 0.27 0.25 0.15 0.00 0.23 0.24 0.28 0.31 0.10 0.22 0.10 0.18 0.14 0.14 0.24 0.11 0.27 0.22 0.04 0.19
0.09 0.06 0.12 0.07 0.05 0.05 0.17 0.21 0.12 0.27 0.11 0.02 0.33 0.23 0.00 0.02 0.11 0.14 0.29 0.32 0.22 0.19 0.34 0.17 0.17 0.20 0.17 0.11 0.23 0.32
0.10 0.06 0.12 0.07 0.05 0.05 0.15 0.18 0.12 0.28 0.12 0.03 0.33 0.24 0.02 0.00 0.13 0.16 0.30 0.32 0.20 0.19 0.34 0.15 0.17 0.20 0.17 0.12 0.23 0.32
0.09 0.16 0.07 0.09 0.10 0.11 0.29 0.32 0.08 0.22 0.01 0.11 0.28 0.28 0.11 0.13 0.00 0.06 0.24 0.26 0.34 0.14 0.29 0.28 0.11 0.17 0.12 0.06 0.24 0.27
0.12 0.19 0.06 0.12 0.13 0.17 0.32 0.35 0.11 0.16 0.05 0.14 0.21 0.31 0.14 0.16 0.06 0.00 0.21 0.20 0.37 0.12 0.23 0.31 0.07 0.20 0.06 0.09 0.27 0.21
0.20 0.24 0.17 0.23 0.25 0.35 0.15 0.16 0.17 0.12 0.23 0.31 0.05 0.10 0.29 0.30 0.24 0.21 0.00 0.12 0.16 0.11 0.04 0.20 0.14 0.10 0.17 0.18 0.07 0.10
0.23 0.26 0.20 0.25 0.27 0.37 0.22 0.26 0.20 0.04 0.25 0.34 0.07 0.22 0.32 0.32 0.26 0.20 0.12 0.00 0.27 0.13 0.08 0.23 0.15 0.12 0.15 0.21 0.17 0.03
0.24 0.17 0.31 0.25 0.24 0.23 0.05 0.02 0.26 0.28 0.33 0.23 0.20 0.10 0.22 0.20 0.34 0.37 0.16 0.27 0.00 0.24 0.21 0.06 0.29 0.17 0.32 0.28 0.10 0.25
0.10 0.13 0.07 0.12 0.14 0.24 0.19 0.22 0.07 0.09 0.12 0.21 0.14 0.18 0.19 0.19 0.14 0.12 0.11 0.13 0.24 0.00 0.15 0.18 0.05 0.07 0.08 0.08 0.14 0.13
0.25 0.28 0.22 0.27 0.29 0.39 0.20 0.20 0.22 0.09 0.27 0.36 0.01 0.14 0.34 0.34 0.29 0.23 0.04 0.08 0.21 0.15 0.00 0.25 0.17 0.14 0.17 0.23 0.11 0.06
0.18 0.12 0.25 0.19 0.18 0.17 0.05 0.04 0.20 0.22 0.27 0.17 0.24 0.14 0.17 0.15 0.28 0.31 0.20 0.23 0.06 0.18 0.25 0.00 0.24 0.11 0.27 0.22 0.14 0.23
0.07 0.12 0.05 0.10 0.12 0.22 0.24 0.28 0.05 0.11 0.10 0.18 0.16 0.24 0.17 0.17 0.11 0.07 0.14 0.15 0.29 0.05 0.17 0.24 0.00 0.12 0.03 0.06 0.19 0.15
0.11 0.14 0.14 0.13 0.15 0.25 0.12 0.15 0.09 0.11 0.16 0.21 0.13 0.11 0.20 0.20 0.17 0.20 0.10 0.12 0.17 0.07 0.14 0.11 0.12 0.00 0.15 0.11 0.07 0.12
0.08 0.15 0.05 0.11 0.12 0.22 0.27 0.31 0.07 0.10 0.11 0.19 0.16 0.27 0.17 0.17 0.12 0.06 0.17 0.15 0.32 0.08 0.17 0.27 0.03 0.15 0.00 0.06 0.22 0.15
0.04 0.11 0.03 0.04 0.06 0.16 0.23 0.26 0.02 0.16 0.05 0.13 0.22 0.22 0.11 0.12 0.06 0.09 0.18 0.21 0.28 0.08 0.23 0.22 0.06 0.11 0.06 0.00 0.18 0.21
0.14 0.17 0.21 0.16 0.18 0.28 0.09 0.09 0.15 0.17 0.23 0.25 0.10 0.04 0.23 0.23 0.24 0.27 0.07 0.17 0.10 0.14 0.11 0.14 0.19 0.07 0.22 0.18 0.00 0.15
0.23 0.26 0.20 0.25 0.27 0.37 0.20 0.23 0.20 0.04 0.25 0.34 0.04 0.19 0.32 0.32 0.27 0.21 0.10 0.03 0.25 0.13 0.06 0.23 0.15 0.12 0.15 0.21 0.15 0.00
Team_tasks_times:
Team 0:
1: 1.00
2: 2.00 1000.00 1.00 3.00 0.25
3: 1.00
4: 1.00
5: 2.00 1000.00 1.00 3.00 0.25
6: 2.00 1000.00 1.00 3.00 0.25
7: 2.00 1000.00 1.00 3.00 0.25
8: 2.00 1000.00 1.00 3.00 0.25
9: 2.00 1000.00 1.00 3.00 0.25
10: 1.00
11: 1.00
12: 1.00
13: 2.00 1000.00 1.00 3.00 0.25
14: 1.00
15: 2.00 1000.00 1.00 3.00 0.25
16: 2.00 1000.00 1.00 3.00 0.25
17: 1.00
18: 1.00 0.25 0.50
19: 1.00
20: 1.00 0.25 0.50
21: 1.00
22: 1.00
23: 2.00 1000.00 1.00 3.00 0.25
24: 1.00
25: 1.00
26: 1.00
27: 2.00 1000.00 1.00 3.00 0.25
28: 1.00
29: 1.00 0.25 0.50
Team 1:
1: 1.00
2: 1.00 1000.00 4.00 2.00 0.50
3: 1.00
4: 1.00
5: 1.00 1000.00 4.00 2.00 0.50
6: 1.00 1000.00 4.00 2.00 0.50
7: 1.00 1000.00 4.00 2.00 0.50
8: 1.00 1000.00 4.00 2.00 0.50
9: 1.00 1000.00 4.00 2.00 0.50
10: 1.00
11: 1.00
12: 1.00
13: 1.00 1000.00 4.00 2.00 0.50
14: 1.00
15: 1.00 1000.00 4.00 2.00 0.50
16: 1.00 1000.00 4.00 2.00 0.50
17: 1.00
18: 1.00 0.25 2000.00
19: 1.00
20: 1.00 0.25 2000.00
21: 1.00
22: 1.00
23: 1.00 1000.00 4.00 2.00 0.50
24: 1.00
25: 1.00
26: 1.00
27: 1.00 1000.00 4.00 2.00 0.50
28: 1.00
29: 1.00 0.25 2000.00
Team 2:
1: 0.50
2: 4.00 3.00 1.00 3.00 0.50
3: 0.50
4: 0.50
5: 4.00 3.00 1.00 3.00 0.50
6: 4.00 3.00 1.00 3.00 0.50
7: 4.00 3.00 1.00 3.00 0.50
8: 4.00 3.00 1.00 3.00 0.50
9: 4.00 3.00 1.00 3.00 0.50
10: 0.50
11: 0.50
12: 0.50
13: 4.00 3.00 1.00 3.00 0.50
14: 0.50
15: 4.00 3.00 1.00 3.00 0.50
16: 4.00 3.00 1.00 3.00 0.50
17: 0.50
18: 0.75 4.00 2000.00
19: 0.50
20: 0.75 4.00 2000.00
21: 0.50
22: 0.50
23: 4.00 3.00 1.00 3.00 0.50
24: 0.50
25: 0.50
26: 0.50
27: 4.00 3.00 1.00 3.00 0.50
28: 0.50
29: 0.75 4.00 2000.00
