Number_of_customers: 30
Number_of_teams: 3
Number_of_services: 1
Customers_requested_services:
0 0 0 0 0 0 0 0 0 0 0 0 0 0 0 0 0 0 0 0 0 0 0 0 0 0 0 0 0
Daily_available_time: 8
Service 0:
Number_of_tasks: 3
Dependencies:
0: 1
1: 
2: 1
Travel_times:
0.00 0.27 0.07 0.24 0.16 0.12 0.31 0.35 0.17 0.19 0.07 0.08 0.24 0.37 0.15 0.06 0.19 0.04 0.15 0.15 0.14 0.15 0.12 0.13 0.07 0.19 0.24 0.15 0.23 0.32
0.27 0.00 0.20 0.07 0.11 0.25 0.15 0.09 0.23 0.08 0.20 0.19 0.21 0.10 0.14 0.22 0.11 0.24 0.12 0.12 0.14 0.16 0.17 0.20 0.20 0.08 0.29 0.12 0.04 0.07
0.07 0.20 0.00 0.17 0.10 0.13 0.24 0.28 0.18 0.12 0.07 0.06 0.17 0.31 0.15 0.05 0.12 0.03 0.08 0.14 0.07 0.12 0.11 0.14 0.05 0.12 0.25 0.08 0.16 0.25
0.24 0.07 0.17 0.00 0.08 0.24 0.21 0.15 0.29 0.07 0.17 0.16 0.28 0.15 0.11 0.19 0.17 0.21 0.10 0.09 0.14 0.23 0.14 0.24 0.17 0.14 0.35 0.11 0.10 0.14
0.16 0.11 0.10 0.08 0.00 0.22 0.19 0.18 0.27 0.04 0.10 0.09 0.26 0.21 0.06 0.11 0.15 0.13 0.02 0.06 0.11 0.20 0.06 0.22 0.09 0.12 0.33 0.09 0.08 0.15
0.12 0.25 0.13 0.24 0.22 0.00 0.28 0.32 0.07 0.17 0.20 0.19 0.21 0.35 0.28 0.18 0.17 0.13 0.20 0.28 0.11 0.12 0.24 0.04 0.18 0.17 0.17 0.13 0.21 0.29
0.31 0.15 0.24 0.21 0.19 0.28 0.00 0.06 0.21 0.14 0.24 0.23 0.07 0.07 0.25 0.26 0.12 0.27 0.17 0.25 0.17 0.15 0.21 0.24 0.24 0.11 0.14 0.16 0.11 0.07
0.35 0.09 0.28 0.15 0.18 0.32 0.06 0.00 0.25 0.16 0.28 0.27 0.12 0.03 0.22 0.30 0.16 0.31 0.20 0.19 0.21 0.20 0.25 0.28 0.28 0.15 0.20 0.20 0.12 0.03
0.17 0.23 0.18 0.29 0.27 0.07 0.21 0.25 0.00 0.22 0.25 0.24 0.14 0.28 0.33 0.23 0.12 0.18 0.25 0.33 0.15 0.07 0.29 0.05 0.23 0.15 0.10 0.18 0.19 0.22
0.19 0.08 0.12 0.07 0.04 0.17 0.14 0.16 0.22 0.00 0.12 0.11 0.21 0.18 0.11 0.14 0.10 0.15 0.04 0.10 0.07 0.16 0.09 0.17 0.12 0.07 0.29 0.04 0.04 0.13
0.07 0.20 0.07 0.17 0.10 0.20 0.24 0.28 0.25 0.12 0.00 0.01 0.24 0.31 0.08 0.02 0.13 0.07 0.08 0.09 0.09 0.18 0.04 0.20 0.02 0.12 0.31 0.08 0.16 0.25
0.08 0.19 0.06 0.16 0.09 0.19 0.23 0.27 0.24 0.11 0.01 0.00 0.23 0.30 0.09 0.03 0.12 0.06 0.07 0.09 0.08 0.17 0.05 0.19 0.01 0.12 0.30 0.07 0.15 0.24
0.24 0.21 0.17 0.28 0.26 0.21 0.07 0.12 0.14 0.21 0.24 0.23 0.00 0.14 0.32 0.22 0.11 0.20 0.23 0.31 0.14 0.09 0.28 0.17 0.22 0.14 0.07 0.17 0.18 0.14
0.37 0.10 0.31 0.15 0.21 0.35 0.07 0.03 0.28 0.18 0.31 0.30 0.14 0.00 0.24 0.32 0.18 0.34 0.23 0.22 0.24 0.22 0.27 0.31 0.30 0.18 0.21 0.23 0.14 0.06
0.15 0.14 0.15 0.11 0.06 0.28 0.25 0.22 0.33 0.11 0.08 0.09 0.32 0.24 0.00 0.10 0.21 0.15 0.09 0.03 0.17 0.27 0.04 0.28 0.10 0.18 0.39 0.15 0.14 0.18
0.06 0.22 0.05 0.19 0.11 0.18 0.26 0.30 0.23 0.14 0.02 0.03 0.22 0.32 0.10 0.00 0.14 0.05 0.10 0.11 0.09 0.17 0.06 0.18 0.02 0.14 0.29 0.10 0.18 0.27
0.19 0.11 0.12 0.17 0.15 0.17 0.12 0.16 0.12 0.10 0.13 0.12 0.11 0.18 0.21 0.14 0.00 0.15 0.12 0.21 0.06 0.06 0.17 0.12 0.12 0.03 0.18 0.06 0.07 0.12
0.04 0.24 0.03 0.21 0.13 0.13 0.27 0.31 0.18 0.15 0.07 0.06 0.20 0.34 0.15 0.05 0.15 0.00 0.11 0.15 0.10 0.12 0.11 0.13 0.05 0.16 0.24 0.11 0.20 0.28
0.15 0.12 0.08 0.10 0.02 0.20 0.17 0.20 0.25 0.04 0.08 0.07 0.23 0.23 0.09 0.10 0.12 0.11 0.00 0.08 0.09 0.18 0.04 0.20 0.07 0.10 0.31 0.07 0.09 0.17
0.15 0.12 0.14 0.09 0.06 0.28 0.25 0.19 0.33 0.10 0.09 0.09 0.31 0.22 0.03 0.11 0.21 0.15 0.08 0.00 0.17 0.26 0.06 0.28 0.10 0.18 0.39 0.15 0.14 0.17
0.14 0.14 0.07 0.14 0.11 0.11 0.17 0.21 0.15 0.07 0.09 0.08 0.14 0.24 0.17 0.09 0.06 0.10 0.09 0.17 0.00 0.09 0.14 0.11 0.07 0.06 0.22 0.02 0.10 0.18
0.15 0.16 0.12 0.23 0.20 0.12 0.15 0.20 0.07 0.16 0.18 0.17 0.09 0.22 0.27 0.17 0.06 0.12 0.18 0.26 0.09 0.00 0.23 0.08 0.17 0.08 0.13 0.11 0.12 0.17
0.12 0.17 0.11 0.14 0.06 0.24 0.21 0.25 0.29 0.09 0.04 0.05 0.28 0.27 0.04 0.06 0.17 0.11 0.04 0.06 0.14 0.23 0.00 0.24 0.06 0.14 0.35 0.11 0.13 0.21
0.13 0.20 0.14 0.24 0.22 0.04 0.24 0.28 0.05 0.17 0.20 0.19 0.17 0.31 0.28 0.18 0.12 0.13 0.20 0.28 0.11 0.08 0.24 0.00 0.18 0.12 0.12 0.13 0.16 0.25
0.07 0.20 0.05 0.17 0.09 0.18 0.24 0.28 0.23 0.12 0.02 0.01 0.22 0.30 0.10 0.02 0.12 0.05 0.07 0.10 0.07 0.17 0.06 0.18 0.00 0.12 0.29 0.08 0.16 0.25
0.19 0.08 0.12 0.14 0.12 0.17 0.11 0.15 0.15 0.07 0.12 0.12 0.14 0.18 0.18 0.14 0.03 0.16 0.10 0.18 0.06 0.08 0.14 0.12 0.12 0.00 0.21 0.04 0.04 0.12
0.24 0.29 0.25 0.35 0.33 0.17 0.14 0.20 0.10 0.29 0.31 0.30 0.07 0.21 0.39 0.29 0.18 0.24 0.31 0.39 0.22 0.13 0.35 0.12 0.29 0.21 0.00 0.24 0.25 0.22
0.15 0.12 0.08 0.11 0.09 0.13 0.16 0.20 0.18 0.04 0.08 0.07 0.17 0.23 0.15 0.10 0.06 0.11 0.07 0.15 0.02 0.11 0.11 0.13 0.08 0.04 0.24 0.00 0.08 0.17
0.23 0.04 0.16 0.10 0.08 0.21 0.11 0.12 0.19 0.04 0.16 0.15 0.18 0.14 0.14 0.18 0.07 0.20 0.09 0.14 0.10 0.12 0.13 0.16 0.16 0.04 0.25 0.08 0.00 0.09
0.32 0.07 0.25 0.14 0.15 0.29 0.07 0.03 0.22 0.13 0.25 0.24 0.14 0.06 0.18 0.27 0.12 0.28 0.17 0.17 0.18 0.17 0.21 0.25 0.25 0.12 0.22 0.17 0.09 0.00
Team_tasks_times:
Team 0:
1: 0.50 1000.00 1000.00
2: 0.50 1000.00 1000.00
3: 0.50 1000.00 1000.00
4: 0.50 1000.00 1000.00
5: 0.50 1000.00 1000.00
6: 0.50 1000.00 1000.00
7: 0.50 1000.00 1000.00
8: 0.50 1000.00 1000.00
9: 0.50 1000.00 1000.00
10: 0.50 1000.00 1000.00
11: 0.50 1000.00 1000.00
12: 0.50 1000.00 1000.00
13: 0.50 1000.00 1000.00
14: 0.50 1000.00 1000.00
15: 0.50 1000.00 1000.00
16: 0.50 1000.00 1000.00
17: 0.50 1000.00 1000.00
18: 0.50 1000.00 1000.00
19: 0.50 1000.00 1000.00
20: 0.50 1000.00 1000.00
21: 0.50 1000.00 1000.00
22: 0.50 1000.00 1000.00
23: 0.50 1000.00 1000.00
24: 0.50 1000.00 1000.00
25: 0.50 1000.00 1000.00
26: 0.50 1000.00 1000.00
27: 0.50 1000.00 1000.00
28: 0.50 1000.00 1000.00
29: 0.50 1000.00 1000.00
Team 1:
1: 1000.00 3.00 1000.00
2: 1000.00 3.00 1000.00
3: 1000.00 3.00 1000.00
4: 1000.00 3.00 1000.00
5: 1000.00 3.00 1000.00
6: 1000.00 3.00 1000.00
7: 1000.00 3.00 1000.00
8: 1000.00 3.00 1000.00
9: 1000.00 3.00 1000.00
10: 1000.00 3.00 1000.00
11: 1000.00 3.00 1000.00
12: 1000.00 3.00 1000.00
13: 1000.00 3.00 1000.00
14: 1000.00 3.00 1000.00
15: 1000.00 3.00 1000.00
16: 1000.00 3.00 1000.00
17: 1000.00 3.00 1000.00
18: 1000.00 3.00 1000.00
19: 1000.00 3.00 1000.00
20: 1000.00 3.00 1000.00
21: 1000.00 3.00 1000.00
22: 1000.00 3.00 1000.00
23: 1000.00 3.00 1000.00
24: 1000.00 3.00 1000.00
25: 1000.00 3.00 1000.00
26: 1000.00 3.00 1000.00
27: 1000.00 3.00 1000.00
28: 1000.00 3.00 1000.00
29: 1000.00 3.00 1000.00
Team 2:
1: 1000.00 1000.00 0.25
2: 1000.00 1000.00 0.25
3: 1000.00 1000.00 0.25
4: 1000.00 1000.00 0.25
5: 1000.00 1000.00 0.25
6: 1000.00 1000.00 0.25
7: 1000.00 1000.00 0.25
8: 1000.00 1000.00 0.25
9: 1000.00 1000.00 0.25
10: 1000.00 1000.00 0.25
11: 1000.00 1000.00 0.25
12: 1000.00 1000.00 0.25
13: 1000.00 1000.00 0.25
14: 1000.00 1000.00 0.25
15: 1000.00 1000.00 0.25
16: 1000.00 1000.00 0.25
17: 1000.00 1000.00 0.25
18: 1000.00 1000.00 0.25
19: 1000.00 1000.00 0.25
20: 1000.00 1000.00 0.25
21: 1000.00 1000.00 0.25
22: 1000.00 1000.00 0.25
23: 1000.00 1000.00 0.25
24: 1000.00 1000.00 0.25
25: 1000.00 1000.00 0.25
26: 1000.00 1000.00 0.25
27: 1000.00 1000.00 0.25
28: 1000.00 1000.00 0.25
29: 1000.00 1000.00 0.25
