Number_of_customers: 30
Number_of_teams: 3
Number_of_services: 1
Customers_requested_services:
0 0 0 0 0 0 0 0 0 0 0 0 0 0 0 0 0 0 0 0 0 0 0 0 0 0 0 0 0
Daily_available_time: 8
Service 0:
Number_of_tasks: 3
Dependencies:
0: 
1: 
2: 
Travel_times:
0.00 0.35 0.06 0.18 0.15 0.22 0.17 0.15 0.13 0.07 0.20 0.09 0.24 0.12 0.04 0.06 0.11 0.13 0.05 0.23 0.24 0.24 0.16 0.05 0.08 0.26 0.03 0.13 0.16 0.27
0.35 0.00 0.35 0.25 0.25 0.13 0.27 0.20 0.22 0.27 0.15 0.32 0.11 0.23 0.34 0.29 0.24 0.22 0.40 0.12 0.11 0.12 0.29 0.39 0.27 0.15 0.38 0.21 0.20 0.28
0.06 0.35 0.00 0.12 0.20 0.22 0.12 0.15 0.18 0.07 0.20 0.03 0.24 0.15 0.01 0.06 0.11 0.13 0.05 0.23 0.24 0.24 0.10 0.04 0.09 0.26 0.08 0.13 0.22 0.22
0.18 0.25 0.12 0.00 0.33 0.26 0.02 0.08 0.31 0.13 0.29 0.10 0.30 0.27 0.14 0.17 0.11 0.06 0.15 0.14 0.28 0.30 0.04 0.13 0.21 0.16 0.20 0.08 0.34 0.09
0.15 0.25 0.20 0.33 0.00 0.12 0.32 0.25 0.03 0.20 0.10 0.23 0.14 0.06 0.19 0.15 0.22 0.27 0.18 0.23 0.14 0.14 0.30 0.19 0.12 0.29 0.13 0.24 0.05 0.42
0.22 0.13 0.22 0.26 0.12 0.00 0.25 0.18 0.09 0.14 0.04 0.19 0.04 0.10 0.21 0.16 0.15 0.20 0.27 0.16 0.02 0.04 0.24 0.26 0.14 0.22 0.25 0.17 0.09 0.35
0.17 0.27 0.12 0.02 0.32 0.25 0.00 0.07 0.30 0.12 0.28 0.09 0.29 0.26 0.12 0.16 0.10 0.05 0.14 0.15 0.27 0.29 0.02 0.12 0.20 0.17 0.19 0.07 0.33 0.10
0.15 0.20 0.15 0.08 0.25 0.18 0.07 0.00 0.23 0.08 0.21 0.12 0.22 0.19 0.14 0.09 0.04 0.02 0.21 0.08 0.20 0.23 0.10 0.19 0.13 0.10 0.18 0.02 0.27 0.17
0.13 0.22 0.18 0.31 0.03 0.09 0.30 0.23 0.00 0.18 0.08 0.21 0.12 0.04 0.17 0.14 0.21 0.25 0.18 0.21 0.11 0.12 0.29 0.18 0.10 0.28 0.16 0.23 0.03 0.40
0.07 0.27 0.07 0.13 0.20 0.14 0.12 0.08 0.18 0.00 0.16 0.04 0.17 0.14 0.07 0.04 0.04 0.07 0.13 0.16 0.16 0.17 0.11 0.11 0.08 0.18 0.11 0.06 0.21 0.22
0.20 0.15 0.20 0.29 0.10 0.04 0.28 0.21 0.08 0.16 0.00 0.20 0.04 0.08 0.19 0.14 0.19 0.23 0.26 0.20 0.03 0.04 0.27 0.24 0.12 0.26 0.24 0.21 0.06 0.39
0.09 0.32 0.03 0.10 0.23 0.19 0.09 0.12 0.21 0.04 0.20 0.00 0.21 0.17 0.04 0.07 0.08 0.10 0.08 0.20 0.21 0.21 0.07 0.07 0.12 0.23 0.11 0.10 0.25 0.19
0.24 0.11 0.24 0.30 0.14 0.04 0.29 0.22 0.12 0.17 0.04 0.21 0.00 0.12 0.23 0.18 0.19 0.24 0.30 0.20 0.02 0.01 0.28 0.28 0.16 0.26 0.28 0.21 0.10 0.39
0.12 0.23 0.15 0.27 0.06 0.10 0.26 0.19 0.04 0.14 0.08 0.17 0.12 0.00 0.14 0.10 0.17 0.21 0.17 0.17 0.12 0.12 0.25 0.16 0.06 0.24 0.15 0.19 0.07 0.36
0.04 0.34 0.01 0.14 0.19 0.21 0.12 0.14 0.17 0.07 0.19 0.04 0.23 0.14 0.00 0.05 0.10 0.12 0.06 0.22 0.23 0.23 0.11 0.05 0.07 0.25 0.07 0.12 0.21 0.23
0.06 0.29 0.06 0.17 0.15 0.16 0.16 0.09 0.14 0.04 0.14 0.07 0.18 0.10 0.05 0.00 0.07 0.11 0.11 0.17 0.17 0.18 0.15 0.10 0.04 0.20 0.09 0.09 0.17 0.26
0.11 0.24 0.11 0.11 0.22 0.15 0.10 0.04 0.21 0.04 0.19 0.08 0.19 0.17 0.10 0.07 0.00 0.04 0.16 0.12 0.17 0.20 0.08 0.15 0.11 0.15 0.14 0.02 0.24 0.20
0.13 0.22 0.13 0.06 0.27 0.20 0.05 0.02 0.25 0.07 0.23 0.10 0.24 0.21 0.12 0.11 0.04 0.00 0.18 0.10 0.22 0.24 0.07 0.17 0.15 0.12 0.16 0.02 0.28 0.15
0.05 0.40 0.05 0.15 0.18 0.27 0.14 0.21 0.18 0.13 0.26 0.08 0.30 0.17 0.06 0.11 0.16 0.18 0.00 0.29 0.29 0.30 0.12 0.02 0.13 0.31 0.06 0.18 0.20 0.24
0.23 0.12 0.23 0.14 0.23 0.16 0.15 0.08 0.21 0.16 0.20 0.20 0.20 0.17 0.22 0.17 0.12 0.10 0.29 0.00 0.18 0.21 0.17 0.27 0.15 0.06 0.27 0.10 0.25 0.19
0.24 0.11 0.24 0.28 0.14 0.02 0.27 0.20 0.11 0.16 0.03 0.21 0.02 0.12 0.23 0.17 0.17 0.22 0.29 0.18 0.00 0.02 0.26 0.27 0.15 0.25 0.27 0.20 0.09 0.37
0.24 0.12 0.24 0.30 0.14 0.04 0.29 0.23 0.12 0.17 0.04 0.21 0.01 0.12 0.23 0.18 0.20 0.24 0.30 0.21 0.02 0.00 0.28 0.28 0.16 0.27 0.28 0.22 0.10 0.40
0.16 0.29 0.10 0.04 0.30 0.24 0.02 0.10 0.29 0.11 0.27 0.07 0.28 0.25 0.11 0.15 0.08 0.07 0.12 0.17 0.26 0.28 0.00 0.11 0.19 0.20 0.18 0.07 0.32 0.12
0.05 0.39 0.04 0.13 0.19 0.26 0.12 0.19 0.18 0.11 0.24 0.07 0.28 0.16 0.05 0.10 0.15 0.17 0.02 0.27 0.27 0.28 0.11 0.00 0.12 0.29 0.07 0.17 0.21 0.23
0.08 0.27 0.09 0.21 0.12 0.14 0.20 0.13 0.10 0.08 0.12 0.12 0.16 0.06 0.07 0.04 0.11 0.15 0.13 0.15 0.15 0.16 0.19 0.12 0.00 0.17 0.11 0.13 0.13 0.30
0.26 0.15 0.26 0.16 0.29 0.22 0.17 0.10 0.28 0.18 0.26 0.23 0.26 0.24 0.25 0.20 0.15 0.12 0.31 0.06 0.25 0.27 0.20 0.29 0.17 0.00 0.29 0.12 0.31 0.13
0.03 0.38 0.08 0.20 0.13 0.25 0.19 0.18 0.16 0.11 0.24 0.11 0.28 0.15 0.07 0.09 0.14 0.16 0.06 0.27 0.27 0.28 0.18 0.07 0.11 0.29 0.00 0.17 0.18 0.30
0.13 0.21 0.13 0.08 0.24 0.17 0.07 0.02 0.23 0.06 0.21 0.10 0.21 0.19 0.12 0.09 0.02 0.02 0.18 0.10 0.20 0.22 0.07 0.17 0.13 0.12 0.17 0.00 0.26 0.17
0.16 0.20 0.22 0.34 0.05 0.09 0.33 0.27 0.03 0.21 0.06 0.25 0.10 0.07 0.21 0.17 0.24 0.28 0.20 0.25 0.09 0.10 0.32 0.21 0.13 0.31 0.18 0.26 0.00 0.44
0.27 0.28 0.22 0.09 0.42 0.35 0.10 0.17 0.40 0.22 0.39 0.19 0.39 0.36 0.23 0.26 0.20 0.15 0.24 0.19 0.37 0.40 0.12 0.23 0.30 0.13 0.30 0.17 0.44 0.00
Team_tasks_times:
Team 0:
1: 1.00 1000.00 1000.00
2: 1.00 1000.00 1000.00
3: 1.00 1000.00 1000.00
4: 1.00 1000.00 1000.00
5: 1.00 1000.00 1000.00
6: 1.00 1000.00 1000.00
7: 1.00 1000.00 1000.00
8: 1.00 1000.00 1000.00
9: 1.00 1000.00 1000.00
10: 1.00 1000.00 1000.00
11: 1.00 1000.00 1000.00
12: 1.00 1000.00 1000.00
13: 1.00 1000.00 1000.00
14: 1.00 1000.00 1000.00
15: 1.00 1000.00 1000.00
16: 1.00 1000.00 1000.00
17: 1.00 1000.00 1000.00
18: 1.00 1000.00 1000.00
19: 1.00 1000.00 1000.00
20: 1.00 1000.00 1000.00
21: 1.00 1000.00 1000.00
22: 1.00 1000.00 1000.00
23: 1.00 1000.00 1000.00
24: 1.00 1000.00 1000.00
25: 1.00 1000.00 1000.00
26: 1.00 1000.00 1000.00
27: 1.00 1000.00 1000.00
28: 1.00 1000.00 1000.00
29: 1.00 1000.00 1000.00
Team 1:
1: 1000.00 1.00 1000.00
2: 1000.00 1.00 1000.00
3: 1000.00 1.00 1000.00
4: 1000.00 1.00 1000.00
5: 1000.00 1.00 1000.00
6: 1000.00 1.00 1000.00
7: 1000.00 1.00 1000.00
8: 1000.00 1.00 1000.00
9: 1000.00 1.00 1000.00
10: 1000.00 1.00 1000.00
11: 1000.00 1.00 1000.00
12: 1000.00 1.00 1000.00
13: 1000.00 1.00 1000.00
14: 1000.00 1.00 1000.00
15: 1000.00 1.00 1000.00
16: 1000.00 1.00 1000.00
17: 1000.00 1.00 1000.00
18: 1000.00 1.00 1000.00
19: 1000.00 1.00 1000.00
20: 1000.00 1.00 1000.00
21: 1000.00 1.00 1000.00
22: 1000.00 1.00 1000.00
23: 1000.00 1.00 1000.00
24: 1000.00 1.00 1000.00
25: 1000.00 1.00 1000.00
26: 1000.00 1.00 1000.00
27: 1000.00 1.00 1000.00
28: 1000.00 1.00 1000.00
29: 1000.00 1.00 1000.00
Team 2:
1: 1000.00 1000.00 0.75
2: 1000.00 1000.00 0.75
3: 1000.00 1000.00 0.75
4: 1000.00 1000.00 0.75
5: 1000.00 1000.00 0.75
6: 1000.00 1000.00 0.75
7: 1000.00 1000.00 0.75
8: 1000.00 1000.00 0.75
9: 1000.00 1000.00 0.75
10: 1000.00 1000.00 0.75
11: 1000.00 1000.00 0.75
12: 1000.00 1000.00 0.75
13: 1000.00 1000.00 0.75
14: 1000.00 1000.00 0.75
15: 1000.00 1000.00 0.75
16: 1000.00 1000.00 0.75
17: 1000.00 1000.00 0.75
18: 1000.00 1000.00 0.75
19: 1000.00 1000.00 0.75
20: 1000.00 1000.00 0.75
21: 1000.00 1000.00 0.75
22: 1000.00 1000.00 0.75
23: 1000.00 1000.00 0.75
24: 1000.00 1000.00 0.75
25: 1000.00 1000.00 0.75
26: 1000.00 1000.00 0.75
27: 1000.00 1000.00 0.75
28: 1000.00 1000.00 0.75
29: 1000.00 1000.00 0.75
