Number_of_customers: 30
Number_of_teams: 3
Number_of_services: 1
Customers_requested_services:
0 0 0 0 0 0 0 0 0 0 0 0 0 0 0 0 0 0 0 0 0 0 0 0 0 0 0 0 0
Daily_available_time: 8
Service 0:
Number_of_tasks: 3
Dependencies:
0: 
1: 0 2
2: 
Travel_times:
0.00 0.12 0.19 0.34 0.20 0.13 0.06 0.10 0.18 0.20 0.32 0.07 0.10 0.35 0.23 0.06 0.17 0.12 0.18 0.04 0.15 0.24 0.12 0.08 0.09 0.20 0.07 0.02 0.19 0.25
0.12 0.00 0.29 0.29 0.15 0.09 0.06 0.06 0.23 0.08 0.27 0.11 0.06 0.30 0.20 0.12 0.13 0.23 0.22 0.07 0.10 0.24 0.01 0.20 0.03 0.15 0.06 0.13 0.07 0.15
0.19 0.29 0.00 0.15 0.15 0.27 0.24 0.27 0.06 0.37 0.28 0.25 0.26 0.16 0.10 0.25 0.22 0.06 0.07 0.22 0.25 0.05 0.29 0.11 0.27 0.32 0.23 0.17 0.37 0.42
0.34 0.29 0.15 0.00 0.14 0.21 0.32 0.24 0.15 0.23 0.12 0.40 0.23 0.01 0.10 0.40 0.16 0.21 0.15 0.30 0.19 0.10 0.30 0.26 0.29 0.17 0.27 0.32 0.25 0.27
0.20 0.15 0.15 0.14 0.00 0.12 0.18 0.12 0.09 0.22 0.12 0.26 0.10 0.15 0.06 0.26 0.07 0.09 0.08 0.15 0.10 0.10 0.16 0.12 0.15 0.17 0.13 0.18 0.21 0.27
0.13 0.09 0.27 0.21 0.12 0.00 0.12 0.03 0.21 0.10 0.19 0.20 0.03 0.22 0.18 0.19 0.06 0.21 0.20 0.09 0.02 0.22 0.10 0.18 0.08 0.07 0.06 0.11 0.09 0.15
0.06 0.06 0.24 0.32 0.18 0.12 0.00 0.09 0.17 0.14 0.31 0.08 0.09 0.34 0.22 0.07 0.16 0.17 0.17 0.03 0.13 0.23 0.06 0.14 0.04 0.19 0.06 0.07 0.13 0.19
0.10 0.06 0.27 0.24 0.12 0.03 0.09 0.00 0.21 0.10 0.22 0.17 0.02 0.25 0.18 0.16 0.07 0.21 0.20 0.06 0.04 0.22 0.07 0.18 0.05 0.10 0.04 0.11 0.09 0.15
0.18 0.23 0.06 0.15 0.09 0.21 0.17 0.21 0.00 0.31 0.21 0.25 0.19 0.17 0.05 0.24 0.15 0.06 0.01 0.15 0.19 0.06 0.23 0.10 0.20 0.26 0.17 0.16 0.30 0.36
0.20 0.08 0.37 0.23 0.22 0.10 0.14 0.10 0.31 0.00 0.21 0.18 0.12 0.24 0.28 0.20 0.15 0.31 0.30 0.15 0.12 0.32 0.08 0.28 0.11 0.09 0.14 0.21 0.03 0.09
0.32 0.27 0.28 0.12 0.12 0.19 0.31 0.22 0.21 0.21 0.00 0.38 0.21 0.12 0.18 0.38 0.14 0.21 0.21 0.28 0.17 0.23 0.29 0.24 0.27 0.12 0.25 0.30 0.24 0.15
0.07 0.11 0.25 0.40 0.26 0.20 0.08 0.17 0.25 0.18 0.38 0.00 0.17 0.41 0.30 0.02 0.24 0.19 0.25 0.11 0.21 0.30 0.10 0.14 0.11 0.27 0.13 0.08 0.17 0.26
0.10 0.06 0.26 0.23 0.10 0.03 0.09 0.02 0.19 0.12 0.21 0.17 0.00 0.25 0.16 0.16 0.07 0.19 0.18 0.06 0.04 0.21 0.07 0.16 0.06 0.10 0.04 0.09 0.11 0.17
0.35 0.30 0.16 0.01 0.15 0.22 0.34 0.25 0.17 0.24 0.12 0.41 0.25 0.00 0.12 0.41 0.17 0.22 0.17 0.31 0.20 0.11 0.32 0.27 0.30 0.16 0.28 0.33 0.27 0.27
0.23 0.20 0.10 0.10 0.06 0.18 0.22 0.18 0.05 0.28 0.18 0.30 0.16 0.12 0.00 0.29 0.12 0.11 0.05 0.19 0.16 0.04 0.20 0.15 0.18 0.22 0.17 0.21 0.27 0.33
0.06 0.12 0.25 0.40 0.26 0.19 0.07 0.16 0.24 0.20 0.38 0.02 0.16 0.41 0.29 0.00 0.24 0.18 0.24 0.10 0.21 0.30 0.11 0.14 0.11 0.26 0.13 0.08 0.19 0.26
0.17 0.13 0.22 0.16 0.07 0.06 0.16 0.07 0.15 0.15 0.14 0.24 0.07 0.17 0.12 0.24 0.00 0.15 0.15 0.14 0.04 0.17 0.14 0.12 0.13 0.10 0.11 0.16 0.15 0.21
0.12 0.23 0.06 0.21 0.09 0.21 0.17 0.21 0.06 0.31 0.21 0.19 0.19 0.22 0.11 0.18 0.15 0.00 0.06 0.15 0.19 0.11 0.23 0.05 0.20 0.26 0.17 0.11 0.30 0.36
0.18 0.22 0.07 0.15 0.08 0.20 0.17 0.20 0.01 0.30 0.21 0.25 0.18 0.17 0.05 0.24 0.15 0.06 0.00 0.15 0.18 0.06 0.22 0.11 0.20 0.25 0.16 0.17 0.30 0.35
0.04 0.07 0.22 0.30 0.15 0.09 0.03 0.06 0.15 0.15 0.28 0.11 0.06 0.31 0.19 0.10 0.14 0.15 0.15 0.00 0.11 0.20 0.07 0.12 0.05 0.16 0.03 0.05 0.15 0.21
0.15 0.10 0.25 0.19 0.10 0.02 0.13 0.04 0.19 0.12 0.17 0.21 0.04 0.20 0.16 0.21 0.04 0.19 0.18 0.11 0.00 0.20 0.11 0.16 0.10 0.07 0.08 0.13 0.11 0.17
0.24 0.24 0.05 0.10 0.10 0.22 0.23 0.22 0.06 0.32 0.23 0.30 0.21 0.11 0.04 0.30 0.17 0.11 0.06 0.20 0.20 0.00 0.24 0.16 0.21 0.27 0.18 0.22 0.32 0.37
0.12 0.01 0.29 0.30 0.16 0.10 0.06 0.07 0.23 0.08 0.29 0.10 0.07 0.32 0.20 0.11 0.14 0.23 0.22 0.07 0.11 0.24 0.00 0.20 0.03 0.17 0.06 0.12 0.07 0.16
0.08 0.20 0.11 0.26 0.12 0.18 0.14 0.18 0.10 0.28 0.24 0.14 0.16 0.27 0.15 0.14 0.12 0.05 0.11 0.12 0.16 0.16 0.20 0.00 0.17 0.22 0.14 0.07 0.27 0.33
0.09 0.03 0.27 0.29 0.15 0.08 0.04 0.05 0.20 0.11 0.27 0.11 0.06 0.30 0.18 0.11 0.13 0.20 0.20 0.05 0.10 0.21 0.03 0.17 0.00 0.15 0.04 0.10 0.10 0.16
0.20 0.15 0.32 0.17 0.17 0.07 0.19 0.10 0.26 0.09 0.12 0.27 0.10 0.16 0.22 0.26 0.10 0.26 0.25 0.16 0.07 0.27 0.17 0.22 0.15 0.00 0.13 0.18 0.12 0.11
0.07 0.06 0.23 0.27 0.13 0.06 0.06 0.04 0.17 0.14 0.25 0.13 0.04 0.28 0.17 0.13 0.11 0.17 0.16 0.03 0.08 0.18 0.06 0.14 0.04 0.13 0.00 0.07 0.14 0.19
0.02 0.13 0.17 0.32 0.18 0.11 0.07 0.11 0.16 0.21 0.30 0.08 0.09 0.33 0.21 0.08 0.16 0.11 0.17 0.05 0.13 0.22 0.12 0.07 0.10 0.18 0.07 0.00 0.20 0.26
0.19 0.07 0.37 0.25 0.21 0.09 0.13 0.09 0.30 0.03 0.24 0.17 0.11 0.27 0.27 0.19 0.15 0.30 0.30 0.15 0.11 0.32 0.07 0.27 0.10 0.12 0.14 0.20 0.00 0.11
0.25 0.15 0.42 0.27 0.27 0.15 0.19 0.15 0.36 0.09 0.15 0.26 0.17 0.27 0.33 0.26 0.21 0.36 0.35 0.21 0.17 0.37 0.16 0.33 0.16 0.11 0.19 0.26 0.11 0.00
Team_tasks_times:
Team 0:
1: 2.00 1000.00 1000.00
2: 2.00 1000.00 1000.00
3: 2.00 1000.00 1000.00
4: 2.00 1000.00 1000.00
5: 2.00 1000.00 1000.00
6: 2.00 1000.00 1000.00
7: 2.00 1000.00 1000.00
8: 2.00 1000.00 1000.00
9: 2.00 1000.00 1000.00
10: 2.00 1000.00 1000.00
11: 2.00 1000.00 1000.00
12: 2.00 1000.00 1000.00
13: 2.00 1000.00 1000.00
14: 2.00 1000.00 1000.00
15: 2.00 1000.00 1000.00
16: 2.00 1000.00 1000.00
17: 2.00 1000.00 1000.00
18: 2.00 1000.00 1000.00
19: 2.00 1000.00 1000.00
20: 2.00 1000.00 1000.00
21: 2.00 1000.00 1000.00
22: 2.00 1000.00 1000.00
23: 2.00 1000.00 1000.00
24: 2.00 1000.00 1000.00
25: 2.00 1000.00 1000.00
26: 2.00 1000.00 1000.00
27: 2.00 1000.00 1000.00
28: 2.00 1000.00 1000.00
29: 2.00 1000.00 1000.00
Team 1:
1: 1000.00 0.50 1000.00
2: 1000.00 0.50 1000.00
3: 1000.00 0.50 1000.00
4: 1000.00 0.50 1000.00
5: 1000.00 0.50 1000.00
6: 1000.00 0.50 1000.00
7: 1000.00 0.50 1000.00
8: 1000.00 0.50 1000.00
9: 1000.00 0.50 1000.00
10: 1000.00 0.50 1000.00
11: 1000.00 0.50 1000.00
12: 1000.00 0.50 1000.00
13: 1000.00 0.50 1000.00
14: 1000.00 0.50 1000.00
15: 1000.00 0.50 1000.00
16: 1000.00 0.50 1000.00
17: 1000.00 0.50 1000.00
18: 1000.00 0.50 1000.00
19: 1000.00 0.50 1000.00
20: 1000.00 0.50 1000.00
21: 1000.00 0.50 1000.00
22: 1000.00 0.50 1000.00
23: 1000.00 0.50 1000.00
24: 1000.00 0.50 1000.00
25: 1000.00 0.50 1000.00
26: 1000.00 0.50 1000.00
27: 1000.00 0.50 1000.00
28: 1000.00 0.50 1000.00
29: 1000.00 0.50 1000.00
Team 2:
1: 1000.00 1000.00 0.75
2: 1000.00 1000.00 0.75
3: 1000.00 1000.00 0.75
4: 1000.00 1000.00 0.75
5: 1000.00 1000.00 0.75
6: 1000.00 1000.00 0.75
7: 1000.00 1000.00 0.75
8: 1000.00 1000.00 0.75
9: 1000.00 1000.00 0.75
10: 1000.00 1000.00 0.75
11: 1000.00 1000.00 0.75
12: 1000.00 1000.00 0.75
13: 1000.00 1000.00 0.75
14: 1000.00 1000.00 0.75
15: 1000.00 1000.00 0.75
16: 1000.00 1000.00 0.75
17: 1000.00 1000.00 0.75
18: 1000.00 1000.00 0.75
19: 1000.00 1000.00 0.75
20: 1000.00 1000.00 0.75
21: 1000.00 1000.00 0.75
22: 1000.00 1000.00 0.75
23: 1000.00 1000.00 0.75
24: 1000.00 1000.00 0.75
25: 1000.00 1000.00 0.75
26: 1000.00 1000.00 0.75
27: 1000.00 1000.00 0.75
28: 1000.00 1000.00 0.75
29: 1000.00 1000.00 0.75
