Number_of_customers: 30
Number_of_teams: 3
Number_of_services: 1
Customers_requested_services:
0 0 0 0 0 0 0 0 0 0 0 0 0 0 0 0 0 0 0 0 0 0 0 0 0 0 0 0 0
Daily_available_time: 8
Service 0:
Number_of_tasks: 3
Dependencies:
0: 1
1: 
2: 1
Travel_times:
0.00 0.15 0.15 0.14 0.10 0.07 0.02 0.10 0.20 0.02 0.19 0.11 0.10 0.17 0.12 0.18 0.13 0.15 0.04 0.04 0.10 0.11 0.12 0.12 0.23 0.12 0.12 0.10 0.18 0.23
0.15 0.00 0.25 0.29 0.19 0.14 0.13 0.25 0.11 0.16 0.06 0.24 0.06 0.32 0.14 0.10 0.24 0.20 0.15 0.11 0.20 0.17 0.27 0.12 0.38 0.27 0.03 0.24 0.28 0.38
0.15 0.25 0.00 0.20 0.06 0.12 0.15 0.16 0.36 0.14 0.20 0.15 0.20 0.24 0.28 0.15 0.15 0.31 0.12 0.15 0.06 0.08 0.20 0.13 0.29 0.24 0.23 0.15 0.10 0.29
0.14 0.29 0.20 0.00 0.23 0.21 0.16 0.09 0.31 0.13 0.33 0.06 0.24 0.14 0.22 0.32 0.05 0.25 0.14 0.18 0.17 0.25 0.15 0.26 0.10 0.18 0.26 0.08 0.10 0.10
0.10 0.19 0.06 0.23 0.00 0.06 0.09 0.19 0.30 0.10 0.14 0.17 0.14 0.26 0.21 0.10 0.18 0.25 0.09 0.09 0.06 0.02 0.21 0.07 0.32 0.21 0.17 0.18 0.13 0.32
0.07 0.14 0.12 0.21 0.06 0.00 0.05 0.17 0.24 0.08 0.12 0.15 0.08 0.24 0.16 0.12 0.16 0.19 0.07 0.04 0.06 0.04 0.19 0.05 0.30 0.19 0.12 0.16 0.14 0.30
0.02 0.13 0.15 0.16 0.09 0.05 0.00 0.12 0.21 0.03 0.17 0.11 0.08 0.19 0.12 0.16 0.13 0.15 0.04 0.02 0.10 0.09 0.14 0.10 0.25 0.14 0.10 0.11 0.17 0.25
0.10 0.25 0.16 0.09 0.19 0.17 0.12 0.00 0.21 0.09 0.29 0.10 0.20 0.07 0.13 0.28 0.12 0.16 0.10 0.14 0.13 0.21 0.06 0.22 0.13 0.10 0.22 0.01 0.17 0.13
0.20 0.11 0.36 0.31 0.30 0.24 0.21 0.21 0.00 0.22 0.16 0.31 0.16 0.22 0.08 0.20 0.34 0.10 0.24 0.21 0.30 0.28 0.17 0.23 0.28 0.17 0.13 0.23 0.38 0.28
0.02 0.16 0.14 0.13 0.10 0.08 0.03 0.09 0.22 0.00 0.20 0.09 0.11 0.16 0.14 0.19 0.12 0.17 0.02 0.05 0.08 0.12 0.11 0.13 0.22 0.11 0.13 0.08 0.16 0.22
0.19 0.06 0.20 0.33 0.14 0.12 0.17 0.29 0.16 0.20 0.00 0.28 0.09 0.36 0.18 0.04 0.28 0.24 0.19 0.15 0.16 0.12 0.31 0.07 0.42 0.31 0.07 0.28 0.23 0.42
0.11 0.24 0.15 0.06 0.17 0.15 0.11 0.10 0.31 0.09 0.28 0.00 0.19 0.14 0.23 0.27 0.03 0.26 0.09 0.12 0.12 0.20 0.15 0.21 0.15 0.19 0.20 0.08 0.07 0.15
0.10 0.06 0.20 0.24 0.14 0.08 0.08 0.20 0.16 0.11 0.09 0.19 0.00 0.28 0.09 0.08 0.19 0.15 0.10 0.06 0.14 0.12 0.22 0.06 0.33 0.22 0.04 0.20 0.22 0.33
0.17 0.32 0.24 0.14 0.26 0.24 0.19 0.07 0.22 0.16 0.36 0.14 0.28 0.00 0.18 0.36 0.17 0.12 0.17 0.21 0.20 0.28 0.05 0.29 0.06 0.05 0.29 0.08 0.21 0.06
0.12 0.14 0.28 0.22 0.21 0.16 0.12 0.13 0.08 0.14 0.18 0.23 0.09 0.18 0.00 0.17 0.25 0.06 0.16 0.12 0.22 0.20 0.13 0.14 0.24 0.13 0.11 0.15 0.30 0.24
0.18 0.10 0.15 0.32 0.10 0.12 0.16 0.28 0.20 0.19 0.04 0.27 0.08 0.36 0.17 0.00 0.27 0.23 0.18 0.14 0.15 0.08 0.30 0.06 0.41 0.30 0.07 0.28 0.22 0.41
0.13 0.24 0.15 0.05 0.18 0.16 0.13 0.12 0.34 0.12 0.28 0.03 0.19 0.17 0.25 0.27 0.00 0.28 0.10 0.13 0.12 0.20 0.17 0.21 0.14 0.21 0.21 0.11 0.05 0.14
0.15 0.20 0.31 0.25 0.25 0.19 0.15 0.16 0.10 0.17 0.24 0.26 0.15 0.12 0.06 0.23 0.28 0.00 0.19 0.15 0.25 0.23 0.11 0.17 0.18 0.07 0.17 0.17 0.33 0.18
0.04 0.15 0.12 0.14 0.09 0.07 0.04 0.10 0.24 0.02 0.19 0.09 0.10 0.17 0.16 0.18 0.10 0.19 0.00 0.04 0.06 0.11 0.12 0.12 0.23 0.12 0.12 0.09 0.14 0.23
0.04 0.11 0.15 0.18 0.09 0.04 0.02 0.14 0.21 0.05 0.15 0.12 0.06 0.21 0.12 0.14 0.13 0.15 0.04 0.00 0.10 0.07 0.16 0.08 0.27 0.16 0.08 0.13 0.17 0.27
0.10 0.20 0.06 0.17 0.06 0.06 0.10 0.13 0.30 0.08 0.16 0.12 0.14 0.20 0.22 0.15 0.12 0.25 0.06 0.10 0.00 0.08 0.15 0.09 0.26 0.18 0.17 0.12 0.08 0.26
0.11 0.17 0.08 0.25 0.02 0.04 0.09 0.21 0.28 0.12 0.12 0.20 0.12 0.28 0.20 0.08 0.20 0.23 0.11 0.07 0.08 0.00 0.23 0.06 0.34 0.23 0.15 0.20 0.15 0.34
0.12 0.27 0.20 0.15 0.21 0.19 0.14 0.06 0.17 0.11 0.31 0.15 0.22 0.05 0.13 0.30 0.17 0.11 0.12 0.16 0.15 0.23 0.00 0.24 0.11 0.04 0.24 0.07 0.22 0.11
0.12 0.12 0.13 0.26 0.07 0.05 0.10 0.22 0.23 0.13 0.07 0.21 0.06 0.29 0.14 0.06 0.21 0.17 0.12 0.08 0.09 0.06 0.24 0.00 0.35 0.24 0.10 0.21 0.16 0.35
0.23 0.38 0.29 0.10 0.32 0.30 0.25 0.13 0.28 0.22 0.42 0.15 0.33 0.06 0.24 0.41 0.14 0.18 0.23 0.27 0.26 0.34 0.11 0.35 0.00 0.11 0.35 0.14 0.19 0.00
0.12 0.27 0.24 0.18 0.21 0.19 0.14 0.10 0.17 0.11 0.31 0.19 0.22 0.05 0.13 0.30 0.21 0.07 0.12 0.16 0.18 0.23 0.04 0.24 0.11 0.00 0.24 0.11 0.26 0.11
0.12 0.03 0.23 0.26 0.17 0.12 0.10 0.22 0.13 0.13 0.07 0.20 0.04 0.29 0.11 0.07 0.21 0.17 0.12 0.08 0.17 0.15 0.24 0.10 0.35 0.24 0.00 0.21 0.25 0.35
0.10 0.24 0.15 0.08 0.18 0.16 0.11 0.01 0.23 0.08 0.28 0.08 0.20 0.08 0.15 0.28 0.11 0.17 0.09 0.13 0.12 0.20 0.07 0.21 0.14 0.11 0.21 0.00 0.15 0.14
0.18 0.28 0.10 0.10 0.13 0.14 0.17 0.17 0.38 0.16 0.23 0.07 0.22 0.21 0.30 0.22 0.05 0.33 0.14 0.17 0.08 0.15 0.22 0.16 0.19 0.26 0.25 0.15 0.00 0.19
0.23 0.38 0.29 0.10 0.32 0.30 0.25 0.13 0.28 0.22 0.42 0.15 0.33 0.06 0.24 0.41 0.14 0.18 0.23 0.27 0.26 0.34 0.11 0.35 0.00 0.11 0.35 0.14 0.19 0.00
Team_tasks_times:
Team 0:
1: 4.00 1000.00 1000.00
2: 4.00 1000.00 1000.00
3: 4.00 1000.00 1000.00
4: 4.00 1000.00 1000.00
5: 4.00 1000.00 1000.00
6: 4.00 1000.00 1000.00
7: 4.00 1000.00 1000.00
8: 4.00 1000.00 1000.00
9: 4.00 1000.00 1000.00
10: 4.00 1000.00 1000.00
11: 4.00 1000.00 1000.00
12: 4.00 1000.00 1000.00
13: 4.00 1000.00 1000.00
14: 4.00 1000.00 1000.00
15: 4.00 1000.00 1000.00
16: 4.00 1000.00 1000.00
17: 4.00 1000.00 1000.00
18: 4.00 1000.00 1000.00
19: 4.00 1000.00 1000.00
20: 4.00 1000.00 1000.00
21: 4.00 1000.00 1000.00
22: 4.00 1000.00 1000.00
23: 4.00 1000.00 1000.00
24: 4.00 1000.00 1000.00
25: 4.00 1000.00 1000.00
26: 4.00 1000.00 1000.00
27: 4.00 1000.00 1000.00
28: 4.00 1000.00 1000.00
29: 4.00 1000.00 1000.00
Team 1:
1: 1000.00 1.50 1000.00
2: 1000.00 1.50 1000.00
3: 1000.00 1.50 1000.00
4: 1000.00 1.50 1000.00
5: 1000.00 1.50 1000.00
6: 1000.00 1.50 1000.00
7: 1000.00 1.50 1000.00
8: 1000.00 1.50 1000.00
9: 1000.00 1.50 1000.00
10: 1000.00 1.50 1000.00
11: 1000.00 1.50 1000.00
12: 1000.00 1.50 1000.00
13: 1000.00 1.50 1000.00
14: 1000.00 1.50 1000.00
15: 1000.00 1.50 1000.00
16: 1000.00 1.50 1000.00
17: 1000.00 1.50 1000.00
18: 1000.00 1.50 1000.00
19: 1000.00 1.50 1000.00
20: 1000.00 1.50 1000.00
21: 1000.00 1.50 1000.00
22: 1000.00 1.50 1000.00
23: 1000.00 1.50 1000.00
24: 1000.00 1.50 1000.00
25: 1000.00 1.50 1000.00
26: 1000.00 1.50 1000.00
27: 1000.00 1.50 1000.00
28: 1000.00 1.50 1000.00
29: 1000.00 1.50 1000.00
Team 2:
1: 1000.00 1000.00 1.50
2: 1000.00 1000.00 1.50
3: 1000.00 1000.00 1.50
4: 1000.00 1000.00 1.50
5: 1000.00 1000.00 1.50
6: 1000.00 1000.00 1.50
7: 1000.00 1000.00 1.50
8: 1000.00 1000.00 1.50
9: 1000.00 1000.00 1.50
10: 1000.00 1000.00 1.50
11: 1000.00 1000.00 1.50
12: 1000.00 1000.00 1.50
13: 1000.00 1000.00 1.50
14: 1000.00 1000.00 1.50
15: 1000.00 1000.00 1.50
16: 1000.00 1000.00 1.50
17: 1000.00 1000.00 1.50
18: 1000.00 1000.00 1.50
19: 1000.00 1000.00 1.50
20: 1000.00 1000.00 1.50
21: 1000.00 1000.00 1.50
22: 1000.00 1000.00 1.50
23: 1000.00 1000.00 1.50
24: 1000.00 1000.00 1.50
25: 1000.00 1000.00 1.50
26: 1000.00 1000.00 1.50
27: 1000.00 1000.00 1.50
28: 1000.00 1000.00 1.50
29: 1000.00 1000.00 1.50
