Number_of_customers: 35
Number_of_teams: 3
Number_of_services: 3
Customers_requested_services:
1 1 0 1 2 0 2 1 1 2 2 1 1 1 1 1 1 0 0 1 2 0 2 1 1 0 0 1 1 2 2 2 1 0
Daily_available_time: 8
Service 0:
Number_of_tasks: 1
Dependencies:
0: 
Service 1:
Number_of_tasks: 3
Dependencies:
0: 
1: 0 2
2: 
Service 2:
Number_of_tasks: 5
Dependencies:
0: 4
1: 4
2: 4
3: 4
4: 
Travel_times:
0.00 0.35 0.10 0.07 0.25 0.28 0.25 0.08 0.04 0.26 0.20 0.11 0.04 0.12 0.24 0.20 0.04 0.07 0.18 0.05 0.25 0.15 0.07 0.03 0.32 0.15 0.03 0.17 0.26 0.20 0.05 0.15 0.23 0.09 0.07
0.35 0.00 0.32 0.42 0.10 0.07 0.10 0.35 0.31 0.24 0.15 0.34 0.33 0.23 0.11 0.15 0.32 0.42 0.17 0.38 0.10 0.20 0.39 0.34 0.03 0.20 0.34 0.22 0.24 0.15 0.40 0.20 0.12 0.26 0.28
0.10 0.32 0.00 0.12 0.21 0.25 0.21 0.04 0.12 0.36 0.18 0.21 0.15 0.17 0.21 0.17 0.06 0.11 0.23 0.07 0.22 0.12 0.17 0.07 0.29 0.21 0.07 0.28 0.36 0.17 0.12 0.12 0.20 0.15 0.04
0.07 0.42 0.12 0.00 0.32 0.35 0.32 0.10 0.11 0.23 0.27 0.09 0.09 0.20 0.31 0.27 0.10 0.02 0.25 0.07 0.32 0.22 0.04 0.08 0.39 0.22 0.08 0.20 0.23 0.27 0.02 0.23 0.30 0.16 0.14
0.25 0.10 0.21 0.32 0.00 0.07 0.12 0.25 0.21 0.22 0.05 0.24 0.23 0.12 0.04 0.07 0.22 0.32 0.09 0.28 0.07 0.10 0.29 0.24 0.07 0.10 0.24 0.14 0.22 0.07 0.30 0.18 0.09 0.16 0.18
0.28 0.07 0.25 0.35 0.07 0.00 0.05 0.28 0.24 0.29 0.12 0.27 0.26 0.15 0.11 0.08 0.25 0.35 0.16 0.31 0.03 0.13 0.32 0.27 0.08 0.15 0.27 0.21 0.29 0.08 0.33 0.12 0.05 0.19 0.21
0.25 0.10 0.21 0.32 0.12 0.05 0.00 0.25 0.21 0.35 0.17 0.24 0.23 0.16 0.17 0.06 0.21 0.31 0.21 0.28 0.06 0.10 0.28 0.24 0.14 0.20 0.24 0.27 0.35 0.05 0.30 0.09 0.04 0.16 0.17
0.08 0.35 0.04 0.10 0.25 0.28 0.25 0.00 0.09 0.33 0.20 0.19 0.12 0.15 0.24 0.20 0.04 0.08 0.20 0.03 0.25 0.15 0.15 0.05 0.32 0.19 0.05 0.25 0.33 0.20 0.09 0.15 0.23 0.13 0.07
0.04 0.31 0.12 0.11 0.21 0.24 0.21 0.09 0.00 0.24 0.16 0.10 0.03 0.09 0.20 0.16 0.05 0.11 0.14 0.07 0.21 0.11 0.07 0.04 0.28 0.11 0.04 0.16 0.24 0.16 0.09 0.16 0.19 0.05 0.09
0.26 0.24 0.36 0.23 0.22 0.29 0.35 0.33 0.24 0.00 0.17 0.14 0.21 0.19 0.18 0.29 0.30 0.25 0.13 0.30 0.29 0.29 0.19 0.28 0.21 0.15 0.28 0.08 0.03 0.30 0.24 0.40 0.31 0.21 0.33
0.20 0.15 0.18 0.27 0.05 0.12 0.17 0.20 0.16 0.17 0.00 0.19 0.18 0.07 0.04 0.12 0.17 0.27 0.04 0.23 0.12 0.12 0.24 0.19 0.12 0.05 0.19 0.09 0.17 0.12 0.25 0.23 0.14 0.11 0.16
0.11 0.34 0.21 0.09 0.24 0.27 0.24 0.19 0.10 0.14 0.19 0.00 0.07 0.12 0.23 0.19 0.15 0.11 0.17 0.16 0.24 0.15 0.04 0.14 0.31 0.14 0.14 0.12 0.14 0.19 0.10 0.26 0.22 0.08 0.19
0.04 0.33 0.15 0.09 0.23 0.26 0.23 0.12 0.03 0.21 0.18 0.07 0.00 0.11 0.23 0.18 0.09 0.08 0.17 0.09 0.24 0.13 0.05 0.07 0.31 0.14 0.07 0.13 0.21 0.18 0.07 0.19 0.21 0.07 0.12
0.12 0.23 0.17 0.20 0.12 0.15 0.16 0.15 0.09 0.19 0.07 0.12 0.11 0.00 0.12 0.10 0.11 0.19 0.06 0.15 0.13 0.11 0.16 0.12 0.20 0.04 0.12 0.11 0.19 0.11 0.17 0.21 0.12 0.04 0.14
0.24 0.11 0.21 0.31 0.04 0.11 0.17 0.24 0.20 0.18 0.04 0.23 0.23 0.12 0.00 0.11 0.21 0.31 0.06 0.27 0.11 0.11 0.28 0.23 0.08 0.09 0.23 0.12 0.18 0.12 0.29 0.22 0.13 0.15 0.17
0.20 0.15 0.17 0.27 0.07 0.08 0.06 0.20 0.16 0.29 0.12 0.19 0.18 0.10 0.11 0.00 0.17 0.27 0.16 0.23 0.05 0.05 0.24 0.19 0.12 0.14 0.19 0.21 0.29 0.01 0.25 0.12 0.03 0.11 0.13
0.04 0.32 0.06 0.10 0.22 0.25 0.21 0.04 0.05 0.30 0.17 0.15 0.09 0.11 0.21 0.17 0.00 0.10 0.17 0.06 0.22 0.12 0.11 0.02 0.29 0.15 0.02 0.21 0.30 0.17 0.08 0.12 0.20 0.09 0.04
0.07 0.42 0.11 0.02 0.32 0.35 0.31 0.08 0.11 0.25 0.27 0.11 0.08 0.19 0.31 0.27 0.10 0.00 0.25 0.05 0.32 0.21 0.07 0.07 0.39 0.22 0.07 0.19 0.25 0.27 0.02 0.22 0.30 0.15 0.14
0.18 0.17 0.23 0.25 0.09 0.16 0.21 0.20 0.14 0.13 0.04 0.17 0.17 0.06 0.06 0.16 0.17 0.25 0.00 0.21 0.16 0.16 0.22 0.17 0.14 0.03 0.17 0.06 0.13 0.17 0.23 0.27 0.18 0.10 0.20
0.05 0.38 0.07 0.07 0.28 0.31 0.28 0.03 0.07 0.30 0.23 0.16 0.09 0.15 0.27 0.23 0.06 0.05 0.21 0.00 0.28 0.18 0.12 0.04 0.35 0.18 0.04 0.22 0.30 0.23 0.06 0.18 0.26 0.12 0.10
0.25 0.10 0.22 0.32 0.07 0.03 0.06 0.25 0.21 0.29 0.12 0.24 0.24 0.13 0.11 0.05 0.22 0.32 0.16 0.28 0.00 0.10 0.29 0.24 0.08 0.15 0.24 0.21 0.29 0.05 0.30 0.11 0.02 0.17 0.18
0.15 0.20 0.12 0.22 0.10 0.13 0.10 0.15 0.11 0.29 0.12 0.15 0.13 0.11 0.11 0.05 0.12 0.21 0.16 0.18 0.10 0.00 0.18 0.14 0.17 0.15 0.14 0.21 0.29 0.05 0.20 0.11 0.08 0.09 0.08
0.07 0.39 0.17 0.04 0.29 0.32 0.28 0.15 0.07 0.19 0.24 0.04 0.05 0.16 0.28 0.24 0.11 0.07 0.22 0.12 0.29 0.18 0.00 0.10 0.36 0.19 0.10 0.16 0.19 0.24 0.05 0.21 0.27 0.12 0.14
0.03 0.34 0.07 0.08 0.24 0.27 0.24 0.05 0.04 0.28 0.19 0.14 0.07 0.12 0.23 0.19 0.02 0.07 0.17 0.04 0.24 0.14 0.10 0.00 0.31 0.14 0.00 0.20 0.28 0.19 0.06 0.15 0.22 0.08 0.06
0.32 0.03 0.29 0.39 0.07 0.08 0.14 0.32 0.28 0.21 0.12 0.31 0.31 0.20 0.08 0.12 0.29 0.39 0.14 0.35 0.08 0.17 0.36 0.31 0.00 0.17 0.31 0.20 0.21 0.12 0.37 0.19 0.10 0.24 0.25
0.15 0.20 0.21 0.22 0.10 0.15 0.20 0.19 0.11 0.15 0.05 0.14 0.14 0.04 0.09 0.14 0.15 0.22 0.03 0.18 0.15 0.15 0.19 0.14 0.17 0.00 0.14 0.07 0.15 0.15 0.20 0.26 0.16 0.07 0.18
0.03 0.34 0.07 0.08 0.24 0.27 0.24 0.05 0.04 0.28 0.19 0.14 0.07 0.12 0.23 0.19 0.02 0.07 0.17 0.04 0.24 0.14 0.10 0.00 0.31 0.14 0.00 0.20 0.28 0.19 0.06 0.15 0.22 0.08 0.06
0.17 0.22 0.28 0.20 0.14 0.21 0.27 0.25 0.16 0.08 0.09 0.12 0.13 0.11 0.12 0.21 0.21 0.19 0.06 0.22 0.21 0.21 0.16 0.20 0.20 0.07 0.20 0.00 0.08 0.21 0.17 0.32 0.23 0.12 0.25
0.26 0.24 0.36 0.23 0.22 0.29 0.35 0.33 0.24 0.03 0.17 0.14 0.21 0.19 0.18 0.29 0.30 0.25 0.13 0.30 0.29 0.29 0.19 0.28 0.21 0.15 0.28 0.08 0.00 0.30 0.24 0.40 0.31 0.21 0.33
0.20 0.15 0.17 0.27 0.07 0.08 0.05 0.20 0.16 0.30 0.12 0.19 0.18 0.11 0.12 0.01 0.17 0.27 0.17 0.23 0.05 0.05 0.24 0.19 0.12 0.15 0.19 0.21 0.30 0.00 0.25 0.11 0.03 0.12 0.13
0.05 0.40 0.12 0.02 0.30 0.33 0.30 0.09 0.09 0.24 0.25 0.10 0.07 0.17 0.29 0.25 0.08 0.02 0.23 0.06 0.30 0.20 0.05 0.06 0.37 0.20 0.06 0.17 0.24 0.25 0.00 0.20 0.28 0.14 0.12
0.15 0.20 0.12 0.23 0.18 0.12 0.09 0.15 0.16 0.40 0.23 0.26 0.19 0.21 0.22 0.12 0.12 0.22 0.27 0.18 0.11 0.11 0.21 0.15 0.19 0.26 0.15 0.32 0.40 0.11 0.20 0.00 0.10 0.20 0.08
0.23 0.12 0.20 0.30 0.09 0.05 0.04 0.23 0.19 0.31 0.14 0.22 0.21 0.12 0.13 0.03 0.20 0.30 0.18 0.26 0.02 0.08 0.27 0.22 0.10 0.16 0.22 0.23 0.31 0.03 0.28 0.10 0.00 0.14 0.16
0.09 0.26 0.15 0.16 0.16 0.19 0.16 0.13 0.05 0.21 0.11 0.08 0.07 0.04 0.15 0.11 0.09 0.15 0.10 0.12 0.17 0.09 0.12 0.08 0.24 0.07 0.08 0.12 0.21 0.12 0.14 0.20 0.14 0.00 0.12
0.07 0.28 0.04 0.14 0.18 0.21 0.17 0.07 0.09 0.33 0.16 0.19 0.12 0.14 0.17 0.13 0.04 0.14 0.20 0.10 0.18 0.08 0.14 0.06 0.25 0.18 0.06 0.25 0.33 0.13 0.12 0.08 0.16 0.12 0.00
Team_tasks_times:
Team 0:
1: 1.00 0.75 3.00
2: 1.00 0.75 3.00
3: 0.75
4: 1.00 0.75 3.00
5: 1.50 1.00 1.50 1.50 0.75
6: 0.75
7: 1.50 1.00 1.50 1.50 0.75
8: 1.00 0.75 3.00
9: 1.00 0.75 3.00
10: 1.50 1.00 1.50 1.50 0.75
11: 1.50 1.00 1.50 1.50 0.75
12: 1.00 0.75 3.00
13: 1.00 0.75 3.00
14: 1.00 0.75 3.00
15: 1.00 0.75 3.00
16: 1.00 0.75 3.00
17: 1.00 0.75 3.00
18: 0.75
19: 0.75
20: 1.00 0.75 3.00
21: 1.50 1.00 1.50 1.50 0.75
22: 0.75
23: 1.50 1.00 1.50 1.50 0.75
24: 1.00 0.75 3.00
25: 1.00 0.75 3.00
26: 0.75
27: 0.75
28: 1.00 0.75 3.00
29: 1.00 0.75 3.00
30: 1.50 1.00 1.50 1.50 0.75
31: 1.50 1.00 1.50 1.50 0.75
32: 1.50 1.00 1.50 1.50 0.75
33: 1.00 0.75 3.00
34: 0.75
Team 1:
1: 0.50 1.50 0.75
2: 0.50 1.50 0.75
3: 1.50
4: 0.50 1.50 0.75
5: 0.75 1.00 1.50 1.50 1.50
6: 1.50
7: 0.75 1.00 1.50 1.50 1.50
8: 0.50 1.50 0.75
9: 0.50 1.50 0.75
10: 0.75 1.00 1.50 1.50 1.50
11: 0.75 1.00 1.50 1.50 1.50
12: 0.50 1.50 0.75
13: 0.50 1.50 0.75
14: 0.50 1.50 0.75
15: 0.50 1.50 0.75
16: 0.50 1.50 0.75
17: 0.50 1.50 0.75
18: 1.50
19: 1.50
20: 0.50 1.50 0.75
21: 0.75 1.00 1.50 1.50 1.50
22: 1.50
23: 0.75 1.00 1.50 1.50 1.50
24: 0.50 1.50 0.75
25: 0.50 1.50 0.75
26: 1.50
27: 1.50
28: 0.50 1.50 0.75
29: 0.50 1.50 0.75
30: 0.75 1.00 1.50 1.50 1.50
31: 0.75 1.00 1.50 1.50 1.50
32: 0.75 1.00 1.50 1.50 1.50
33: 0.50 1.50 0.75
34: 1.50
Team 2:
1: 0.50 0.75 1.50
2: 0.50 0.75 1.50
3: 0.75
4: 0.50 0.75 1.50
5: 1.50 4.00 0.75 1.50 1.50
6: 0.75
7: 1.50 4.00 0.75 1.50 1.50
8: 0.50 0.75 1.50
9: 0.50 0.75 1.50
10: 1.50 4.00 0.75 1.50 1.50
11: 1.50 4.00 0.75 1.50 1.50
12: 0.50 0.75 1.50
13: 0.50 0.75 1.50
14: 0.50 0.75 1.50
15: 0.50 0.75 1.50
16: 0.50 0.75 1.50
17: 0.50 0.75 1.50
18: 0.75
19: 0.75
20: 0.50 0.75 1.50
21: 1.50 4.00 0.75 1.50 1.50
22: 0.75
23: 1.50 4.00 0.75 1.50 1.50
24: 0.50 0.75 1.50
25: 0.50 0.75 1.50
26: 0.75
27: 0.75
28: 0.50 0.75 1.50
29: 0.50 0.75 1.50
30: 1.50 4.00 0.75 1.50 1.50
31: 1.50 4.00 0.75 1.50 1.50
32: 1.50 4.00 0.75 1.50 1.50
33: 0.50 0.75 1.50
34: 0.75
