Number_of_customers: 35
Number_of_teams: 3
Number_of_services: 3
Customers_requested_services:
1 1 1 0 1 2 1 0 0 0 0 1 0 0 1 2 0 0 0 2 0 2 0 1 2 0 0 0 2 1 0 2 1 1
Daily_available_time: 8
Service 0:
Number_of_tasks: 1
Dependencies:
0: 
Service 1:
Number_of_tasks: 3
Dependencies:
0: 
1: 0
2: 1
Service 2:
Number_of_tasks: 5
Dependencies:
0: 
1: 
2: 4
3: 
4: 0 1 3
Travel_times:
0.00 0.15 0.09 0.21 0.29 0.15 0.16 0.27 0.08 0.31 0.11 0.28 0.22 0.06 0.17 0.31 0.08 0.16 0.15 0.11 0.15 0.26 0.20 0.17 0.20 0.10 0.22 0.27 0.18 0.17 0.25 0.03 0.22 0.21 0.07
0.15 0.00 0.12 0.06 0.14 0.05 0.01 0.21 0.07 0.16 0.12 0.22 0.07 0.13 0.05 0.15 0.14 0.11 0.10 0.05 0.16 0.21 0.10 0.05 0.15 0.14 0.16 0.21 0.16 0.21 0.09 0.17 0.18 0.15 0.20
0.09 0.12 0.00 0.12 0.21 0.07 0.12 0.32 0.04 0.22 0.16 0.34 0.15 0.07 0.17 0.22 0.03 0.22 0.21 0.16 0.20 0.32 0.21 0.08 0.26 0.15 0.28 0.33 0.24 0.23 0.16 0.11 0.28 0.27 0.14
0.21 0.06 0.12 0.00 0.14 0.06 0.05 0.24 0.13 0.10 0.18 0.26 0.07 0.19 0.09 0.10 0.15 0.14 0.16 0.11 0.22 0.24 0.13 0.05 0.21 0.20 0.20 0.25 0.22 0.28 0.03 0.24 0.25 0.20 0.26
0.29 0.14 0.21 0.14 0.00 0.15 0.12 0.20 0.21 0.08 0.25 0.15 0.07 0.27 0.12 0.09 0.24 0.15 0.24 0.18 0.29 0.15 0.09 0.15 0.29 0.28 0.23 0.19 0.29 0.35 0.12 0.31 0.32 0.27 0.34
0.15 0.05 0.07 0.06 0.15 0.00 0.06 0.26 0.07 0.16 0.12 0.27 0.09 0.13 0.10 0.15 0.09 0.15 0.15 0.09 0.16 0.26 0.15 0.01 0.19 0.14 0.21 0.27 0.18 0.21 0.09 0.17 0.21 0.21 0.20
0.16 0.01 0.12 0.05 0.12 0.06 0.00 0.20 0.08 0.15 0.13 0.21 0.06 0.14 0.04 0.15 0.15 0.10 0.11 0.06 0.17 0.20 0.09 0.06 0.16 0.15 0.15 0.21 0.17 0.23 0.08 0.18 0.20 0.15 0.21
0.27 0.21 0.32 0.24 0.20 0.26 0.20 0.00 0.28 0.23 0.16 0.06 0.17 0.32 0.16 0.22 0.35 0.10 0.11 0.17 0.12 0.06 0.11 0.26 0.09 0.17 0.05 0.01 0.09 0.15 0.23 0.24 0.12 0.07 0.20
0.08 0.07 0.04 0.13 0.21 0.07 0.08 0.28 0.00 0.23 0.12 0.29 0.14 0.06 0.12 0.23 0.07 0.18 0.17 0.12 0.16 0.28 0.17 0.09 0.21 0.11 0.23 0.29 0.20 0.18 0.17 0.10 0.24 0.23 0.13
0.31 0.16 0.22 0.10 0.08 0.16 0.15 0.23 0.23 0.00 0.28 0.20 0.09 0.29 0.14 0.01 0.24 0.17 0.26 0.21 0.32 0.19 0.12 0.15 0.31 0.30 0.25 0.21 0.32 0.37 0.07 0.33 0.34 0.29 0.36
0.11 0.12 0.16 0.18 0.25 0.12 0.13 0.16 0.12 0.28 0.00 0.17 0.19 0.16 0.13 0.27 0.19 0.10 0.05 0.07 0.04 0.16 0.16 0.13 0.10 0.03 0.11 0.17 0.08 0.10 0.21 0.08 0.12 0.11 0.08
0.28 0.22 0.34 0.26 0.15 0.27 0.21 0.06 0.29 0.20 0.17 0.00 0.18 0.33 0.17 0.21 0.36 0.12 0.12 0.18 0.15 0.02 0.12 0.27 0.14 0.18 0.08 0.04 0.15 0.21 0.24 0.25 0.17 0.12 0.21
0.22 0.07 0.15 0.07 0.07 0.09 0.06 0.17 0.14 0.09 0.19 0.18 0.00 0.20 0.06 0.09 0.18 0.09 0.17 0.12 0.23 0.17 0.06 0.09 0.22 0.21 0.16 0.17 0.23 0.29 0.06 0.25 0.26 0.21 0.27
0.06 0.13 0.07 0.19 0.27 0.13 0.14 0.32 0.06 0.29 0.16 0.33 0.20 0.00 0.16 0.29 0.05 0.22 0.21 0.15 0.20 0.32 0.21 0.15 0.26 0.15 0.27 0.33 0.24 0.22 0.23 0.08 0.28 0.27 0.12
0.17 0.05 0.17 0.09 0.12 0.10 0.04 0.16 0.12 0.14 0.13 0.17 0.06 0.16 0.00 0.14 0.19 0.06 0.12 0.06 0.17 0.15 0.05 0.10 0.17 0.16 0.11 0.17 0.17 0.23 0.08 0.19 0.20 0.15 0.21
0.31 0.15 0.22 0.10 0.09 0.15 0.15 0.22 0.23 0.01 0.27 0.21 0.09 0.29 0.14 0.00 0.24 0.17 0.26 0.20 0.31 0.20 0.11 0.14 0.31 0.30 0.25 0.21 0.31 0.37 0.06 0.33 0.34 0.29 0.36
0.08 0.14 0.03 0.15 0.24 0.09 0.15 0.35 0.07 0.24 0.19 0.36 0.18 0.05 0.19 0.24 0.00 0.25 0.24 0.18 0.23 0.35 0.24 0.10 0.28 0.18 0.30 0.36 0.27 0.25 0.18 0.11 0.31 0.30 0.15
0.16 0.11 0.22 0.14 0.15 0.15 0.10 0.10 0.18 0.17 0.10 0.12 0.09 0.22 0.06 0.17 0.25 0.00 0.09 0.06 0.14 0.10 0.06 0.16 0.14 0.13 0.07 0.11 0.14 0.20 0.13 0.16 0.17 0.12 0.18
0.15 0.10 0.21 0.16 0.24 0.15 0.11 0.11 0.17 0.26 0.05 0.12 0.17 0.21 0.12 0.26 0.24 0.09 0.00 0.05 0.06 0.11 0.14 0.15 0.05 0.06 0.07 0.12 0.06 0.12 0.19 0.12 0.09 0.06 0.10
0.11 0.05 0.16 0.11 0.18 0.09 0.06 0.17 0.12 0.21 0.07 0.18 0.12 0.15 0.06 0.20 0.18 0.06 0.05 0.00 0.11 0.16 0.09 0.10 0.11 0.10 0.12 0.17 0.11 0.17 0.14 0.13 0.14 0.11 0.15
0.15 0.16 0.20 0.22 0.29 0.16 0.17 0.12 0.16 0.32 0.04 0.15 0.23 0.20 0.17 0.31 0.23 0.14 0.06 0.11 0.00 0.15 0.20 0.17 0.06 0.05 0.07 0.13 0.04 0.06 0.25 0.12 0.08 0.07 0.08
0.26 0.21 0.32 0.24 0.15 0.26 0.20 0.06 0.28 0.19 0.16 0.02 0.17 0.32 0.15 0.20 0.35 0.10 0.11 0.16 0.15 0.00 0.11 0.26 0.14 0.17 0.08 0.04 0.15 0.21 0.23 0.24 0.17 0.12 0.20
0.20 0.10 0.21 0.13 0.09 0.15 0.09 0.11 0.17 0.12 0.16 0.12 0.06 0.21 0.05 0.11 0.24 0.06 0.14 0.09 0.20 0.11 0.00 0.15 0.20 0.18 0.13 0.12 0.20 0.26 0.12 0.22 0.23 0.18 0.24
0.17 0.05 0.08 0.05 0.15 0.01 0.06 0.26 0.09 0.15 0.13 0.27 0.09 0.15 0.10 0.14 0.10 0.16 0.15 0.10 0.17 0.26 0.15 0.00 0.20 0.15 0.21 0.27 0.18 0.23 0.08 0.19 0.22 0.21 0.21
0.20 0.15 0.26 0.21 0.29 0.19 0.16 0.09 0.21 0.31 0.10 0.14 0.22 0.26 0.17 0.31 0.28 0.14 0.05 0.11 0.06 0.14 0.20 0.20 0.00 0.11 0.06 0.10 0.02 0.06 0.25 0.17 0.03 0.02 0.13
0.10 0.14 0.15 0.20 0.28 0.14 0.15 0.17 0.11 0.30 0.03 0.18 0.21 0.15 0.16 0.30 0.18 0.13 0.06 0.10 0.05 0.17 0.18 0.15 0.11 0.00 0.12 0.18 0.09 0.07 0.24 0.07 0.13 0.12 0.06
0.22 0.16 0.28 0.20 0.23 0.21 0.15 0.05 0.23 0.25 0.11 0.08 0.16 0.27 0.11 0.25 0.30 0.07 0.07 0.12 0.07 0.08 0.13 0.21 0.06 0.12 0.00 0.06 0.07 0.12 0.18 0.19 0.10 0.04 0.15
0.27 0.21 0.33 0.25 0.19 0.27 0.21 0.01 0.29 0.21 0.17 0.04 0.17 0.33 0.17 0.21 0.36 0.11 0.12 0.17 0.13 0.04 0.12 0.27 0.10 0.18 0.06 0.00 0.10 0.16 0.24 0.25 0.13 0.08 0.21
0.18 0.16 0.24 0.22 0.29 0.18 0.17 0.09 0.20 0.32 0.08 0.15 0.23 0.24 0.17 0.31 0.27 0.14 0.06 0.11 0.04 0.15 0.20 0.18 0.02 0.09 0.07 0.10 0.00 0.06 0.25 0.16 0.04 0.03 0.12
0.17 0.21 0.23 0.28 0.35 0.21 0.23 0.15 0.18 0.37 0.10 0.21 0.29 0.22 0.23 0.37 0.25 0.20 0.12 0.17 0.06 0.21 0.26 0.23 0.06 0.07 0.12 0.16 0.06 0.00 0.31 0.14 0.06 0.08 0.10
0.25 0.09 0.16 0.03 0.12 0.09 0.08 0.23 0.17 0.07 0.21 0.24 0.06 0.23 0.08 0.06 0.18 0.13 0.19 0.14 0.25 0.23 0.12 0.08 0.25 0.24 0.18 0.24 0.25 0.31 0.00 0.27 0.28 0.23 0.29
0.03 0.17 0.11 0.24 0.31 0.17 0.18 0.24 0.10 0.33 0.08 0.25 0.25 0.08 0.19 0.33 0.11 0.16 0.12 0.13 0.12 0.24 0.22 0.19 0.17 0.07 0.19 0.25 0.16 0.14 0.27 0.00 0.20 0.18 0.04
0.22 0.18 0.28 0.25 0.32 0.21 0.20 0.12 0.24 0.34 0.12 0.17 0.26 0.28 0.20 0.34 0.31 0.17 0.09 0.14 0.08 0.17 0.23 0.22 0.03 0.13 0.10 0.13 0.04 0.06 0.28 0.20 0.00 0.05 0.15
0.21 0.15 0.27 0.20 0.27 0.21 0.15 0.07 0.23 0.29 0.11 0.12 0.21 0.27 0.15 0.29 0.30 0.12 0.06 0.11 0.07 0.12 0.18 0.21 0.02 0.12 0.04 0.08 0.03 0.08 0.23 0.18 0.05 0.00 0.15
0.07 0.20 0.14 0.26 0.34 0.20 0.21 0.20 0.13 0.36 0.08 0.21 0.27 0.12 0.21 0.36 0.15 0.18 0.10 0.15 0.08 0.20 0.24 0.21 0.13 0.06 0.15 0.21 0.12 0.10 0.29 0.04 0.15 0.15 0.00
Team_tasks_times:
Team 0:
1: 4.00 1.00 0.25
2: 4.00 1.00 0.25
3: 4.00 1.00 0.25
4: 3.00
5: 4.00 1.00 0.25
6: 2.00 1.00 2.00 2.00 0.75
7: 4.00 1.00 0.25
8: 3.00
9: 3.00
10: 3.00
11: 3.00
12: 4.00 1.00 0.25
13: 3.00
14: 3.00
15: 4.00 1.00 0.25
16: 2.00 1.00 2.00 2.00 0.75
17: 3.00
18: 3.00
19: 3.00
20: 2.00 1.00 2.00 2.00 0.75
21: 3.00
22: 2.00 1.00 2.00 2.00 0.75
23: 3.00
24: 4.00 1.00 0.25
25: 2.00 1.00 2.00 2.00 0.75
26: 3.00
27: 3.00
28: 3.00
29: 2.00 1.00 2.00 2.00 0.75
30: 4.00 1.00 0.25
31: 3.00
32: 2.00 1.00 2.00 2.00 0.75
33: 4.00 1.00 0.25
34: 4.00 1.00 0.25
Team 1:
1: 1.00 1.00 1.00
2: 1.00 1.00 1.00
3: 1.00 1.00 1.00
4: 3.00
5: 1.00 1.00 1.00
6: 1.00 2.00 4.00 1.00 0.75
7: 1.00 1.00 1.00
8: 3.00
9: 3.00
10: 3.00
11: 3.00
12: 1.00 1.00 1.00
13: 3.00
14: 3.00
15: 1.00 1.00 1.00
16: 1.00 2.00 4.00 1.00 0.75
17: 3.00
18: 3.00
19: 3.00
20: 1.00 2.00 4.00 1.00 0.75
21: 3.00
22: 1.00 2.00 4.00 1.00 0.75
23: 3.00
24: 1.00 1.00 1.00
25: 1.00 2.00 4.00 1.00 0.75
26: 3.00
27: 3.00
28: 3.00
29: 1.00 2.00 4.00 1.00 0.75
30: 1.00 1.00 1.00
31: 3.00
32: 1.00 2.00 4.00 1.00 0.75
33: 1.00 1.00 1.00
34: 1.00 1.00 1.00
Team 2:
1: 1.00 0.50 0.25
2: 1.00 0.50 0.25
3: 1.00 0.50 0.25
4: 3.00
5: 1.00 0.50 0.25
6: 4.00 1.00 2.00 1.00 1.50
7: 1.00 0.50 0.25
8: 3.00
9: 3.00
10: 3.00
11: 3.00
12: 1.00 0.50 0.25
13: 3.00
14: 3.00
15: 1.00 0.50 0.25
16: 4.00 1.00 2.00 1.00 1.50
17: 3.00
18: 3.00
19: 3.00
20: 4.00 1.00 2.00 1.00 1.50
21: 3.00
22: 4.00 1.00 2.00 1.00 1.50
23: 3.00
24: 1.00 0.50 0.25
25: 4.00 1.00 2.00 1.00 1.50
26: 3.00
27: 3.00
28: 3.00
29: 4.00 1.00 2.00 1.00 1.50
30: 1.00 0.50 0.25
31: 3.00
32: 4.00 1.00 2.00 1.00 1.50
33: 1.00 0.50 0.25
34: 1.00 0.50 0.25
