Number_of_customers: 35
Number_of_teams: 3
Number_of_services: 3
Customers_requested_services:
0 0 0 1 0 0 2 0 0 0 0 1 0 1 1 2 0 1 1 0 1 2 1 0 0 2 2 1 2 0 0 1 1 0
Daily_available_time: 8
Service 0:
Number_of_tasks: 1
Dependencies:
0: 
Service 1:
Number_of_tasks: 3
Dependencies:
0: 1 2
1: 
2: 
Service 2:
Number_of_tasks: 5
Dependencies:
0: 
1: 
2: 4
3: 
4: 0 1 3
Travel_times:
0.00 0.14 0.19 0.11 0.15 0.17 0.11 0.10 0.04 0.20 0.11 0.21 0.15 0.17 0.14 0.23 0.07 0.21 0.21 0.21 0.05 0.15 0.21 0.14 0.15 0.12 0.26 0.08 0.24 0.15 0.18 0.17 0.12 0.14 0.29
0.14 0.00 0.26 0.24 0.08 0.11 0.19 0.22 0.10 0.14 0.08 0.20 0.09 0.21 0.05 0.09 0.14 0.12 0.07 0.28 0.09 0.08 0.28 0.21 0.07 0.13 0.20 0.11 0.15 0.17 0.25 0.03 0.18 0.21 0.15
0.19 0.26 0.00 0.28 0.18 0.36 0.23 0.26 0.20 0.39 0.30 0.06 0.17 0.04 0.31 0.26 0.14 0.14 0.26 0.12 0.21 0.34 0.03 0.17 0.33 0.13 0.09 0.15 0.11 0.08 0.11 0.25 0.07 0.13 0.15
0.11 0.24 0.28 0.00 0.25 0.24 0.09 0.07 0.14 0.23 0.16 0.31 0.25 0.28 0.24 0.34 0.14 0.32 0.31 0.18 0.15 0.17 0.27 0.12 0.25 0.23 0.37 0.18 0.35 0.25 0.17 0.28 0.21 0.15 0.40
0.15 0.08 0.18 0.25 0.00 0.18 0.20 0.23 0.11 0.21 0.12 0.12 0.01 0.14 0.13 0.08 0.12 0.07 0.08 0.20 0.10 0.16 0.20 0.14 0.15 0.05 0.12 0.07 0.09 0.10 0.17 0.07 0.10 0.12 0.14
0.17 0.11 0.36 0.24 0.18 0.00 0.28 0.27 0.17 0.04 0.08 0.30 0.20 0.32 0.06 0.10 0.25 0.22 0.10 0.38 0.15 0.07 0.39 0.32 0.03 0.23 0.30 0.21 0.25 0.28 0.35 0.11 0.29 0.31 0.22
0.11 0.19 0.23 0.09 0.20 0.28 0.00 0.03 0.12 0.31 0.21 0.26 0.20 0.22 0.23 0.28 0.08 0.26 0.26 0.11 0.14 0.26 0.21 0.06 0.25 0.17 0.31 0.13 0.29 0.20 0.12 0.22 0.15 0.10 0.34
0.10 0.22 0.26 0.07 0.23 0.27 0.03 0.00 0.12 0.30 0.20 0.29 0.23 0.26 0.22 0.31 0.12 0.30 0.29 0.14 0.13 0.25 0.25 0.09 0.24 0.20 0.34 0.16 0.32 0.23 0.15 0.25 0.19 0.13 0.37
0.04 0.10 0.20 0.14 0.11 0.17 0.12 0.12 0.00 0.20 0.10 0.17 0.11 0.15 0.11 0.19 0.08 0.17 0.17 0.22 0.02 0.14 0.22 0.15 0.14 0.08 0.22 0.04 0.20 0.12 0.19 0.13 0.12 0.15 0.25
0.20 0.14 0.39 0.23 0.21 0.04 0.31 0.30 0.20 0.00 0.10 0.33 0.23 0.35 0.09 0.13 0.28 0.25 0.13 0.41 0.18 0.05 0.42 0.35 0.06 0.26 0.33 0.24 0.28 0.31 0.38 0.14 0.32 0.34 0.25
0.11 0.08 0.30 0.16 0.12 0.08 0.21 0.20 0.10 0.10 0.00 0.24 0.13 0.25 0.08 0.17 0.18 0.16 0.15 0.32 0.08 0.04 0.32 0.25 0.09 0.17 0.24 0.14 0.18 0.21 0.29 0.12 0.22 0.24 0.24
0.21 0.20 0.06 0.31 0.12 0.30 0.26 0.29 0.17 0.33 0.24 0.00 0.11 0.03 0.25 0.20 0.17 0.08 0.20 0.15 0.15 0.28 0.09 0.20 0.27 0.09 0.06 0.13 0.05 0.06 0.14 0.19 0.10 0.16 0.09
0.15 0.09 0.17 0.25 0.01 0.20 0.20 0.23 0.11 0.23 0.13 0.11 0.00 0.12 0.14 0.10 0.11 0.07 0.10 0.18 0.10 0.17 0.19 0.14 0.17 0.04 0.12 0.07 0.10 0.08 0.15 0.09 0.09 0.11 0.15
0.17 0.21 0.04 0.28 0.14 0.32 0.22 0.26 0.15 0.35 0.25 0.03 0.12 0.00 0.27 0.22 0.14 0.10 0.22 0.12 0.17 0.30 0.07 0.17 0.29 0.09 0.09 0.11 0.07 0.04 0.10 0.21 0.07 0.12 0.12
0.14 0.05 0.31 0.24 0.13 0.06 0.23 0.22 0.11 0.09 0.08 0.25 0.14 0.27 0.00 0.09 0.19 0.17 0.07 0.33 0.09 0.07 0.33 0.26 0.03 0.18 0.25 0.15 0.20 0.23 0.30 0.06 0.23 0.26 0.16
0.23 0.09 0.26 0.34 0.08 0.10 0.28 0.31 0.19 0.13 0.17 0.20 0.10 0.22 0.09 0.00 0.20 0.12 0.03 0.28 0.18 0.17 0.29 0.22 0.08 0.13 0.20 0.15 0.15 0.18 0.25 0.06 0.18 0.21 0.12
0.07 0.14 0.14 0.14 0.12 0.25 0.08 0.12 0.08 0.28 0.18 0.17 0.11 0.14 0.19 0.20 0.00 0.18 0.17 0.14 0.10 0.22 0.14 0.07 0.21 0.09 0.23 0.04 0.21 0.12 0.11 0.14 0.07 0.07 0.26
0.21 0.12 0.14 0.32 0.07 0.22 0.26 0.30 0.17 0.25 0.16 0.08 0.07 0.10 0.17 0.12 0.18 0.00 0.12 0.16 0.16 0.20 0.17 0.21 0.19 0.09 0.08 0.14 0.03 0.07 0.14 0.11 0.11 0.17 0.08
0.21 0.07 0.26 0.31 0.08 0.10 0.26 0.29 0.17 0.13 0.15 0.20 0.10 0.22 0.07 0.03 0.17 0.12 0.00 0.28 0.15 0.14 0.29 0.21 0.07 0.13 0.20 0.13 0.15 0.18 0.25 0.04 0.18 0.21 0.12
0.21 0.28 0.12 0.18 0.20 0.38 0.11 0.14 0.22 0.41 0.32 0.15 0.18 0.12 0.33 0.28 0.14 0.16 0.28 0.00 0.24 0.36 0.11 0.07 0.35 0.15 0.21 0.17 0.18 0.10 0.03 0.27 0.10 0.07 0.24
0.05 0.09 0.21 0.15 0.10 0.15 0.14 0.13 0.02 0.18 0.08 0.15 0.10 0.17 0.09 0.18 0.10 0.16 0.15 0.24 0.00 0.12 0.24 0.17 0.12 0.09 0.21 0.06 0.19 0.13 0.21 0.12 0.14 0.16 0.24
0.15 0.08 0.34 0.17 0.16 0.07 0.26 0.25 0.14 0.05 0.04 0.28 0.17 0.30 0.07 0.17 0.22 0.20 0.14 0.36 0.12 0.00 0.37 0.29 0.08 0.21 0.28 0.19 0.23 0.26 0.33 0.11 0.27 0.29 0.23
0.21 0.28 0.03 0.27 0.20 0.39 0.21 0.25 0.22 0.42 0.32 0.09 0.19 0.07 0.33 0.29 0.14 0.17 0.29 0.11 0.24 0.37 0.00 0.16 0.36 0.15 0.10 0.18 0.14 0.11 0.10 0.28 0.10 0.12 0.17
0.14 0.21 0.17 0.12 0.14 0.32 0.06 0.09 0.15 0.35 0.25 0.20 0.14 0.17 0.26 0.22 0.07 0.21 0.21 0.07 0.17 0.29 0.16 0.00 0.29 0.11 0.25 0.11 0.23 0.14 0.06 0.20 0.10 0.04 0.28
0.15 0.07 0.33 0.25 0.15 0.03 0.25 0.24 0.14 0.06 0.09 0.27 0.17 0.29 0.03 0.08 0.21 0.19 0.07 0.35 0.12 0.08 0.36 0.29 0.00 0.20 0.27 0.18 0.22 0.25 0.32 0.08 0.26 0.28 0.19
0.12 0.13 0.13 0.23 0.05 0.23 0.17 0.20 0.08 0.26 0.17 0.09 0.04 0.09 0.18 0.13 0.09 0.09 0.13 0.15 0.09 0.21 0.15 0.11 0.20 0.00 0.14 0.04 0.12 0.05 0.12 0.12 0.06 0.08 0.17
0.26 0.20 0.09 0.37 0.12 0.30 0.31 0.34 0.22 0.33 0.24 0.06 0.12 0.09 0.25 0.20 0.23 0.08 0.20 0.21 0.21 0.28 0.10 0.25 0.27 0.14 0.00 0.18 0.05 0.11 0.19 0.19 0.15 0.21 0.09
0.08 0.11 0.15 0.18 0.07 0.21 0.13 0.16 0.04 0.24 0.14 0.13 0.07 0.11 0.15 0.15 0.04 0.14 0.13 0.17 0.06 0.19 0.18 0.11 0.18 0.04 0.18 0.00 0.16 0.07 0.14 0.10 0.08 0.10 0.21
0.24 0.15 0.11 0.35 0.09 0.25 0.29 0.32 0.20 0.28 0.18 0.05 0.10 0.07 0.20 0.15 0.21 0.03 0.15 0.18 0.19 0.23 0.14 0.23 0.22 0.12 0.05 0.16 0.00 0.09 0.17 0.14 0.14 0.19 0.05
0.15 0.17 0.08 0.25 0.10 0.28 0.20 0.23 0.12 0.31 0.21 0.06 0.08 0.04 0.23 0.18 0.12 0.07 0.18 0.10 0.13 0.26 0.11 0.14 0.25 0.05 0.11 0.07 0.09 0.00 0.08 0.17 0.04 0.10 0.14
0.18 0.25 0.11 0.17 0.17 0.35 0.12 0.15 0.19 0.38 0.29 0.14 0.15 0.10 0.30 0.25 0.11 0.14 0.25 0.03 0.21 0.33 0.10 0.06 0.32 0.12 0.19 0.14 0.17 0.08 0.00 0.24 0.07 0.04 0.22
0.17 0.03 0.25 0.28 0.07 0.11 0.22 0.25 0.13 0.14 0.12 0.19 0.09 0.21 0.06 0.06 0.14 0.11 0.04 0.27 0.12 0.11 0.28 0.20 0.08 0.12 0.19 0.10 0.14 0.17 0.24 0.00 0.17 0.20 0.12
0.12 0.18 0.07 0.21 0.10 0.29 0.15 0.19 0.12 0.32 0.22 0.10 0.09 0.07 0.23 0.18 0.07 0.11 0.18 0.10 0.14 0.27 0.10 0.10 0.26 0.06 0.15 0.08 0.14 0.04 0.07 0.17 0.00 0.06 0.18
0.14 0.21 0.13 0.15 0.12 0.31 0.10 0.13 0.15 0.34 0.24 0.16 0.11 0.12 0.26 0.21 0.07 0.17 0.21 0.07 0.16 0.29 0.12 0.04 0.28 0.08 0.21 0.10 0.19 0.10 0.04 0.20 0.06 0.00 0.24
0.29 0.15 0.15 0.40 0.14 0.22 0.34 0.37 0.25 0.25 0.24 0.09 0.15 0.12 0.16 0.12 0.26 0.08 0.12 0.24 0.24 0.23 0.17 0.28 0.19 0.17 0.09 0.21 0.05 0.14 0.22 0.12 0.18 0.24 0.00
Team_tasks_times:
Team 0:
1: 4.00
2: 4.00
3: 4.00
4: 0.50 3.00 4.00
5: 4.00
6: 4.00
7: 3.00 1.00 1.00 3.00 1.00
8: 4.00
9: 4.00
10: 4.00
11: 4.00
12: 0.50 3.00 4.00
13: 4.00
14: 0.50 3.00 4.00
15: 0.50 3.00 4.00
16: 3.00 1.00 1.00 3.00 1.00
17: 4.00
18: 0.50 3.00 4.00
19: 0.50 3.00 4.00
20: 4.00
21: 0.50 3.00 4.00
22: 3.00 1.00 1.00 3.00 1.00
23: 0.50 3.00 4.00
24: 4.00
25: 4.00
26: 3.00 1.00 1.00 3.00 1.00
27: 3.00 1.00 1.00 3.00 1.00
28: 0.50 3.00 4.00
29: 3.00 1.00 1.00 3.00 1.00
30: 4.00
31: 4.00
32: 0.50 3.00 4.00
33: 0.50 3.00 4.00
34: 4.00
Team 1:
1: 2.00
2: 2.00
3: 2.00
4: 0.50 0.75 1.00
5: 2.00
6: 2.00
7: 1.50 1.00 1.00 0.75 1.00
8: 2.00
9: 2.00
10: 2.00
11: 2.00
12: 0.50 0.75 1.00
13: 2.00
14: 0.50 0.75 1.00
15: 0.50 0.75 1.00
16: 1.50 1.00 1.00 0.75 1.00
17: 2.00
18: 0.50 0.75 1.00
19: 0.50 0.75 1.00
20: 2.00
21: 0.50 0.75 1.00
22: 1.50 1.00 1.00 0.75 1.00
23: 0.50 0.75 1.00
24: 2.00
25: 2.00
26: 1.50 1.00 1.00 0.75 1.00
27: 1.50 1.00 1.00 0.75 1.00
28: 0.50 0.75 1.00
29: 1.50 1.00 1.00 0.75 1.00
30: 2.00
31: 2.00
32: 0.50 0.75 1.00
33: 0.50 0.75 1.00
34: 2.00
Team 2:
1: 1.00
2: 1.00
3: 1.00
4: 1.00 0.75 4.00
5: 1.00
6: 1.00
7: 0.75 1.00 0.25 0.75 1.00
8: 1.00
9: 1.00
10: 1.00
11: 1.00
12: 1.00 0.75 4.00
13: 1.00
14: 1.00 0.75 4.00
15: 1.00 0.75 4.00
16: 0.75 1.00 0.25 0.75 1.00
17: 1.00
18: 1.00 0.75 4.00
19: 1.00 0.75 4.00
20: 1.00
21: 1.00 0.75 4.00
22: 0.75 1.00 0.25 0.75 1.00
23: 1.00 0.75 4.00
24: 1.00
25: 1.00
26: 0.75 1.00 0.25 0.75 1.00
27: 0.75 1.00 0.25 0.75 1.00
28: 1.00 0.75 4.00
29: 0.75 1.00 0.25 0.75 1.00
30: 1.00
31: 1.00
32: 1.00 0.75 4.00
33: 1.00 0.75 4.00
34: 1.00
