Number_of_customers: 35
Number_of_teams: 3
Number_of_services: 3
Customers_requested_services:
1 0 1 0 2 0 1 1 0 0 0 1 2 0 2 1 2 2 1 1 2 1 1 1 0 0 1 1 1 1 0 1 0 1
Daily_available_time: 8
Service 0:
Number_of_tasks: 1
Dependencies:
0: 
Service 1:
Number_of_tasks: 3
Dependencies:
0: 2
1: 
2: 1
Service 2:
Number_of_tasks: 5
Dependencies:
0: 
1: 0
2: 0
3: 0
4: 1 2 3
Travel_times:
0.00 0.22 0.21 0.10 0.18 0.22 0.08 0.15 0.05 0.04 0.25 0.13 0.10 0.18 0.16 0.17 0.07 0.15 0.08 0.14 0.06 0.12 0.27 0.14 0.12 0.09 0.13 0.23 0.07 0.15 0.13 0.23 0.16 0.30 0.08
0.22 0.00 0.01 0.23 0.04 0.10 0.22 0.08 0.17 0.19 0.20 0.09 0.12 0.07 0.20 0.07 0.17 0.07 0.17 0.30 0.25 0.20 0.18 0.07 0.20 0.31 0.26 0.02 0.21 0.37 0.16 0.17 0.24 0.21 0.14
0.21 0.01 0.00 0.22 0.04 0.10 0.21 0.07 0.16 0.19 0.20 0.08 0.11 0.08 0.21 0.08 0.16 0.06 0.17 0.29 0.24 0.21 0.17 0.07 0.21 0.30 0.26 0.01 0.21 0.36 0.17 0.17 0.23 0.21 0.13
0.10 0.23 0.22 0.00 0.18 0.23 0.18 0.15 0.08 0.06 0.15 0.14 0.11 0.18 0.21 0.18 0.06 0.16 0.18 0.07 0.04 0.21 0.17 0.15 0.21 0.08 0.04 0.23 0.02 0.14 0.17 0.14 0.06 0.20 0.09
0.18 0.04 0.04 0.18 0.00 0.10 0.18 0.06 0.13 0.15 0.16 0.07 0.10 0.07 0.20 0.07 0.13 0.03 0.17 0.26 0.21 0.20 0.18 0.07 0.20 0.27 0.22 0.05 0.17 0.33 0.16 0.15 0.20 0.21 0.10
0.22 0.10 0.10 0.23 0.10 0.00 0.27 0.08 0.17 0.19 0.20 0.17 0.20 0.17 0.30 0.17 0.17 0.10 0.27 0.30 0.25 0.30 0.08 0.17 0.30 0.31 0.26 0.08 0.21 0.37 0.26 0.17 0.24 0.14 0.16
0.08 0.22 0.21 0.18 0.18 0.27 0.00 0.23 0.10 0.12 0.33 0.13 0.10 0.18 0.16 0.17 0.15 0.17 0.07 0.22 0.14 0.06 0.35 0.14 0.04 0.11 0.21 0.23 0.15 0.15 0.13 0.31 0.24 0.38 0.11
0.15 0.08 0.07 0.15 0.06 0.08 0.23 0.00 0.13 0.12 0.12 0.12 0.16 0.13 0.26 0.13 0.09 0.06 0.23 0.22 0.17 0.26 0.12 0.12 0.26 0.23 0.18 0.09 0.14 0.29 0.22 0.09 0.16 0.15 0.12
0.05 0.17 0.16 0.08 0.13 0.17 0.10 0.13 0.00 0.03 0.23 0.08 0.05 0.13 0.13 0.12 0.06 0.10 0.10 0.13 0.08 0.13 0.25 0.09 0.13 0.14 0.12 0.17 0.06 0.20 0.09 0.22 0.15 0.28 0.03
0.04 0.19 0.19 0.06 0.15 0.19 0.12 0.12 0.03 0.00 0.21 0.11 0.07 0.15 0.15 0.15 0.04 0.12 0.12 0.10 0.06 0.15 0.23 0.12 0.15 0.11 0.10 0.20 0.04 0.17 0.11 0.20 0.12 0.26 0.06
0.25 0.20 0.20 0.15 0.16 0.20 0.33 0.12 0.23 0.21 0.00 0.23 0.26 0.24 0.36 0.24 0.18 0.16 0.33 0.11 0.19 0.36 0.13 0.23 0.36 0.22 0.12 0.21 0.17 0.18 0.32 0.03 0.09 0.06 0.22
0.13 0.09 0.08 0.14 0.07 0.17 0.13 0.12 0.08 0.11 0.23 0.00 0.04 0.04 0.14 0.04 0.08 0.07 0.10 0.21 0.16 0.14 0.24 0.01 0.14 0.22 0.18 0.09 0.13 0.28 0.10 0.21 0.15 0.28 0.05
0.10 0.12 0.11 0.11 0.10 0.20 0.10 0.16 0.05 0.07 0.26 0.04 0.00 0.08 0.10 0.07 0.09 0.11 0.07 0.18 0.13 0.10 0.28 0.04 0.10 0.19 0.15 0.12 0.10 0.25 0.06 0.25 0.17 0.31 0.04
0.18 0.07 0.08 0.18 0.07 0.17 0.18 0.13 0.13 0.15 0.24 0.04 0.08 0.00 0.12 0.01 0.13 0.08 0.11 0.26 0.21 0.13 0.25 0.04 0.15 0.27 0.22 0.09 0.17 0.33 0.09 0.22 0.20 0.29 0.10
0.16 0.20 0.21 0.21 0.20 0.30 0.16 0.26 0.13 0.15 0.36 0.14 0.10 0.12 0.00 0.12 0.18 0.20 0.09 0.25 0.19 0.10 0.38 0.14 0.13 0.25 0.24 0.22 0.19 0.31 0.04 0.35 0.27 0.41 0.14
0.17 0.07 0.08 0.18 0.07 0.17 0.17 0.13 0.12 0.15 0.24 0.04 0.07 0.01 0.12 0.00 0.12 0.08 0.10 0.25 0.20 0.13 0.25 0.03 0.15 0.26 0.22 0.09 0.17 0.32 0.09 0.22 0.19 0.29 0.09
0.07 0.17 0.16 0.06 0.13 0.17 0.15 0.09 0.06 0.04 0.18 0.08 0.09 0.13 0.18 0.12 0.00 0.10 0.15 0.13 0.08 0.18 0.20 0.09 0.18 0.14 0.10 0.17 0.04 0.20 0.14 0.16 0.09 0.23 0.04
0.15 0.07 0.06 0.16 0.03 0.10 0.17 0.06 0.10 0.12 0.16 0.07 0.11 0.08 0.20 0.08 0.10 0.00 0.17 0.23 0.18 0.21 0.17 0.07 0.21 0.24 0.20 0.07 0.15 0.30 0.16 0.14 0.17 0.21 0.07
0.08 0.17 0.17 0.18 0.17 0.27 0.07 0.23 0.10 0.12 0.33 0.10 0.07 0.11 0.09 0.10 0.15 0.17 0.00 0.22 0.14 0.04 0.35 0.10 0.04 0.16 0.21 0.18 0.15 0.22 0.06 0.31 0.24 0.38 0.11
0.14 0.30 0.29 0.07 0.26 0.30 0.22 0.22 0.13 0.10 0.11 0.21 0.18 0.26 0.25 0.25 0.13 0.23 0.22 0.00 0.08 0.25 0.22 0.22 0.25 0.11 0.03 0.30 0.08 0.07 0.21 0.12 0.06 0.16 0.16
0.06 0.25 0.24 0.04 0.21 0.25 0.14 0.17 0.08 0.06 0.19 0.16 0.13 0.21 0.19 0.20 0.08 0.18 0.14 0.08 0.00 0.17 0.21 0.17 0.17 0.06 0.07 0.26 0.04 0.12 0.16 0.18 0.11 0.24 0.11
0.12 0.20 0.21 0.21 0.20 0.30 0.06 0.26 0.13 0.15 0.36 0.14 0.10 0.13 0.10 0.13 0.18 0.21 0.04 0.25 0.17 0.00 0.38 0.14 0.04 0.15 0.25 0.22 0.19 0.21 0.07 0.35 0.28 0.41 0.14
0.27 0.18 0.17 0.17 0.18 0.08 0.35 0.12 0.25 0.23 0.13 0.24 0.28 0.25 0.38 0.25 0.20 0.17 0.35 0.22 0.21 0.38 0.00 0.24 0.38 0.24 0.19 0.16 0.19 0.29 0.34 0.10 0.17 0.07 0.24
0.14 0.07 0.07 0.15 0.07 0.17 0.14 0.12 0.09 0.12 0.23 0.01 0.04 0.04 0.14 0.03 0.09 0.07 0.10 0.22 0.17 0.14 0.24 0.00 0.14 0.23 0.19 0.08 0.14 0.29 0.10 0.21 0.16 0.28 0.06
0.12 0.20 0.21 0.21 0.20 0.30 0.04 0.26 0.13 0.15 0.36 0.14 0.10 0.15 0.13 0.15 0.18 0.21 0.04 0.25 0.17 0.04 0.38 0.14 0.00 0.14 0.25 0.22 0.19 0.18 0.10 0.35 0.28 0.41 0.14
0.09 0.31 0.30 0.08 0.27 0.31 0.11 0.23 0.14 0.11 0.22 0.22 0.19 0.27 0.25 0.26 0.14 0.24 0.16 0.11 0.06 0.15 0.24 0.23 0.14 0.00 0.10 0.31 0.09 0.06 0.21 0.21 0.13 0.27 0.17
0.13 0.26 0.26 0.04 0.22 0.26 0.21 0.18 0.12 0.10 0.12 0.18 0.15 0.22 0.24 0.22 0.10 0.20 0.21 0.03 0.07 0.25 0.19 0.19 0.25 0.10 0.00 0.27 0.06 0.10 0.20 0.10 0.03 0.17 0.12
0.23 0.02 0.01 0.23 0.05 0.08 0.23 0.09 0.17 0.20 0.21 0.09 0.12 0.09 0.22 0.09 0.17 0.07 0.18 0.30 0.26 0.22 0.16 0.08 0.22 0.31 0.27 0.00 0.22 0.37 0.18 0.18 0.25 0.19 0.15
0.07 0.21 0.21 0.02 0.17 0.21 0.15 0.14 0.06 0.04 0.17 0.13 0.10 0.17 0.19 0.17 0.04 0.15 0.15 0.08 0.04 0.19 0.19 0.14 0.19 0.09 0.06 0.22 0.00 0.15 0.15 0.16 0.09 0.22 0.07
0.15 0.37 0.36 0.14 0.33 0.37 0.15 0.29 0.20 0.17 0.18 0.28 0.25 0.33 0.31 0.32 0.20 0.30 0.22 0.07 0.12 0.21 0.29 0.29 0.18 0.06 0.10 0.37 0.15 0.00 0.28 0.20 0.13 0.24 0.23
0.13 0.16 0.17 0.17 0.16 0.26 0.13 0.22 0.09 0.11 0.32 0.10 0.06 0.09 0.04 0.09 0.14 0.16 0.06 0.21 0.16 0.07 0.34 0.10 0.10 0.21 0.20 0.18 0.15 0.28 0.00 0.31 0.23 0.37 0.10
0.23 0.17 0.17 0.14 0.15 0.17 0.31 0.09 0.22 0.20 0.03 0.21 0.25 0.22 0.35 0.22 0.16 0.14 0.31 0.12 0.18 0.35 0.10 0.21 0.35 0.21 0.10 0.18 0.16 0.20 0.31 0.00 0.07 0.07 0.21
0.16 0.24 0.23 0.06 0.20 0.24 0.24 0.16 0.15 0.12 0.09 0.15 0.17 0.20 0.27 0.19 0.09 0.17 0.24 0.06 0.11 0.28 0.17 0.16 0.28 0.13 0.03 0.25 0.09 0.13 0.23 0.07 0.00 0.14 0.14
0.30 0.21 0.21 0.20 0.21 0.14 0.38 0.15 0.28 0.26 0.06 0.28 0.31 0.29 0.41 0.29 0.23 0.21 0.38 0.16 0.24 0.41 0.07 0.28 0.41 0.27 0.17 0.19 0.22 0.24 0.37 0.07 0.14 0.00 0.27
0.08 0.14 0.13 0.09 0.10 0.16 0.11 0.12 0.03 0.06 0.22 0.05 0.04 0.10 0.14 0.09 0.04 0.07 0.11 0.16 0.11 0.14 0.24 0.06 0.14 0.17 0.12 0.15 0.07 0.23 0.10 0.21 0.14 0.27 0.00
Team_tasks_times:
Team 0:
1: 1.00 0.25 0.50
2: 1.00
3: 1.00 0.25 0.50
4: 1.00
5: 0.50 1.00 2.00 0.25 0.50
6: 1.00
7: 1.00 0.25 0.50
8: 1.00 0.25 0.50
9: 1.00
10: 1.00
11: 1.00
12: 1.00 0.25 0.50
13: 0.50 1.00 2.00 0.25 0.50
14: 1.00
15: 0.50 1.00 2.00 0.25 0.50
16: 1.00 0.25 0.50
17: 0.50 1.00 2.00 0.25 0.50
18: 0.50 1.00 2.00 0.25 0.50
19: 1.00 0.25 0.50
20: 1.00 0.25 0.50
21: 0.50 1.00 2.00 0.25 0.50
22: 1.00 0.25 0.50
23: 1.00 0.25 0.50
24: 1.00 0.25 0.50
25: 1.00
26: 1.00
27: 1.00 0.25 0.50
28: 1.00 0.25 0.50
29: 1.00 0.25 0.50
30: 1.00 0.25 0.50
31: 1.00
32: 1.00 0.25 0.50
33: 1.00
34: 1.00 0.25 0.50
Team 1:
1: 2.00 1.00 0.50
2: 0.50
3: 2.00 1.00 0.50
4: 0.50
5: 0.25 4.00 1.00 0.25 0.50
6: 0.50
7: 2.00 1.00 0.50
8: 2.00 1.00 0.50
9: 0.50
10: 0.50
11: 0.50
12: 2.00 1.00 0.50
13: 0.25 4.00 1.00 0.25 0.50
14: 0.50
15: 0.25 4.00 1.00 0.25 0.50
16: 2.00 1.00 0.50
17: 0.25 4.00 1.00 0.25 0.50
18: 0.25 4.00 1.00 0.25 0.50
19: 2.00 1.00 0.50
20: 2.00 1.00 0.50
21: 0.25 4.00 1.00 0.25 0.50
22: 2.00 1.00 0.50
23: 2.00 1.00 0.50
24: 2.00 1.00 0.50
25: 0.50
26: 0.50
27: 2.00 1.00 0.50
28: 2.00 1.00 0.50
29: 2.00 1.00 0.50
30: 2.00 1.00 0.50
31: 0.50
32: 2.00 1.00 0.50
33: 0.50
34: 2.00 1.00 0.50
Team 2:
1: 1.00 0.25 1.00
2: 1.00
3: 1.00 0.25 1.00
4: 1.00
5: 1.00 1.00 1.00 1.00 2.00
6: 1.00
7: 1.00 0.25 1.00
8: 1.00 0.25 1.00
9: 1.00
10: 1.00
11: 1.00
12: 1.00 0.25 1.00
13: 1.00 1.00 1.00 1.00 2.00
14: 1.00
15: 1.00 1.00 1.00 1.00 2.00
16: 1.00 0.25 1.00
17: 1.00 1.00 1.00 1.00 2.00
18: 1.00 1.00 1.00 1.00 2.00
19: 1.00 0.25 1.00
20: 1.00 0.25 1.00
21: 1.00 1.00 1.00 1.00 2.00
22: 1.00 0.25 1.00
23: 1.00 0.25 1.00
24: 1.00 0.25 1.00
25: 1.00
26: 1.00
27: 1.00 0.25 1.00
28: 1.00 0.25 1.00
29: 1.00 0.25 1.00
30: 1.00 0.25 1.00
31: 1.00
32: 1.00 0.25 1.00
33: 1.00
34: 1.00 0.25 1.00
