Number_of_customers: 35
Number_of_teams: 3
Number_of_services: 3
Customers_requested_services:
2 1 1 1 2 1 2 2 1 2 1 0 2 0 2 0 1 1 2 1 1 2 2 1 0 1 0 1 1 2 1 1 1 0
Daily_available_time: 8
Service 0:
Number_of_tasks: 1
Dependencies:
0: 
Service 1:
Number_of_tasks: 3
Dependencies:
0: 2
1: 2
2: 
Service 2:
Number_of_tasks: 5
Dependencies:
0: 
1: 0 2
2: 
3: 0 2
4: 0 2
Travel_times:
0.00 0.20 0.21 0.29 0.04 0.18 0.25 0.29 0.15 0.18 0.14 0.15 0.12 0.09 0.17 0.08 0.06 0.03 0.24 0.18 0.05 0.08 0.15 0.22 0.29 0.08 0.07 0.25 0.14 0.12 0.14 0.15 0.09 0.21 0.24
0.20 0.00 0.04 0.09 0.21 0.12 0.05 0.14 0.12 0.02 0.18 0.06 0.15 0.25 0.16 0.28 0.24 0.19 0.09 0.02 0.25 0.14 0.12 0.26 0.09 0.14 0.17 0.09 0.34 0.13 0.12 0.10 0.18 0.20 0.22
0.21 0.04 0.00 0.13 0.25 0.17 0.09 0.10 0.17 0.06 0.15 0.05 0.20 0.29 0.20 0.24 0.20 0.18 0.04 0.07 0.21 0.18 0.08 0.22 0.13 0.12 0.21 0.05 0.30 0.09 0.17 0.15 0.23 0.15 0.18
0.29 0.09 0.13 0.00 0.25 0.14 0.04 0.23 0.15 0.11 0.28 0.15 0.17 0.26 0.17 0.37 0.33 0.28 0.17 0.11 0.34 0.21 0.21 0.35 0.09 0.23 0.21 0.13 0.43 0.22 0.15 0.15 0.21 0.29 0.31
0.04 0.21 0.25 0.25 0.00 0.14 0.23 0.33 0.10 0.19 0.18 0.20 0.07 0.04 0.12 0.13 0.11 0.07 0.29 0.18 0.10 0.07 0.20 0.27 0.24 0.13 0.04 0.30 0.18 0.17 0.09 0.11 0.04 0.26 0.28
0.18 0.12 0.17 0.14 0.14 0.00 0.15 0.25 0.04 0.11 0.17 0.12 0.06 0.12 0.03 0.26 0.22 0.17 0.21 0.10 0.23 0.10 0.12 0.24 0.11 0.12 0.11 0.22 0.32 0.11 0.04 0.04 0.10 0.17 0.20
0.25 0.05 0.09 0.04 0.23 0.15 0.00 0.18 0.14 0.07 0.23 0.11 0.18 0.27 0.18 0.33 0.29 0.24 0.13 0.07 0.30 0.17 0.17 0.31 0.11 0.19 0.19 0.09 0.39 0.18 0.15 0.12 0.21 0.24 0.27
0.29 0.14 0.10 0.23 0.33 0.25 0.18 0.00 0.25 0.14 0.15 0.13 0.28 0.38 0.29 0.23 0.23 0.26 0.05 0.15 0.24 0.27 0.13 0.12 0.23 0.21 0.29 0.10 0.20 0.17 0.25 0.23 0.31 0.08 0.08
0.15 0.12 0.17 0.15 0.10 0.04 0.14 0.25 0.00 0.11 0.13 0.12 0.04 0.13 0.04 0.23 0.18 0.13 0.20 0.10 0.20 0.07 0.12 0.21 0.14 0.09 0.07 0.21 0.29 0.08 0.01 0.02 0.07 0.17 0.20
0.18 0.02 0.06 0.11 0.19 0.11 0.07 0.14 0.11 0.00 0.16 0.04 0.14 0.24 0.15 0.26 0.22 0.17 0.09 0.01 0.23 0.13 0.10 0.24 0.11 0.12 0.15 0.11 0.32 0.11 0.11 0.09 0.17 0.17 0.20
0.14 0.18 0.15 0.28 0.18 0.17 0.23 0.15 0.13 0.16 0.00 0.12 0.13 0.22 0.15 0.10 0.07 0.11 0.11 0.16 0.09 0.12 0.07 0.09 0.27 0.05 0.14 0.15 0.15 0.06 0.12 0.13 0.16 0.07 0.10
0.15 0.06 0.05 0.15 0.20 0.12 0.11 0.13 0.12 0.04 0.12 0.00 0.15 0.24 0.15 0.22 0.18 0.13 0.09 0.04 0.19 0.14 0.06 0.20 0.15 0.08 0.16 0.10 0.28 0.07 0.12 0.10 0.18 0.14 0.16
0.12 0.15 0.20 0.17 0.07 0.06 0.18 0.28 0.04 0.14 0.13 0.15 0.00 0.09 0.05 0.20 0.16 0.11 0.24 0.13 0.17 0.04 0.15 0.22 0.17 0.08 0.04 0.25 0.26 0.12 0.03 0.06 0.04 0.21 0.23
0.09 0.25 0.29 0.26 0.04 0.12 0.27 0.38 0.13 0.24 0.22 0.24 0.09 0.00 0.09 0.17 0.15 0.12 0.33 0.23 0.14 0.11 0.24 0.31 0.21 0.17 0.08 0.34 0.23 0.21 0.12 0.15 0.06 0.30 0.32
0.17 0.16 0.20 0.17 0.12 0.03 0.18 0.29 0.04 0.15 0.15 0.15 0.05 0.09 0.00 0.25 0.21 0.15 0.24 0.14 0.22 0.09 0.15 0.23 0.12 0.11 0.09 0.25 0.31 0.12 0.04 0.06 0.08 0.21 0.23
0.08 0.28 0.24 0.37 0.13 0.26 0.33 0.23 0.23 0.26 0.10 0.22 0.20 0.17 0.25 0.00 0.04 0.10 0.20 0.26 0.03 0.16 0.16 0.17 0.37 0.14 0.16 0.25 0.08 0.15 0.22 0.23 0.17 0.15 0.18
0.06 0.24 0.20 0.33 0.11 0.22 0.29 0.23 0.18 0.22 0.07 0.18 0.16 0.15 0.21 0.04 0.00 0.05 0.18 0.22 0.01 0.12 0.12 0.16 0.33 0.10 0.12 0.20 0.10 0.11 0.18 0.18 0.12 0.15 0.17
0.03 0.19 0.18 0.28 0.07 0.17 0.24 0.26 0.13 0.17 0.11 0.13 0.11 0.12 0.15 0.10 0.05 0.00 0.21 0.17 0.07 0.07 0.13 0.20 0.28 0.06 0.06 0.23 0.15 0.09 0.12 0.13 0.07 0.18 0.21
0.24 0.09 0.04 0.17 0.29 0.21 0.13 0.05 0.20 0.09 0.11 0.09 0.24 0.33 0.24 0.20 0.18 0.21 0.00 0.10 0.19 0.22 0.09 0.18 0.17 0.16 0.25 0.05 0.26 0.12 0.20 0.18 0.27 0.11 0.14
0.18 0.02 0.07 0.11 0.18 0.10 0.07 0.15 0.10 0.01 0.16 0.04 0.13 0.23 0.14 0.26 0.22 0.17 0.10 0.00 0.23 0.12 0.10 0.24 0.11 0.12 0.14 0.12 0.32 0.11 0.10 0.08 0.16 0.17 0.20
0.05 0.25 0.21 0.34 0.10 0.23 0.30 0.24 0.20 0.23 0.09 0.19 0.17 0.14 0.22 0.03 0.01 0.07 0.19 0.23 0.00 0.13 0.13 0.17 0.34 0.11 0.13 0.21 0.09 0.12 0.19 0.20 0.14 0.16 0.19
0.08 0.14 0.18 0.21 0.07 0.10 0.17 0.27 0.07 0.13 0.12 0.14 0.04 0.11 0.09 0.16 0.12 0.07 0.22 0.12 0.13 0.00 0.14 0.20 0.21 0.06 0.03 0.23 0.22 0.10 0.06 0.07 0.04 0.19 0.21
0.15 0.12 0.08 0.21 0.20 0.12 0.17 0.13 0.12 0.10 0.07 0.06 0.15 0.24 0.15 0.16 0.12 0.13 0.09 0.10 0.13 0.14 0.00 0.14 0.21 0.07 0.16 0.10 0.22 0.04 0.12 0.10 0.18 0.07 0.10
0.22 0.26 0.22 0.35 0.27 0.24 0.31 0.12 0.21 0.24 0.09 0.20 0.22 0.31 0.23 0.17 0.16 0.20 0.18 0.24 0.17 0.20 0.14 0.00 0.35 0.14 0.23 0.23 0.08 0.13 0.20 0.21 0.25 0.07 0.04
0.29 0.09 0.13 0.09 0.24 0.11 0.11 0.23 0.14 0.11 0.27 0.15 0.17 0.21 0.12 0.37 0.33 0.28 0.17 0.11 0.34 0.21 0.21 0.35 0.00 0.23 0.21 0.17 0.43 0.22 0.15 0.14 0.20 0.28 0.31
0.08 0.14 0.12 0.23 0.13 0.12 0.19 0.21 0.09 0.12 0.05 0.08 0.08 0.17 0.11 0.14 0.10 0.06 0.16 0.12 0.11 0.06 0.07 0.14 0.23 0.00 0.09 0.17 0.20 0.04 0.08 0.09 0.11 0.13 0.15
0.07 0.17 0.21 0.21 0.04 0.11 0.19 0.29 0.07 0.15 0.14 0.16 0.04 0.08 0.09 0.16 0.12 0.06 0.25 0.14 0.13 0.03 0.16 0.23 0.21 0.09 0.00 0.26 0.21 0.12 0.06 0.07 0.02 0.21 0.24
0.25 0.09 0.05 0.13 0.30 0.22 0.09 0.10 0.21 0.11 0.15 0.10 0.25 0.34 0.25 0.25 0.20 0.23 0.05 0.12 0.21 0.23 0.10 0.23 0.17 0.17 0.26 0.00 0.30 0.13 0.21 0.19 0.28 0.16 0.18
0.14 0.34 0.30 0.43 0.18 0.32 0.39 0.20 0.29 0.32 0.15 0.28 0.26 0.23 0.31 0.08 0.10 0.15 0.26 0.32 0.09 0.22 0.22 0.08 0.43 0.20 0.21 0.30 0.00 0.21 0.28 0.29 0.23 0.15 0.12
0.12 0.13 0.09 0.22 0.17 0.11 0.18 0.17 0.08 0.11 0.06 0.07 0.12 0.21 0.12 0.15 0.11 0.09 0.12 0.11 0.12 0.10 0.04 0.13 0.22 0.04 0.12 0.13 0.21 0.00 0.08 0.07 0.15 0.09 0.12
0.14 0.12 0.17 0.15 0.09 0.04 0.15 0.25 0.01 0.11 0.12 0.12 0.03 0.12 0.04 0.22 0.18 0.12 0.20 0.10 0.19 0.06 0.12 0.20 0.15 0.08 0.06 0.21 0.28 0.08 0.00 0.02 0.06 0.17 0.20
0.15 0.10 0.15 0.15 0.11 0.04 0.12 0.23 0.02 0.09 0.13 0.10 0.06 0.15 0.06 0.23 0.18 0.13 0.18 0.08 0.20 0.07 0.10 0.21 0.14 0.09 0.07 0.19 0.29 0.07 0.02 0.00 0.09 0.15 0.17
0.09 0.18 0.23 0.21 0.04 0.10 0.21 0.31 0.07 0.17 0.16 0.18 0.04 0.06 0.08 0.17 0.12 0.07 0.27 0.16 0.14 0.04 0.18 0.25 0.20 0.11 0.02 0.28 0.23 0.15 0.06 0.09 0.00 0.24 0.26
0.21 0.20 0.15 0.29 0.26 0.17 0.24 0.08 0.17 0.17 0.07 0.14 0.21 0.30 0.21 0.15 0.15 0.18 0.11 0.17 0.16 0.19 0.07 0.07 0.28 0.13 0.21 0.16 0.15 0.09 0.17 0.15 0.24 0.00 0.03
0.24 0.22 0.18 0.31 0.28 0.20 0.27 0.08 0.20 0.20 0.10 0.16 0.23 0.32 0.23 0.18 0.17 0.21 0.14 0.20 0.19 0.21 0.10 0.04 0.31 0.15 0.24 0.18 0.12 0.12 0.20 0.17 0.26 0.03 0.00
Team_tasks_times:
Team 0:
1: 500.00 2.00 3.00 4.00 1.50
2: 500.00 1.00 0.75
3: 500.00 1.00 0.75
4: 500.00 1.00 0.75
5: 500.00 2.00 3.00 4.00 1.50
6: 500.00 1.00 0.75
7: 500.00 2.00 3.00 4.00 1.50
8: 500.00 2.00 3.00 4.00 1.50
9: 500.00 1.00 0.75
10: 500.00 2.00 3.00 4.00 1.50
11: 500.00 1.00 0.75
12: 1.00
13: 500.00 2.00 3.00 4.00 1.50
14: 1.00
15: 500.00 2.00 3.00 4.00 1.50
16: 1.00
17: 500.00 1.00 0.75
18: 500.00 1.00 0.75
19: 500.00 2.00 3.00 4.00 1.50
20: 500.00 1.00 0.75
21: 500.00 1.00 0.75
22: 500.00 2.00 3.00 4.00 1.50
23: 500.00 2.00 3.00 4.00 1.50
24: 500.00 1.00 0.75
25: 1.00
26: 500.00 1.00 0.75
27: 1.00
28: 500.00 1.00 0.75
29: 500.00 1.00 0.75
30: 500.00 2.00 3.00 4.00 1.50
31: 500.00 1.00 0.75
32: 500.00 1.00 0.75
33: 500.00 1.00 0.75
34: 1.00
Team 1:
1: 2.00 1.00 0.50 0.50 0.75
2: 1.00 1.00 1.50
3: 1.00 1.00 1.50
4: 1.00 1.00 1.50
5: 2.00 1.00 0.50 0.50 0.75
6: 1.00 1.00 1.50
7: 2.00 1.00 0.50 0.50 0.75
8: 2.00 1.00 0.50 0.50 0.75
9: 1.00 1.00 1.50
10: 2.00 1.00 0.50 0.50 0.75
11: 1.00 1.00 1.50
12: 1.00
13: 2.00 1.00 0.50 0.50 0.75
14: 1.00
15: 2.00 1.00 0.50 0.50 0.75
16: 1.00
17: 1.00 1.00 1.50
18: 1.00 1.00 1.50
19: 2.00 1.00 0.50 0.50 0.75
20: 1.00 1.00 1.50
21: 1.00 1.00 1.50
22: 2.00 1.00 0.50 0.50 0.75
23: 2.00 1.00 0.50 0.50 0.75
24: 1.00 1.00 1.50
25: 1.00
26: 1.00 1.00 1.50
27: 1.00
28: 1.00 1.00 1.50
29: 1.00 1.00 1.50
30: 2.00 1.00 0.50 0.50 0.75
31: 1.00 1.00 1.50
32: 1.00 1.00 1.50
33: 1.00 1.00 1.50
34: 1.00
Team 2:
1: 2000.00 2.00 3.00 0.50 4.00
2: 500.00 1.00 1.50
3: 500.00 1.00 1.50
4: 500.00 1.00 1.50
5: 2000.00 2.00 3.00 0.50 4.00
6: 500.00 1.00 1.50
7: 2000.00 2.00 3.00 0.50 4.00
8: 2000.00 2.00 3.00 0.50 4.00
9: 500.00 1.00 1.50
10: 2000.00 2.00 3.00 0.50 4.00
11: 500.00 1.00 1.50
12: 1.00
13: 2000.00 2.00 3.00 0.50 4.00
14: 1.00
15: 2000.00 2.00 3.00 0.50 4.00
16: 1.00
17: 500.00 1.00 1.50
18: 500.00 1.00 1.50
19: 2000.00 2.00 3.00 0.50 4.00
20: 500.00 1.00 1.50
21: 500.00 1.00 1.50
22: 2000.00 2.00 3.00 0.50 4.00
23: 2000.00 2.00 3.00 0.50 4.00
24: 500.00 1.00 1.50
25: 1.00
26: 500.00 1.00 1.50
27: 1.00
28: 500.00 1.00 1.50
29: 500.00 1.00 1.50
30: 2000.00 2.00 3.00 0.50 4.00
31: 500.00 1.00 1.50
32: 500.00 1.00 1.50
33: 500.00 1.00 1.50
34: 1.00
