Number_of_customers: 35
Number_of_teams: 3
Number_of_services: 3
Customers_requested_services:
0 1 1 1 0 0 1 1 0 2 1 0 1 0 0 0 1 1 0 2 0 0 1 1 0 1 0 1 2 0 2 1 2 2
Daily_available_time: 8
Service 0:
Number_of_tasks: 1
Dependencies:
0: 
Service 1:
Number_of_tasks: 3
Dependencies:
0: 1
1: 
2: 0
Service 2:
Number_of_tasks: 5
Dependencies:
0: 2 3 4
1: 2 3 4
2: 
3: 
4: 
Travel_times:
0.00 0.25 0.09 0.04 0.19 0.19 0.04 0.16 0.03 0.07 0.09 0.16 0.23 0.19 0.14 0.15 0.18 0.19 0.09 0.16 0.15 0.09 0.06 0.14 0.07 0.02 0.18 0.14 0.06 0.09 0.24 0.02 0.19 0.09 0.10
0.25 0.00 0.33 0.29 0.08 0.23 0.23 0.40 0.24 0.32 0.34 0.41 0.26 0.25 0.11 0.22 0.07 0.24 0.33 0.08 0.40 0.16 0.23 0.25 0.32 0.25 0.27 0.39 0.20 0.20 0.22 0.23 0.25 0.27 0.27
0.09 0.33 0.00 0.09 0.28 0.28 0.10 0.07 0.10 0.12 0.16 0.12 0.32 0.28 0.23 0.24 0.27 0.10 0.14 0.25 0.14 0.17 0.11 0.09 0.09 0.11 0.27 0.10 0.13 0.18 0.15 0.11 0.11 0.17 0.07
0.04 0.29 0.09 0.00 0.24 0.19 0.06 0.11 0.06 0.03 0.07 0.12 0.23 0.19 0.18 0.15 0.23 0.19 0.05 0.21 0.11 0.13 0.07 0.14 0.03 0.04 0.18 0.10 0.09 0.09 0.24 0.06 0.19 0.09 0.10
0.19 0.08 0.28 0.24 0.00 0.17 0.17 0.35 0.18 0.26 0.28 0.35 0.18 0.19 0.16 0.17 0.03 0.25 0.28 0.05 0.35 0.11 0.17 0.20 0.26 0.20 0.22 0.33 0.15 0.14 0.30 0.17 0.25 0.21 0.21
0.19 0.23 0.28 0.19 0.17 0.00 0.22 0.25 0.22 0.16 0.12 0.18 0.04 0.02 0.29 0.04 0.16 0.38 0.14 0.18 0.17 0.22 0.25 0.33 0.18 0.17 0.04 0.17 0.25 0.10 0.43 0.20 0.38 0.10 0.29
0.04 0.23 0.10 0.06 0.17 0.22 0.00 0.17 0.01 0.09 0.11 0.18 0.27 0.23 0.12 0.18 0.17 0.15 0.10 0.15 0.17 0.07 0.03 0.11 0.09 0.06 0.22 0.15 0.03 0.13 0.21 0.02 0.16 0.12 0.06
0.16 0.40 0.07 0.11 0.35 0.25 0.17 0.00 0.17 0.09 0.13 0.09 0.29 0.25 0.30 0.21 0.34 0.17 0.11 0.32 0.11 0.24 0.18 0.16 0.09 0.15 0.24 0.07 0.20 0.21 0.18 0.17 0.15 0.14 0.14
0.03 0.24 0.10 0.06 0.18 0.22 0.01 0.17 0.00 0.08 0.10 0.17 0.26 0.22 0.13 0.18 0.17 0.16 0.10 0.15 0.17 0.07 0.03 0.11 0.08 0.05 0.21 0.15 0.04 0.12 0.21 0.02 0.16 0.12 0.07
0.07 0.32 0.12 0.03 0.26 0.16 0.09 0.09 0.08 0.00 0.04 0.09 0.21 0.17 0.21 0.12 0.25 0.22 0.02 0.24 0.08 0.16 0.09 0.17 0.02 0.07 0.15 0.07 0.12 0.12 0.27 0.09 0.22 0.06 0.12
0.09 0.34 0.16 0.07 0.28 0.12 0.11 0.13 0.10 0.04 0.00 0.07 0.16 0.12 0.23 0.11 0.27 0.26 0.02 0.25 0.07 0.17 0.13 0.21 0.07 0.09 0.11 0.06 0.14 0.14 0.31 0.11 0.26 0.07 0.17
0.16 0.41 0.12 0.12 0.35 0.18 0.18 0.09 0.17 0.09 0.07 0.00 0.20 0.16 0.30 0.18 0.34 0.22 0.07 0.33 0.02 0.25 0.18 0.17 0.09 0.16 0.15 0.02 0.21 0.21 0.28 0.18 0.23 0.14 0.14
0.23 0.26 0.32 0.23 0.18 0.04 0.27 0.29 0.26 0.21 0.16 0.20 0.00 0.04 0.34 0.09 0.20 0.42 0.18 0.23 0.19 0.26 0.29 0.37 0.23 0.21 0.07 0.22 0.29 0.14 0.47 0.25 0.42 0.15 0.33
0.19 0.25 0.28 0.19 0.19 0.02 0.23 0.25 0.22 0.17 0.12 0.16 0.04 0.00 0.30 0.04 0.18 0.38 0.15 0.18 0.15 0.22 0.25 0.33 0.19 0.17 0.03 0.18 0.25 0.10 0.44 0.21 0.39 0.11 0.29
0.14 0.11 0.23 0.18 0.16 0.29 0.12 0.30 0.13 0.21 0.23 0.30 0.34 0.30 0.00 0.25 0.13 0.13 0.23 0.11 0.29 0.07 0.12 0.14 0.21 0.14 0.29 0.28 0.09 0.20 0.14 0.12 0.15 0.19 0.16
0.15 0.22 0.24 0.15 0.17 0.04 0.18 0.21 0.18 0.12 0.11 0.18 0.09 0.04 0.25 0.00 0.16 0.34 0.11 0.14 0.18 0.18 0.21 0.29 0.14 0.13 0.05 0.16 0.21 0.06 0.39 0.16 0.34 0.06 0.25
0.18 0.07 0.27 0.23 0.03 0.16 0.17 0.34 0.17 0.25 0.27 0.34 0.20 0.18 0.13 0.16 0.00 0.22 0.27 0.02 0.34 0.10 0.16 0.18 0.25 0.18 0.21 0.32 0.14 0.13 0.27 0.16 0.22 0.20 0.20
0.19 0.24 0.10 0.19 0.25 0.38 0.15 0.17 0.16 0.22 0.26 0.22 0.42 0.38 0.13 0.34 0.22 0.00 0.24 0.20 0.24 0.16 0.13 0.05 0.20 0.21 0.37 0.21 0.13 0.28 0.05 0.18 0.02 0.28 0.09
0.09 0.33 0.14 0.05 0.28 0.14 0.10 0.11 0.10 0.02 0.02 0.07 0.18 0.15 0.23 0.11 0.27 0.24 0.00 0.25 0.07 0.17 0.11 0.19 0.04 0.08 0.14 0.05 0.13 0.14 0.29 0.11 0.24 0.07 0.15
0.16 0.08 0.25 0.21 0.05 0.18 0.15 0.32 0.15 0.24 0.25 0.33 0.23 0.18 0.11 0.14 0.02 0.20 0.25 0.00 0.32 0.08 0.14 0.16 0.23 0.17 0.19 0.30 0.12 0.12 0.25 0.15 0.20 0.18 0.18
0.15 0.40 0.14 0.11 0.35 0.17 0.17 0.11 0.17 0.08 0.07 0.02 0.19 0.15 0.29 0.18 0.34 0.24 0.07 0.32 0.00 0.24 0.17 0.19 0.09 0.15 0.13 0.04 0.20 0.20 0.29 0.17 0.24 0.14 0.15
0.09 0.16 0.17 0.13 0.11 0.22 0.07 0.24 0.07 0.16 0.17 0.25 0.26 0.22 0.07 0.18 0.10 0.16 0.17 0.08 0.24 0.00 0.07 0.11 0.15 0.09 0.21 0.23 0.04 0.12 0.21 0.07 0.16 0.12 0.11
0.06 0.23 0.11 0.07 0.17 0.25 0.03 0.18 0.03 0.09 0.13 0.18 0.29 0.25 0.12 0.21 0.16 0.13 0.11 0.14 0.17 0.07 0.00 0.08 0.09 0.08 0.24 0.16 0.03 0.15 0.18 0.05 0.13 0.15 0.04
0.14 0.25 0.09 0.14 0.20 0.33 0.11 0.16 0.11 0.17 0.21 0.17 0.37 0.33 0.14 0.29 0.18 0.05 0.19 0.16 0.19 0.11 0.08 0.00 0.15 0.16 0.32 0.15 0.08 0.23 0.10 0.13 0.05 0.23 0.04
0.07 0.32 0.09 0.03 0.26 0.18 0.09 0.09 0.08 0.02 0.07 0.09 0.23 0.19 0.21 0.14 0.25 0.20 0.04 0.23 0.09 0.15 0.09 0.15 0.00 0.07 0.18 0.07 0.12 0.12 0.25 0.09 0.20 0.08 0.10
0.02 0.25 0.11 0.04 0.20 0.17 0.06 0.15 0.05 0.07 0.09 0.16 0.21 0.17 0.14 0.13 0.18 0.21 0.08 0.17 0.15 0.09 0.08 0.16 0.07 0.00 0.16 0.14 0.08 0.07 0.26 0.03 0.21 0.07 0.12
0.18 0.27 0.27 0.18 0.22 0.04 0.22 0.24 0.21 0.15 0.11 0.15 0.07 0.03 0.29 0.05 0.21 0.37 0.14 0.19 0.13 0.21 0.24 0.32 0.18 0.16 0.00 0.17 0.24 0.09 0.42 0.20 0.38 0.10 0.28
0.14 0.39 0.10 0.10 0.33 0.17 0.15 0.07 0.15 0.07 0.06 0.02 0.22 0.18 0.28 0.16 0.32 0.21 0.05 0.30 0.04 0.23 0.16 0.15 0.07 0.14 0.17 0.00 0.18 0.19 0.26 0.16 0.21 0.12 0.12
0.06 0.20 0.13 0.09 0.15 0.25 0.03 0.20 0.04 0.12 0.14 0.21 0.29 0.25 0.09 0.21 0.14 0.13 0.13 0.12 0.20 0.04 0.03 0.08 0.12 0.08 0.24 0.18 0.00 0.15 0.18 0.05 0.13 0.15 0.07
0.09 0.20 0.18 0.09 0.14 0.10 0.13 0.21 0.12 0.12 0.14 0.21 0.14 0.10 0.20 0.06 0.13 0.28 0.14 0.12 0.20 0.12 0.15 0.23 0.12 0.07 0.09 0.19 0.15 0.00 0.34 0.11 0.29 0.07 0.19
0.24 0.22 0.15 0.24 0.30 0.43 0.21 0.18 0.21 0.27 0.31 0.28 0.47 0.44 0.14 0.39 0.27 0.05 0.29 0.25 0.29 0.21 0.18 0.10 0.25 0.26 0.42 0.26 0.18 0.34 0.00 0.23 0.05 0.33 0.15
0.02 0.23 0.11 0.06 0.17 0.20 0.02 0.17 0.02 0.09 0.11 0.18 0.25 0.21 0.12 0.16 0.16 0.18 0.11 0.15 0.17 0.07 0.05 0.13 0.09 0.03 0.20 0.16 0.05 0.11 0.23 0.00 0.18 0.10 0.09
0.19 0.25 0.11 0.19 0.25 0.38 0.16 0.15 0.16 0.22 0.26 0.23 0.42 0.39 0.15 0.34 0.22 0.02 0.24 0.20 0.24 0.16 0.13 0.05 0.20 0.21 0.38 0.21 0.13 0.29 0.05 0.18 0.00 0.28 0.10
0.09 0.27 0.17 0.09 0.21 0.10 0.12 0.14 0.12 0.06 0.07 0.14 0.15 0.11 0.19 0.06 0.20 0.28 0.07 0.18 0.14 0.12 0.15 0.23 0.08 0.07 0.10 0.12 0.15 0.07 0.33 0.10 0.28 0.00 0.18
0.10 0.27 0.07 0.10 0.21 0.29 0.06 0.14 0.07 0.12 0.17 0.14 0.33 0.29 0.16 0.25 0.20 0.09 0.15 0.18 0.15 0.11 0.04 0.04 0.10 0.12 0.28 0.12 0.07 0.19 0.15 0.09 0.10 0.18 0.00
Team_tasks_times:
Team 0:
1: 0.50
2: 1.00 0.25 1.00
3: 1.00 0.25 1.00
4: 1.00 0.25 1.00
5: 0.50
6: 0.50
7: 1.00 0.25 1.00
8: 1.00 0.25 1.00
9: 0.50
10: 2.00 1.00 0.50 2.00 0.75
11: 1.00 0.25 1.00
12: 0.50
13: 1.00 0.25 1.00
14: 0.50
15: 0.50
16: 0.50
17: 1.00 0.25 1.00
18: 1.00 0.25 1.00
19: 0.50
20: 2.00 1.00 0.50 2.00 0.75
21: 0.50
22: 0.50
23: 1.00 0.25 1.00
24: 1.00 0.25 1.00
25: 0.50
26: 1.00 0.25 1.00
27: 0.50
28: 1.00 0.25 1.00
29: 2.00 1.00 0.50 2.00 0.75
30: 0.50
31: 2.00 1.00 0.50 2.00 0.75
32: 1.00 0.25 1.00
33: 2.00 1.00 0.50 2.00 0.75
34: 2.00 1.00 0.50 2.00 0.75
Team 1:
1: 0.25
2: 2.00 2.00 0.50
3: 2.00 2.00 0.50
4: 2.00 2.00 0.50
5: 0.25
6: 0.25
7: 2.00 2.00 0.50
8: 2.00 2.00 0.50
9: 0.25
10: 0.50 2.00 1000.00 0.50 1.00
11: 2.00 2.00 0.50
12: 0.25
13: 2.00 2.00 0.50
14: 0.25
15: 0.25
16: 0.25
17: 2.00 2.00 0.50
18: 2.00 2.00 0.50
19: 0.25
20: 0.50 2.00 1000.00 0.50 1.00
21: 0.25
22: 0.25
23: 2.00 2.00 0.50
24: 2.00 2.00 0.50
25: 0.25
26: 2.00 2.00 0.50
27: 0.25
28: 2.00 2.00 0.50
29: 0.50 2.00 1000.00 0.50 1.00
30: 0.25
31: 0.50 2.00 1000.00 0.50 1.00
32: 2.00 2.00 0.50
33: 0.50 2.00 1000.00 0.50 1.00
34: 0.50 2.00 1000.00 0.50 1.00
Team 2:
1: 4.00
2: 4.00 2.00 0.25
3: 4.00 2.00 0.25
4: 4.00 2.00 0.25
5: 4.00
6: 4.00
7: 4.00 2.00 0.25
8: 4.00 2.00 0.25
9: 4.00
10: 4.00 1.00 500.00 3.00 3.00
11: 4.00 2.00 0.25
12: 4.00
13: 4.00 2.00 0.25
14: 4.00
15: 4.00
16: 4.00
17: 4.00 2.00 0.25
18: 4.00 2.00 0.25
19: 4.00
20: 4.00 1.00 500.00 3.00 3.00
21: 4.00
22: 4.00
23: 4.00 2.00 0.25
24: 4.00 2.00 0.25
25: 4.00
26: 4.00 2.00 0.25
27: 4.00
28: 4.00 2.00 0.25
29: 4.00 1.00 500.00 3.00 3.00
30: 4.00
31: 4.00 1.00 500.00 3.00 3.00
32: 4.00 2.00 0.25
33: 4.00 1.00 500.00 3.00 3.00
34: 4.00 1.00 500.00 3.00 3.00
