Number_of_customers: 35
Number_of_teams: 3
Number_of_services: 1
Customers_requested_services:
0 0 0 0 0 0 0 0 0 0 0 0 0 0 0 0 0 0 0 0 0 0 0 0 0 0 0 0 0 0 0 0 0 0
Daily_available_time: 8
Service 0:
Number_of_tasks: 3
Dependencies:
0: 1
1: 
2: 1
Travel_times:
0.00 0.16 0.06 0.09 0.25 0.06 0.10 0.05 0.16 0.23 0.10 0.11 0.28 0.03 0.26 0.12 0.29 0.17 0.04 0.12 0.25 0.07 0.17 0.16 0.11 0.15 0.27 0.17 0.11 0.21 0.11 0.23 0.28 0.20 0.18
0.16 0.00 0.13 0.15 0.10 0.15 0.21 0.21 0.27 0.35 0.21 0.22 0.15 0.17 0.37 0.10 0.20 0.28 0.21 0.23 0.37 0.23 0.20 0.11 0.17 0.06 0.20 0.26 0.23 0.06 0.07 0.12 0.16 0.06 0.02
0.06 0.13 0.00 0.10 0.21 0.02 0.15 0.09 0.21 0.29 0.15 0.17 0.24 0.08 0.31 0.08 0.26 0.23 0.08 0.17 0.31 0.11 0.14 0.13 0.11 0.12 0.24 0.20 0.17 0.18 0.07 0.20 0.25 0.16 0.15
0.09 0.15 0.10 0.00 0.16 0.09 0.06 0.14 0.12 0.20 0.07 0.07 0.19 0.09 0.22 0.06 0.20 0.13 0.13 0.07 0.21 0.16 0.09 0.07 0.02 0.10 0.18 0.10 0.07 0.12 0.08 0.14 0.20 0.11 0.15
0.25 0.10 0.21 0.16 0.00 0.24 0.18 0.29 0.21 0.25 0.23 0.17 0.04 0.25 0.27 0.13 0.10 0.18 0.29 0.13 0.27 0.32 0.10 0.08 0.14 0.09 0.10 0.15 0.23 0.04 0.14 0.02 0.06 0.05 0.10
0.06 0.15 0.02 0.09 0.24 0.00 0.15 0.09 0.21 0.29 0.15 0.16 0.27 0.08 0.31 0.11 0.28 0.22 0.06 0.17 0.31 0.08 0.16 0.15 0.11 0.15 0.26 0.20 0.17 0.20 0.10 0.22 0.27 0.18 0.17
0.10 0.21 0.15 0.06 0.18 0.15 0.00 0.12 0.06 0.14 0.05 0.01 0.21 0.07 0.16 0.12 0.22 0.07 0.13 0.05 0.15 0.14 0.11 0.10 0.05 0.16 0.21 0.10 0.05 0.15 0.14 0.16 0.21 0.16 0.21
0.05 0.21 0.09 0.14 0.29 0.09 0.12 0.00 0.12 0.21 0.07 0.12 0.32 0.04 0.22 0.16 0.34 0.15 0.07 0.17 0.22 0.03 0.22 0.21 0.16 0.20 0.32 0.21 0.08 0.26 0.15 0.28 0.33 0.24 0.23
0.16 0.27 0.21 0.12 0.21 0.21 0.06 0.12 0.00 0.14 0.06 0.05 0.24 0.13 0.10 0.18 0.26 0.07 0.19 0.09 0.10 0.15 0.14 0.16 0.11 0.22 0.24 0.13 0.05 0.21 0.20 0.20 0.25 0.22 0.28
0.23 0.35 0.29 0.20 0.25 0.29 0.14 0.21 0.14 0.00 0.15 0.12 0.20 0.21 0.08 0.25 0.15 0.07 0.27 0.12 0.09 0.24 0.15 0.24 0.18 0.29 0.15 0.09 0.15 0.29 0.28 0.23 0.19 0.29 0.35
0.10 0.21 0.15 0.07 0.23 0.15 0.05 0.07 0.06 0.15 0.00 0.06 0.26 0.07 0.16 0.12 0.27 0.09 0.13 0.10 0.15 0.09 0.15 0.15 0.09 0.16 0.26 0.15 0.01 0.19 0.14 0.21 0.27 0.18 0.21
0.11 0.22 0.17 0.07 0.17 0.16 0.01 0.12 0.05 0.12 0.06 0.00 0.20 0.08 0.15 0.13 0.21 0.06 0.14 0.04 0.15 0.15 0.10 0.11 0.06 0.17 0.20 0.09 0.06 0.16 0.15 0.15 0.21 0.17 0.23
0.28 0.15 0.24 0.19 0.04 0.27 0.21 0.32 0.24 0.20 0.26 0.20 0.00 0.28 0.23 0.16 0.06 0.17 0.32 0.16 0.22 0.35 0.10 0.11 0.17 0.12 0.06 0.11 0.26 0.09 0.17 0.05 0.01 0.09 0.15
0.03 0.17 0.08 0.09 0.25 0.08 0.07 0.04 0.13 0.21 0.07 0.08 0.28 0.00 0.23 0.12 0.29 0.14 0.06 0.12 0.23 0.07 0.18 0.17 0.12 0.16 0.28 0.17 0.09 0.21 0.11 0.23 0.29 0.20 0.18
0.26 0.37 0.31 0.22 0.27 0.31 0.16 0.22 0.10 0.08 0.16 0.15 0.23 0.23 0.00 0.28 0.20 0.09 0.29 0.14 0.01 0.24 0.17 0.26 0.21 0.32 0.19 0.12 0.15 0.31 0.30 0.25 0.21 0.32 0.37
0.12 0.10 0.08 0.06 0.13 0.11 0.12 0.16 0.18 0.25 0.12 0.13 0.16 0.12 0.28 0.00 0.17 0.19 0.16 0.13 0.27 0.19 0.10 0.05 0.07 0.04 0.16 0.16 0.13 0.10 0.03 0.11 0.17 0.08 0.10
0.29 0.20 0.26 0.20 0.10 0.28 0.22 0.34 0.26 0.15 0.27 0.21 0.06 0.29 0.20 0.17 0.00 0.18 0.33 0.17 0.21 0.36 0.12 0.12 0.18 0.15 0.02 0.12 0.27 0.14 0.18 0.08 0.04 0.15 0.21
0.17 0.28 0.23 0.13 0.18 0.22 0.07 0.15 0.07 0.07 0.09 0.06 0.17 0.14 0.09 0.19 0.18 0.00 0.20 0.06 0.09 0.18 0.09 0.17 0.12 0.23 0.17 0.06 0.09 0.22 0.21 0.16 0.17 0.23 0.29
0.04 0.21 0.08 0.13 0.29 0.06 0.13 0.07 0.19 0.27 0.13 0.14 0.32 0.06 0.29 0.16 0.33 0.20 0.00 0.16 0.29 0.05 0.22 0.21 0.15 0.20 0.32 0.21 0.15 0.26 0.15 0.27 0.33 0.24 0.22
0.12 0.23 0.17 0.07 0.13 0.17 0.05 0.17 0.09 0.12 0.10 0.04 0.16 0.12 0.14 0.13 0.17 0.06 0.16 0.00 0.14 0.19 0.06 0.12 0.06 0.17 0.15 0.05 0.10 0.17 0.16 0.11 0.17 0.17 0.23
0.25 0.37 0.31 0.21 0.27 0.31 0.15 0.22 0.10 0.09 0.15 0.15 0.22 0.23 0.01 0.27 0.21 0.09 0.29 0.14 0.00 0.24 0.17 0.26 0.20 0.31 0.20 0.11 0.14 0.31 0.30 0.25 0.21 0.31 0.37
0.07 0.23 0.11 0.16 0.32 0.08 0.14 0.03 0.15 0.24 0.09 0.15 0.35 0.07 0.24 0.19 0.36 0.18 0.05 0.19 0.24 0.00 0.25 0.24 0.18 0.23 0.35 0.24 0.10 0.28 0.18 0.30 0.36 0.27 0.25
0.17 0.20 0.14 0.09 0.10 0.16 0.11 0.22 0.14 0.15 0.15 0.10 0.10 0.18 0.17 0.10 0.12 0.09 0.22 0.06 0.17 0.25 0.00 0.09 0.06 0.14 0.10 0.06 0.16 0.14 0.13 0.07 0.11 0.14 0.20
0.16 0.11 0.13 0.07 0.08 0.15 0.10 0.21 0.16 0.24 0.15 0.11 0.11 0.17 0.26 0.05 0.12 0.17 0.21 0.12 0.26 0.24 0.09 0.00 0.05 0.06 0.11 0.14 0.15 0.05 0.06 0.07 0.12 0.06 0.12
0.11 0.17 0.11 0.02 0.14 0.11 0.05 0.16 0.11 0.18 0.09 0.06 0.17 0.12 0.21 0.07 0.18 0.12 0.15 0.06 0.20 0.18 0.06 0.05 0.00 0.11 0.16 0.09 0.10 0.11 0.10 0.12 0.17 0.11 0.17
0.15 0.06 0.12 0.10 0.09 0.15 0.16 0.20 0.22 0.29 0.16 0.17 0.12 0.16 0.32 0.04 0.15 0.23 0.20 0.17 0.31 0.23 0.14 0.06 0.11 0.00 0.15 0.20 0.17 0.06 0.05 0.07 0.13 0.04 0.06
0.27 0.20 0.24 0.18 0.10 0.26 0.21 0.32 0.24 0.15 0.26 0.20 0.06 0.28 0.19 0.16 0.02 0.17 0.32 0.15 0.20 0.35 0.10 0.11 0.16 0.15 0.00 0.11 0.26 0.14 0.17 0.08 0.04 0.15 0.21
0.17 0.26 0.20 0.10 0.15 0.20 0.10 0.21 0.13 0.09 0.15 0.09 0.11 0.17 0.12 0.16 0.12 0.06 0.21 0.05 0.11 0.24 0.06 0.14 0.09 0.20 0.11 0.00 0.15 0.20 0.18 0.13 0.12 0.20 0.26
0.11 0.23 0.17 0.07 0.23 0.17 0.05 0.08 0.05 0.15 0.01 0.06 0.26 0.09 0.15 0.13 0.27 0.09 0.15 0.10 0.14 0.10 0.16 0.15 0.10 0.17 0.26 0.15 0.00 0.20 0.15 0.21 0.27 0.18 0.23
0.21 0.06 0.18 0.12 0.04 0.20 0.15 0.26 0.21 0.29 0.19 0.16 0.09 0.21 0.31 0.10 0.14 0.22 0.26 0.17 0.31 0.28 0.14 0.05 0.11 0.06 0.14 0.20 0.20 0.00 0.11 0.06 0.10 0.02 0.06
0.11 0.07 0.07 0.08 0.14 0.10 0.14 0.15 0.20 0.28 0.14 0.15 0.17 0.11 0.30 0.03 0.18 0.21 0.15 0.16 0.30 0.18 0.13 0.06 0.10 0.05 0.17 0.18 0.15 0.11 0.00 0.12 0.18 0.09 0.07
0.23 0.12 0.20 0.14 0.02 0.22 0.16 0.28 0.20 0.23 0.21 0.15 0.05 0.23 0.25 0.11 0.08 0.16 0.27 0.11 0.25 0.30 0.07 0.07 0.12 0.07 0.08 0.13 0.21 0.06 0.12 0.00 0.06 0.07 0.12
0.28 0.16 0.25 0.20 0.06 0.27 0.21 0.33 0.25 0.19 0.27 0.21 0.01 0.29 0.21 0.17 0.04 0.17 0.33 0.17 0.21 0.36 0.11 0.12 0.17 0.13 0.04 0.12 0.27 0.10 0.18 0.06 0.00 0.10 0.16
0.20 0.06 0.16 0.11 0.05 0.18 0.16 0.24 0.22 0.29 0.18 0.17 0.09 0.20 0.32 0.08 0.15 0.23 0.24 0.17 0.31 0.27 0.14 0.06 0.11 0.04 0.15 0.20 0.18 0.02 0.09 0.07 0.10 0.00 0.06
0.18 0.02 0.15 0.15 0.10 0.17 0.21 0.23 0.28 0.35 0.21 0.23 0.15 0.18 0.37 0.10 0.21 0.29 0.22 0.23 0.37 0.25 0.20 0.12 0.17 0.06 0.21 0.26 0.23 0.06 0.07 0.12 0.16 0.06 0.00
Team_tasks_times:
Team 0:
1: 2.00 1000.00 1000.00
2: 2.00 1000.00 1000.00
3: 2.00 1000.00 1000.00
4: 2.00 1000.00 1000.00
5: 2.00 1000.00 1000.00
6: 2.00 1000.00 1000.00
7: 2.00 1000.00 1000.00
8: 2.00 1000.00 1000.00
9: 2.00 1000.00 1000.00
10: 2.00 1000.00 1000.00
11: 2.00 1000.00 1000.00
12: 2.00 1000.00 1000.00
13: 2.00 1000.00 1000.00
14: 2.00 1000.00 1000.00
15: 2.00 1000.00 1000.00
16: 2.00 1000.00 1000.00
17: 2.00 1000.00 1000.00
18: 2.00 1000.00 1000.00
19: 2.00 1000.00 1000.00
20: 2.00 1000.00 1000.00
21: 2.00 1000.00 1000.00
22: 2.00 1000.00 1000.00
23: 2.00 1000.00 1000.00
24: 2.00 1000.00 1000.00
25: 2.00 1000.00 1000.00
26: 2.00 1000.00 1000.00
27: 2.00 1000.00 1000.00
28: 2.00 1000.00 1000.00
29: 2.00 1000.00 1000.00
30: 2.00 1000.00 1000.00
31: 2.00 1000.00 1000.00
32: 2.00 1000.00 1000.00
33: 2.00 1000.00 1000.00
34: 2.00 1000.00 1000.00
Team 1:
1: 1000.00 2.00 1000.00
2: 1000.00 2.00 1000.00
3: 1000.00 2.00 1000.00
4: 1000.00 2.00 1000.00
5: 1000.00 2.00 1000.00
6: 1000.00 2.00 1000.00
7: 1000.00 2.00 1000.00
8: 1000.00 2.00 1000.00
9: 1000.00 2.00 1000.00
10: 1000.00 2.00 1000.00
11: 1000.00 2.00 1000.00
12: 1000.00 2.00 1000.00
13: 1000.00 2.00 1000.00
14: 1000.00 2.00 1000.00
15: 1000.00 2.00 1000.00
16: 1000.00 2.00 1000.00
17: 1000.00 2.00 1000.00
18: 1000.00 2.00 1000.00
19: 1000.00 2.00 1000.00
20: 1000.00 2.00 1000.00
21: 1000.00 2.00 1000.00
22: 1000.00 2.00 1000.00
23: 1000.00 2.00 1000.00
24: 1000.00 2.00 1000.00
25: 1000.00 2.00 1000.00
26: 1000.00 2.00 1000.00
27: 1000.00 2.00 1000.00
28: 1000.00 2.00 1000.00
29: 1000.00 2.00 1000.00
30: 1000.00 2.00 1000.00
31: 1000.00 2.00 1000.00
32: 1000.00 2.00 1000.00
33: 1000.00 2.00 1000.00
34: 1000.00 2.00 1000.00
Team 2:
1: 1000.00 1000.00 0.25
2: 1000.00 1000.00 0.25
3: 1000.00 1000.00 0.25
4: 1000.00 1000.00 0.25
5: 1000.00 1000.00 0.25
6: 1000.00 1000.00 0.25
7: 1000.00 1000.00 0.25
8: 1000.00 1000.00 0.25
9: 1000.00 1000.00 0.25
10: 1000.00 1000.00 0.25
11: 1000.00 1000.00 0.25
12: 1000.00 1000.00 0.25
13: 1000.00 1000.00 0.25
14: 1000.00 1000.00 0.25
15: 1000.00 1000.00 0.25
16: 1000.00 1000.00 0.25
17: 1000.00 1000.00 0.25
18: 1000.00 1000.00 0.25
19: 1000.00 1000.00 0.25
20: 1000.00 1000.00 0.25
21: 1000.00 1000.00 0.25
22: 1000.00 1000.00 0.25
23: 1000.00 1000.00 0.25
24: 1000.00 1000.00 0.25
25: 1000.00 1000.00 0.25
26: 1000.00 1000.00 0.25
27: 1000.00 1000.00 0.25
28: 1000.00 1000.00 0.25
29: 1000.00 1000.00 0.25
30: 1000.00 1000.00 0.25
31: 1000.00 1000.00 0.25
32: 1000.00 1000.00 0.25
33: 1000.00 1000.00 0.25
34: 1000.00 1000.00 0.25
