Number_of_customers: 40
Number_of_teams: 3
Number_of_services: 3
Customers_requested_services:
2 2 0 0 0 0 2 1 2 2 2 2 1 1 1 2 1 1 0 2 1 0 0 1 2 2 1 0 1 0 0 2 2 1 1 1 0 2 1
Daily_available_time: 8
Service 0:
Number_of_tasks: 1
Dependencies:
0: 
Service 1:
Number_of_tasks: 3
Dependencies:
0: 
1: 0
2: 0
Service 2:
Number_of_tasks: 5
Dependencies:
0: 
1: 
2: 
3: 0 1 2
4: 0 1 2
Travel_times:
0.00 0.11 0.24 0.07 0.23 0.18 0.27 0.10 0.14 0.24 0.26 0.21 0.15 0.04 0.24 0.21 0.14 0.19 0.13 0.14 0.17 0.23 0.07 0.05 0.20 0.31 0.15 0.08 0.13 0.20 0.20 0.12 0.08 0.27 0.15 0.18 0.21 0.11 0.07 0.22
0.11 0.00 0.18 0.17 0.34 0.11 0.38 0.21 0.24 0.35 0.20 0.32 0.22 0.07 0.21 0.32 0.25 0.24 0.19 0.10 0.11 0.34 0.06 0.06 0.17 0.42 0.26 0.19 0.24 0.31 0.31 0.24 0.19 0.24 0.26 0.11 0.32 0.08 0.07 0.33
0.24 0.18 0.00 0.24 0.15 0.08 0.26 0.28 0.11 0.18 0.02 0.14 0.09 0.24 0.03 0.28 0.29 0.06 0.11 0.11 0.08 0.15 0.17 0.20 0.04 0.24 0.12 0.26 0.36 0.12 0.13 0.26 0.18 0.06 0.33 0.07 0.21 0.13 0.18 0.15
0.07 0.17 0.24 0.00 0.16 0.18 0.21 0.04 0.14 0.17 0.26 0.17 0.15 0.11 0.24 0.14 0.07 0.19 0.13 0.14 0.17 0.16 0.12 0.11 0.20 0.24 0.12 0.01 0.12 0.13 0.16 0.06 0.06 0.27 0.09 0.18 0.15 0.11 0.11 0.15
0.23 0.34 0.15 0.16 0.00 0.24 0.15 0.16 0.10 0.06 0.14 0.04 0.12 0.27 0.12 0.16 0.17 0.10 0.15 0.24 0.23 0.04 0.28 0.28 0.17 0.08 0.07 0.15 0.25 0.03 0.03 0.14 0.15 0.15 0.21 0.23 0.09 0.26 0.27 0.03
0.18 0.11 0.08 0.18 0.24 0.00 0.28 0.21 0.14 0.25 0.10 0.22 0.12 0.18 0.12 0.21 0.22 0.14 0.09 0.04 0.02 0.24 0.11 0.14 0.07 0.32 0.16 0.19 0.30 0.21 0.21 0.20 0.12 0.14 0.27 0.01 0.22 0.07 0.12 0.23
0.27 0.38 0.26 0.21 0.15 0.28 0.00 0.17 0.16 0.09 0.28 0.19 0.17 0.32 0.26 0.07 0.13 0.21 0.19 0.28 0.27 0.11 0.32 0.32 0.22 0.08 0.14 0.19 0.14 0.15 0.18 0.15 0.19 0.29 0.12 0.27 0.06 0.30 0.31 0.12
0.10 0.21 0.28 0.04 0.16 0.21 0.17 0.00 0.17 0.15 0.29 0.21 0.18 0.14 0.28 0.11 0.04 0.23 0.17 0.17 0.20 0.13 0.15 0.14 0.23 0.21 0.16 0.02 0.08 0.16 0.20 0.03 0.09 0.31 0.06 0.21 0.12 0.15 0.14 0.14
0.14 0.24 0.11 0.14 0.10 0.14 0.16 0.17 0.00 0.11 0.12 0.09 0.02 0.17 0.10 0.17 0.18 0.06 0.04 0.14 0.13 0.10 0.18 0.17 0.07 0.18 0.03 0.15 0.26 0.07 0.07 0.15 0.08 0.14 0.23 0.13 0.10 0.16 0.17 0.09
0.24 0.35 0.18 0.17 0.06 0.25 0.09 0.15 0.11 0.00 0.19 0.11 0.13 0.29 0.17 0.10 0.11 0.13 0.16 0.25 0.24 0.03 0.29 0.29 0.18 0.07 0.09 0.16 0.18 0.06 0.10 0.12 0.16 0.21 0.15 0.24 0.03 0.27 0.28 0.04
0.26 0.20 0.02 0.26 0.14 0.10 0.28 0.29 0.12 0.19 0.00 0.12 0.11 0.26 0.02 0.29 0.30 0.07 0.12 0.12 0.09 0.17 0.19 0.21 0.06 0.21 0.14 0.27 0.38 0.13 0.11 0.27 0.20 0.04 0.35 0.09 0.22 0.15 0.19 0.15
0.21 0.32 0.14 0.17 0.04 0.22 0.19 0.21 0.09 0.11 0.12 0.00 0.10 0.26 0.11 0.21 0.21 0.08 0.13 0.22 0.21 0.08 0.27 0.26 0.15 0.11 0.06 0.18 0.29 0.04 0.01 0.19 0.14 0.10 0.26 0.21 0.14 0.25 0.25 0.07
0.15 0.22 0.09 0.15 0.12 0.12 0.17 0.18 0.02 0.13 0.11 0.10 0.00 0.15 0.09 0.18 0.19 0.04 0.03 0.12 0.11 0.12 0.16 0.16 0.05 0.20 0.04 0.16 0.27 0.09 0.09 0.17 0.09 0.12 0.24 0.11 0.12 0.14 0.15 0.11
0.04 0.07 0.24 0.11 0.27 0.18 0.32 0.14 0.17 0.29 0.26 0.26 0.15 0.00 0.24 0.25 0.18 0.19 0.13 0.14 0.17 0.27 0.07 0.04 0.20 0.35 0.20 0.12 0.17 0.24 0.25 0.17 0.12 0.27 0.20 0.18 0.26 0.11 0.07 0.26
0.24 0.21 0.03 0.24 0.12 0.12 0.26 0.28 0.10 0.17 0.02 0.11 0.09 0.24 0.00 0.28 0.28 0.05 0.11 0.11 0.11 0.15 0.17 0.20 0.04 0.20 0.12 0.25 0.36 0.11 0.10 0.26 0.18 0.03 0.33 0.11 0.21 0.14 0.17 0.14
0.21 0.32 0.28 0.14 0.16 0.21 0.07 0.11 0.17 0.10 0.29 0.21 0.18 0.25 0.28 0.00 0.07 0.23 0.17 0.21 0.21 0.12 0.26 0.25 0.23 0.10 0.16 0.13 0.08 0.16 0.20 0.08 0.13 0.31 0.05 0.21 0.07 0.24 0.25 0.14
0.14 0.25 0.29 0.07 0.17 0.22 0.13 0.04 0.18 0.11 0.30 0.21 0.19 0.18 0.28 0.07 0.00 0.24 0.17 0.18 0.21 0.13 0.19 0.18 0.24 0.17 0.17 0.06 0.07 0.17 0.20 0.03 0.10 0.32 0.04 0.22 0.08 0.17 0.18 0.15
0.19 0.24 0.06 0.19 0.10 0.14 0.21 0.23 0.06 0.13 0.07 0.08 0.04 0.19 0.05 0.23 0.24 0.00 0.06 0.14 0.13 0.10 0.18 0.18 0.07 0.17 0.07 0.21 0.31 0.07 0.07 0.21 0.14 0.08 0.28 0.13 0.16 0.17 0.17 0.09
0.13 0.19 0.11 0.13 0.15 0.09 0.19 0.17 0.04 0.16 0.12 0.13 0.03 0.13 0.11 0.17 0.17 0.06 0.00 0.09 0.08 0.14 0.14 0.13 0.07 0.23 0.07 0.15 0.25 0.12 0.12 0.15 0.07 0.14 0.22 0.08 0.13 0.12 0.12 0.14
0.14 0.10 0.11 0.14 0.24 0.04 0.28 0.17 0.14 0.25 0.12 0.22 0.12 0.14 0.11 0.21 0.18 0.14 0.09 0.00 0.03 0.23 0.07 0.10 0.07 0.32 0.16 0.15 0.26 0.21 0.21 0.15 0.09 0.14 0.23 0.04 0.22 0.03 0.07 0.23
0.17 0.11 0.08 0.17 0.23 0.02 0.27 0.20 0.13 0.24 0.09 0.21 0.11 0.17 0.11 0.21 0.21 0.13 0.08 0.03 0.00 0.23 0.10 0.12 0.06 0.31 0.15 0.18 0.28 0.20 0.20 0.18 0.11 0.13 0.25 0.02 0.21 0.05 0.10 0.22
0.23 0.34 0.15 0.16 0.04 0.24 0.11 0.13 0.10 0.03 0.17 0.08 0.12 0.27 0.15 0.12 0.13 0.10 0.14 0.23 0.23 0.00 0.28 0.27 0.16 0.08 0.07 0.15 0.21 0.04 0.07 0.11 0.15 0.18 0.18 0.23 0.06 0.26 0.27 0.01
0.07 0.06 0.17 0.12 0.28 0.11 0.32 0.15 0.18 0.29 0.19 0.27 0.16 0.07 0.17 0.26 0.19 0.18 0.14 0.07 0.10 0.28 0.00 0.03 0.13 0.36 0.21 0.13 0.18 0.25 0.25 0.18 0.13 0.21 0.21 0.11 0.26 0.04 0.01 0.27
0.05 0.06 0.20 0.11 0.28 0.14 0.32 0.14 0.17 0.29 0.21 0.26 0.16 0.04 0.20 0.25 0.18 0.18 0.13 0.10 0.12 0.27 0.03 0.00 0.15 0.36 0.20 0.12 0.17 0.25 0.25 0.17 0.12 0.23 0.20 0.14 0.26 0.07 0.02 0.27
0.20 0.17 0.04 0.20 0.17 0.07 0.22 0.23 0.07 0.18 0.06 0.15 0.05 0.20 0.04 0.23 0.24 0.07 0.07 0.07 0.06 0.16 0.13 0.15 0.00 0.25 0.09 0.21 0.32 0.14 0.14 0.21 0.14 0.07 0.29 0.06 0.16 0.10 0.13 0.15
0.31 0.42 0.24 0.24 0.08 0.32 0.08 0.21 0.18 0.07 0.21 0.11 0.20 0.35 0.20 0.10 0.17 0.17 0.23 0.32 0.31 0.08 0.36 0.36 0.25 0.00 0.15 0.23 0.18 0.11 0.11 0.18 0.23 0.21 0.15 0.31 0.10 0.34 0.35 0.09
0.15 0.26 0.12 0.12 0.07 0.16 0.14 0.16 0.03 0.09 0.14 0.06 0.04 0.20 0.12 0.16 0.17 0.07 0.07 0.16 0.15 0.07 0.21 0.20 0.09 0.15 0.00 0.14 0.24 0.04 0.05 0.14 0.07 0.15 0.21 0.15 0.09 0.18 0.19 0.07
0.08 0.19 0.26 0.01 0.15 0.19 0.19 0.02 0.15 0.16 0.27 0.18 0.16 0.12 0.25 0.13 0.06 0.21 0.15 0.15 0.18 0.15 0.13 0.12 0.21 0.23 0.14 0.00 0.11 0.14 0.17 0.05 0.07 0.29 0.07 0.19 0.13 0.12 0.12 0.14
0.13 0.24 0.36 0.12 0.25 0.30 0.14 0.08 0.26 0.18 0.38 0.29 0.27 0.17 0.36 0.08 0.07 0.31 0.25 0.26 0.28 0.21 0.18 0.17 0.32 0.18 0.24 0.11 0.00 0.25 0.28 0.10 0.17 0.39 0.03 0.30 0.15 0.23 0.18 0.22
0.20 0.31 0.12 0.13 0.03 0.21 0.15 0.16 0.07 0.06 0.13 0.04 0.09 0.24 0.11 0.16 0.17 0.07 0.12 0.21 0.20 0.04 0.25 0.25 0.14 0.11 0.04 0.14 0.25 0.00 0.03 0.14 0.12 0.15 0.21 0.20 0.09 0.23 0.24 0.03
0.20 0.31 0.13 0.16 0.03 0.21 0.18 0.20 0.07 0.10 0.11 0.01 0.09 0.25 0.10 0.20 0.20 0.07 0.12 0.21 0.20 0.07 0.25 0.25 0.14 0.11 0.05 0.17 0.28 0.03 0.00 0.17 0.12 0.11 0.25 0.20 0.12 0.23 0.24 0.06
0.12 0.24 0.26 0.06 0.14 0.20 0.15 0.03 0.15 0.12 0.27 0.19 0.17 0.17 0.26 0.08 0.03 0.21 0.15 0.15 0.18 0.11 0.18 0.17 0.21 0.18 0.14 0.05 0.10 0.14 0.17 0.00 0.07 0.29 0.07 0.20 0.09 0.16 0.17 0.12
0.08 0.19 0.18 0.06 0.15 0.12 0.19 0.09 0.08 0.16 0.20 0.14 0.09 0.12 0.18 0.13 0.10 0.14 0.07 0.09 0.11 0.15 0.13 0.12 0.14 0.23 0.07 0.07 0.17 0.12 0.12 0.07 0.00 0.21 0.15 0.12 0.13 0.11 0.12 0.14
0.27 0.24 0.06 0.27 0.15 0.14 0.29 0.31 0.14 0.21 0.04 0.10 0.12 0.27 0.03 0.31 0.32 0.08 0.14 0.14 0.13 0.18 0.21 0.23 0.07 0.21 0.15 0.29 0.39 0.15 0.11 0.29 0.21 0.00 0.36 0.13 0.24 0.16 0.21 0.17
0.15 0.26 0.33 0.09 0.21 0.27 0.12 0.06 0.23 0.15 0.35 0.26 0.24 0.20 0.33 0.05 0.04 0.28 0.22 0.23 0.25 0.18 0.21 0.20 0.29 0.15 0.21 0.07 0.03 0.21 0.25 0.07 0.15 0.36 0.00 0.27 0.12 0.20 0.19 0.19
0.18 0.11 0.07 0.18 0.23 0.01 0.27 0.21 0.13 0.24 0.09 0.21 0.11 0.18 0.11 0.21 0.22 0.13 0.08 0.04 0.02 0.23 0.11 0.14 0.06 0.31 0.15 0.19 0.30 0.20 0.20 0.20 0.12 0.13 0.27 0.00 0.21 0.07 0.12 0.22
0.21 0.32 0.21 0.15 0.09 0.22 0.06 0.12 0.10 0.03 0.22 0.14 0.12 0.26 0.21 0.07 0.08 0.16 0.13 0.22 0.21 0.06 0.26 0.26 0.16 0.10 0.09 0.13 0.15 0.09 0.12 0.09 0.13 0.24 0.12 0.21 0.00 0.24 0.25 0.07
0.11 0.08 0.13 0.11 0.26 0.07 0.30 0.15 0.16 0.27 0.15 0.25 0.14 0.11 0.14 0.24 0.17 0.17 0.12 0.03 0.05 0.26 0.04 0.07 0.10 0.34 0.18 0.12 0.23 0.23 0.23 0.16 0.11 0.16 0.20 0.07 0.24 0.00 0.05 0.25
0.07 0.07 0.18 0.11 0.27 0.12 0.31 0.14 0.17 0.28 0.19 0.25 0.15 0.07 0.17 0.25 0.18 0.17 0.12 0.07 0.10 0.27 0.01 0.02 0.13 0.35 0.19 0.12 0.18 0.24 0.24 0.17 0.12 0.21 0.19 0.12 0.25 0.05 0.00 0.26
0.22 0.33 0.15 0.15 0.03 0.23 0.12 0.14 0.09 0.04 0.15 0.07 0.11 0.26 0.14 0.14 0.15 0.09 0.14 0.23 0.22 0.01 0.27 0.27 0.15 0.09 0.07 0.14 0.22 0.03 0.06 0.12 0.14 0.17 0.19 0.22 0.07 0.25 0.26 0.00
Team_tasks_times:
Team 0:
1: 1.00 0.75 2.00 4.00 1.00
2: 1.00 0.75 2.00 4.00 1.00
3: 4.00
4: 4.00
5: 4.00
6: 4.00
7: 1.00 0.75 2.00 4.00 1.00
8: 3.00 1.00 1.00
9: 1.00 0.75 2.00 4.00 1.00
10: 1.00 0.75 2.00 4.00 1.00
11: 1.00 0.75 2.00 4.00 1.00
12: 1.00 0.75 2.00 4.00 1.00
13: 3.00 1.00 1.00
14: 3.00 1.00 1.00
15: 3.00 1.00 1.00
16: 1.00 0.75 2.00 4.00 1.00
17: 3.00 1.00 1.00
18: 3.00 1.00 1.00
19: 4.00
20: 1.00 0.75 2.00 4.00 1.00
21: 3.00 1.00 1.00
22: 4.00
23: 4.00
24: 3.00 1.00 1.00
25: 1.00 0.75 2.00 4.00 1.00
26: 1.00 0.75 2.00 4.00 1.00
27: 3.00 1.00 1.00
28: 4.00
29: 3.00 1.00 1.00
30: 4.00
31: 4.00
32: 1.00 0.75 2.00 4.00 1.00
33: 1.00 0.75 2.00 4.00 1.00
34: 3.00 1.00 1.00
35: 3.00 1.00 1.00
36: 3.00 1.00 1.00
37: 4.00
38: 1.00 0.75 2.00 4.00 1.00
39: 3.00 1.00 1.00
Team 1:
1: 1.00 1.50 2.00 1.00 1.00
2: 1.00 1.50 2.00 1.00 1.00
3: 1.00
4: 1.00
5: 1.00
6: 1.00
7: 1.00 1.50 2.00 1.00 1.00
8: 1.50 2.00 0.25
9: 1.00 1.50 2.00 1.00 1.00
10: 1.00 1.50 2.00 1.00 1.00
11: 1.00 1.50 2.00 1.00 1.00
12: 1.00 1.50 2.00 1.00 1.00
13: 1.50 2.00 0.25
14: 1.50 2.00 0.25
15: 1.50 2.00 0.25
16: 1.00 1.50 2.00 1.00 1.00
17: 1.50 2.00 0.25
18: 1.50 2.00 0.25
19: 1.00
20: 1.00 1.50 2.00 1.00 1.00
21: 1.50 2.00 0.25
22: 1.00
23: 1.00
24: 1.50 2.00 0.25
25: 1.00 1.50 2.00 1.00 1.00
26: 1.00 1.50 2.00 1.00 1.00
27: 1.50 2.00 0.25
28: 1.00
29: 1.50 2.00 0.25
30: 1.00
31: 1.00
32: 1.00 1.50 2.00 1.00 1.00
33: 1.00 1.50 2.00 1.00 1.00
34: 1.50 2.00 0.25
35: 1.50 2.00 0.25
36: 1.50 2.00 0.25
37: 1.00
38: 1.00 1.50 2.00 1.00 1.00
39: 1.50 2.00 0.25
Team 2:
1: 1.00 1.50 4.00 1.00 1.00
2: 1.00 1.50 4.00 1.00 1.00
3: 2.00
4: 2.00
5: 2.00
6: 2.00
7: 1.00 1.50 4.00 1.00 1.00
8: 0.75 2.00 0.25
9: 1.00 1.50 4.00 1.00 1.00
10: 1.00 1.50 4.00 1.00 1.00
11: 1.00 1.50 4.00 1.00 1.00
12: 1.00 1.50 4.00 1.00 1.00
13: 0.75 2.00 0.25
14: 0.75 2.00 0.25
15: 0.75 2.00 0.25
16: 1.00 1.50 4.00 1.00 1.00
17: 0.75 2.00 0.25
18: 0.75 2.00 0.25
19: 2.00
20: 1.00 1.50 4.00 1.00 1.00
21: 0.75 2.00 0.25
22: 2.00
23: 2.00
24: 0.75 2.00 0.25
25: 1.00 1.50 4.00 1.00 1.00
26: 1.00 1.50 4.00 1.00 1.00
27: 0.75 2.00 0.25
28: 2.00
29: 0.75 2.00 0.25
30: 2.00
31: 2.00
32: 1.00 1.50 4.00 1.00 1.00
33: 1.00 1.50 4.00 1.00 1.00
34: 0.75 2.00 0.25
35: 0.75 2.00 0.25
36: 0.75 2.00 0.25
37: 2.00
38: 1.00 1.50 4.00 1.00 1.00
39: 0.75 2.00 0.25
