Number_of_customers: 40
Number_of_teams: 3
Number_of_services: 3
Customers_requested_services:
0 2 1 1 2 0 1 0 0 0 0 2 2 1 1 0 0 2 0 0 0 0 2 2 2 1 2 2 1 2 0 0 2 2 1 2 1 1 1
Daily_available_time: 8
Service 0:
Number_of_tasks: 1
Dependencies:
0: 
Service 1:
Number_of_tasks: 3
Dependencies:
0: 1
1: 
2: 1
Service 2:
Number_of_tasks: 5
Dependencies:
0: 1 2 3 4
1: 
2: 
3: 
4: 
Travel_times:
0.00 0.17 0.17 0.13 0.14 0.15 0.14 0.16 0.11 0.14 0.14 0.08 0.21 0.19 0.14 0.07 0.14 0.17 0.17 0.15 0.02 0.14 0.17 0.11 0.04 0.05 0.11 0.12 0.14 0.08 0.16 0.13 0.07 0.07 0.07 0.16 0.13 0.16 0.15 0.15
0.17 0.00 0.14 0.04 0.17 0.32 0.17 0.12 0.28 0.16 0.11 0.14 0.04 0.21 0.31 0.13 0.31 0.20 0.34 0.09 0.16 0.23 0.21 0.28 0.14 0.12 0.28 0.14 0.07 0.25 0.01 0.22 0.10 0.14 0.15 0.33 0.04 0.23 0.20 0.18
0.17 0.14 0.00 0.13 0.07 0.27 0.08 0.27 0.18 0.30 0.03 0.25 0.18 0.36 0.21 0.10 0.22 0.34 0.25 0.23 0.15 0.31 0.34 0.19 0.13 0.17 0.25 0.28 0.21 0.16 0.13 0.30 0.15 0.24 0.09 0.24 0.17 0.14 0.10 0.32
0.13 0.04 0.13 0.00 0.13 0.28 0.14 0.14 0.24 0.17 0.10 0.12 0.08 0.23 0.27 0.10 0.27 0.21 0.31 0.10 0.12 0.20 0.21 0.24 0.10 0.08 0.24 0.15 0.08 0.21 0.03 0.18 0.06 0.11 0.12 0.29 0.04 0.20 0.16 0.19
0.14 0.17 0.07 0.13 0.00 0.25 0.01 0.24 0.11 0.28 0.07 0.23 0.21 0.33 0.14 0.07 0.14 0.32 0.17 0.20 0.12 0.28 0.31 0.11 0.11 0.14 0.23 0.26 0.18 0.13 0.16 0.27 0.12 0.22 0.07 0.16 0.14 0.07 0.03 0.30
0.15 0.32 0.27 0.28 0.25 0.00 0.24 0.31 0.17 0.18 0.24 0.18 0.36 0.12 0.11 0.19 0.13 0.22 0.11 0.30 0.16 0.09 0.11 0.16 0.18 0.20 0.04 0.20 0.29 0.12 0.31 0.10 0.23 0.18 0.18 0.14 0.28 0.26 0.25 0.23
0.14 0.17 0.08 0.14 0.01 0.24 0.00 0.24 0.10 0.27 0.07 0.22 0.21 0.33 0.14 0.07 0.14 0.31 0.17 0.20 0.12 0.28 0.31 0.11 0.10 0.14 0.22 0.25 0.18 0.12 0.16 0.27 0.12 0.21 0.06 0.15 0.14 0.06 0.02 0.29
0.16 0.12 0.27 0.14 0.24 0.31 0.24 0.00 0.26 0.12 0.24 0.12 0.08 0.18 0.29 0.17 0.30 0.09 0.33 0.04 0.15 0.22 0.20 0.27 0.13 0.11 0.27 0.11 0.06 0.24 0.13 0.21 0.12 0.13 0.17 0.32 0.10 0.26 0.24 0.08
0.11 0.28 0.18 0.24 0.11 0.17 0.10 0.26 0.00 0.20 0.18 0.14 0.32 0.25 0.06 0.14 0.04 0.23 0.07 0.26 0.11 0.20 0.23 0.01 0.14 0.16 0.14 0.17 0.24 0.05 0.27 0.19 0.18 0.14 0.12 0.05 0.23 0.10 0.09 0.21
0.14 0.16 0.30 0.17 0.28 0.18 0.27 0.12 0.20 0.00 0.27 0.05 0.17 0.06 0.17 0.20 0.17 0.04 0.21 0.12 0.16 0.10 0.07 0.19 0.17 0.14 0.14 0.02 0.10 0.15 0.17 0.09 0.15 0.06 0.21 0.19 0.14 0.29 0.28 0.04
0.14 0.11 0.03 0.10 0.07 0.24 0.07 0.24 0.18 0.27 0.00 0.22 0.15 0.33 0.21 0.07 0.21 0.31 0.25 0.20 0.12 0.28 0.31 0.18 0.10 0.14 0.22 0.25 0.18 0.15 0.10 0.27 0.12 0.21 0.06 0.23 0.14 0.14 0.10 0.29
0.08 0.14 0.25 0.12 0.23 0.18 0.22 0.12 0.14 0.05 0.22 0.00 0.18 0.11 0.17 0.15 0.17 0.09 0.21 0.12 0.11 0.10 0.09 0.14 0.12 0.09 0.14 0.03 0.11 0.12 0.13 0.08 0.10 0.01 0.16 0.19 0.10 0.24 0.23 0.07
0.21 0.04 0.18 0.08 0.21 0.36 0.21 0.08 0.32 0.17 0.15 0.18 0.00 0.24 0.35 0.17 0.35 0.16 0.38 0.06 0.20 0.27 0.25 0.32 0.17 0.16 0.32 0.16 0.07 0.29 0.05 0.26 0.14 0.18 0.20 0.37 0.08 0.27 0.24 0.14
0.19 0.21 0.36 0.23 0.33 0.12 0.33 0.18 0.25 0.06 0.33 0.11 0.24 0.00 0.19 0.26 0.21 0.10 0.20 0.18 0.21 0.05 0.02 0.24 0.22 0.19 0.11 0.08 0.17 0.20 0.22 0.06 0.21 0.11 0.26 0.22 0.19 0.35 0.33 0.11
0.14 0.31 0.21 0.27 0.14 0.11 0.14 0.29 0.06 0.17 0.21 0.17 0.35 0.19 0.00 0.17 0.03 0.20 0.04 0.29 0.14 0.14 0.17 0.06 0.17 0.19 0.08 0.18 0.27 0.05 0.30 0.13 0.21 0.17 0.15 0.03 0.26 0.16 0.15 0.21
0.07 0.13 0.10 0.10 0.07 0.19 0.07 0.17 0.14 0.20 0.07 0.15 0.17 0.26 0.17 0.00 0.18 0.24 0.21 0.13 0.04 0.21 0.24 0.15 0.03 0.07 0.15 0.18 0.11 0.12 0.12 0.20 0.05 0.14 0.02 0.20 0.09 0.10 0.08 0.22
0.14 0.31 0.22 0.27 0.14 0.13 0.14 0.30 0.04 0.17 0.21 0.17 0.35 0.21 0.03 0.18 0.00 0.21 0.03 0.29 0.15 0.16 0.19 0.03 0.17 0.19 0.11 0.19 0.28 0.06 0.30 0.15 0.21 0.17 0.15 0.02 0.27 0.13 0.12 0.22
0.17 0.20 0.34 0.21 0.32 0.22 0.31 0.09 0.23 0.04 0.31 0.09 0.16 0.10 0.20 0.24 0.21 0.00 0.24 0.11 0.20 0.13 0.11 0.23 0.21 0.17 0.17 0.06 0.13 0.18 0.21 0.12 0.19 0.10 0.25 0.23 0.17 0.33 0.32 0.02
0.17 0.34 0.25 0.31 0.17 0.11 0.17 0.33 0.07 0.21 0.25 0.21 0.38 0.20 0.04 0.21 0.03 0.24 0.00 0.32 0.18 0.15 0.17 0.06 0.21 0.23 0.09 0.22 0.31 0.09 0.33 0.14 0.25 0.20 0.19 0.03 0.30 0.15 0.15 0.25
0.15 0.09 0.23 0.10 0.20 0.30 0.20 0.04 0.26 0.12 0.20 0.12 0.06 0.18 0.29 0.13 0.29 0.11 0.32 0.00 0.14 0.21 0.19 0.26 0.12 0.10 0.26 0.10 0.02 0.23 0.10 0.20 0.08 0.12 0.14 0.31 0.06 0.22 0.21 0.10
0.02 0.16 0.15 0.12 0.12 0.16 0.12 0.15 0.11 0.16 0.12 0.11 0.20 0.21 0.14 0.04 0.15 0.20 0.18 0.14 0.00 0.16 0.19 0.12 0.03 0.04 0.12 0.14 0.13 0.09 0.15 0.15 0.07 0.10 0.05 0.17 0.12 0.14 0.12 0.18
0.14 0.23 0.31 0.20 0.28 0.09 0.28 0.22 0.20 0.10 0.28 0.10 0.27 0.05 0.14 0.21 0.16 0.13 0.15 0.21 0.16 0.00 0.03 0.19 0.17 0.14 0.06 0.11 0.20 0.15 0.22 0.01 0.16 0.09 0.21 0.17 0.19 0.30 0.28 0.14
0.17 0.21 0.34 0.21 0.31 0.11 0.31 0.20 0.23 0.07 0.31 0.09 0.25 0.02 0.17 0.24 0.19 0.11 0.17 0.19 0.19 0.03 0.00 0.22 0.20 0.17 0.09 0.09 0.17 0.18 0.20 0.04 0.19 0.09 0.24 0.20 0.17 0.33 0.31 0.12
0.11 0.28 0.19 0.24 0.11 0.16 0.11 0.27 0.01 0.19 0.18 0.14 0.32 0.24 0.06 0.15 0.03 0.23 0.06 0.26 0.12 0.19 0.22 0.00 0.15 0.16 0.14 0.17 0.25 0.04 0.27 0.18 0.18 0.14 0.12 0.05 0.24 0.10 0.09 0.21
0.04 0.14 0.13 0.10 0.11 0.18 0.10 0.13 0.14 0.17 0.10 0.12 0.17 0.22 0.17 0.03 0.17 0.21 0.21 0.12 0.03 0.17 0.20 0.15 0.00 0.03 0.14 0.15 0.10 0.12 0.12 0.17 0.04 0.11 0.04 0.19 0.09 0.12 0.11 0.19
0.05 0.12 0.17 0.08 0.14 0.20 0.14 0.11 0.16 0.14 0.14 0.09 0.16 0.19 0.19 0.07 0.19 0.17 0.23 0.10 0.04 0.14 0.17 0.16 0.03 0.00 0.16 0.12 0.09 0.14 0.11 0.13 0.02 0.08 0.07 0.21 0.07 0.15 0.14 0.16
0.11 0.28 0.25 0.24 0.23 0.04 0.22 0.27 0.14 0.14 0.22 0.14 0.32 0.11 0.08 0.15 0.11 0.17 0.09 0.26 0.12 0.06 0.09 0.14 0.14 0.16 0.00 0.16 0.25 0.10 0.27 0.06 0.18 0.14 0.16 0.12 0.24 0.24 0.23 0.19
0.12 0.14 0.28 0.15 0.26 0.20 0.25 0.11 0.17 0.02 0.25 0.03 0.16 0.08 0.18 0.18 0.19 0.06 0.22 0.10 0.14 0.11 0.09 0.17 0.15 0.12 0.16 0.00 0.09 0.13 0.15 0.10 0.14 0.04 0.19 0.21 0.12 0.27 0.26 0.04
0.14 0.07 0.21 0.08 0.18 0.29 0.18 0.06 0.24 0.10 0.18 0.11 0.07 0.17 0.27 0.11 0.28 0.13 0.31 0.02 0.13 0.20 0.17 0.25 0.10 0.09 0.25 0.09 0.00 0.22 0.08 0.19 0.06 0.11 0.12 0.30 0.04 0.20 0.19 0.11
0.08 0.25 0.16 0.21 0.13 0.12 0.12 0.24 0.05 0.15 0.15 0.12 0.29 0.20 0.05 0.12 0.06 0.18 0.09 0.23 0.09 0.15 0.18 0.04 0.12 0.14 0.10 0.13 0.22 0.00 0.24 0.14 0.16 0.11 0.10 0.07 0.21 0.15 0.13 0.17
0.16 0.01 0.13 0.03 0.16 0.31 0.16 0.13 0.27 0.17 0.10 0.13 0.05 0.22 0.30 0.12 0.30 0.21 0.33 0.10 0.15 0.22 0.20 0.27 0.12 0.11 0.27 0.15 0.08 0.24 0.00 0.21 0.09 0.13 0.15 0.32 0.03 0.22 0.18 0.19
0.13 0.22 0.30 0.18 0.27 0.10 0.27 0.21 0.19 0.09 0.27 0.08 0.26 0.06 0.13 0.20 0.15 0.12 0.14 0.20 0.15 0.01 0.04 0.18 0.17 0.13 0.06 0.10 0.19 0.14 0.21 0.00 0.15 0.08 0.21 0.16 0.18 0.29 0.28 0.13
0.07 0.10 0.15 0.06 0.12 0.23 0.12 0.12 0.18 0.15 0.12 0.10 0.14 0.21 0.21 0.05 0.21 0.19 0.25 0.08 0.07 0.16 0.19 0.18 0.04 0.02 0.18 0.14 0.06 0.16 0.09 0.15 0.00 0.10 0.06 0.23 0.05 0.14 0.12 0.17
0.07 0.14 0.24 0.11 0.22 0.18 0.21 0.13 0.14 0.06 0.21 0.01 0.18 0.11 0.17 0.14 0.17 0.10 0.20 0.12 0.10 0.09 0.09 0.14 0.11 0.08 0.14 0.04 0.11 0.11 0.13 0.08 0.10 0.00 0.15 0.19 0.10 0.23 0.22 0.08
0.07 0.15 0.09 0.12 0.07 0.18 0.06 0.17 0.12 0.21 0.06 0.16 0.20 0.26 0.15 0.02 0.15 0.25 0.19 0.14 0.05 0.21 0.24 0.12 0.04 0.07 0.16 0.19 0.12 0.10 0.15 0.21 0.06 0.15 0.00 0.17 0.11 0.08 0.07 0.23
0.16 0.33 0.24 0.29 0.16 0.14 0.15 0.32 0.05 0.19 0.23 0.19 0.37 0.22 0.03 0.20 0.02 0.23 0.03 0.31 0.17 0.17 0.20 0.05 0.19 0.21 0.12 0.21 0.30 0.07 0.32 0.16 0.23 0.19 0.17 0.00 0.29 0.12 0.13 0.24
0.13 0.04 0.17 0.04 0.14 0.28 0.14 0.10 0.23 0.14 0.14 0.10 0.08 0.19 0.26 0.09 0.27 0.17 0.30 0.06 0.12 0.19 0.17 0.24 0.09 0.07 0.24 0.12 0.04 0.21 0.03 0.18 0.05 0.10 0.11 0.29 0.00 0.19 0.15 0.16
0.16 0.23 0.14 0.20 0.07 0.26 0.06 0.26 0.10 0.29 0.14 0.24 0.27 0.35 0.16 0.10 0.13 0.33 0.15 0.22 0.14 0.30 0.33 0.10 0.12 0.15 0.24 0.27 0.20 0.15 0.22 0.29 0.14 0.23 0.08 0.12 0.19 0.00 0.04 0.31
0.15 0.20 0.10 0.16 0.03 0.25 0.02 0.24 0.09 0.28 0.10 0.23 0.24 0.33 0.15 0.08 0.12 0.32 0.15 0.21 0.12 0.28 0.31 0.09 0.11 0.14 0.23 0.26 0.19 0.13 0.18 0.28 0.12 0.22 0.07 0.13 0.15 0.04 0.00 0.30
0.15 0.18 0.32 0.19 0.30 0.23 0.29 0.08 0.21 0.04 0.29 0.07 0.14 0.11 0.21 0.22 0.22 0.02 0.25 0.10 0.18 0.14 0.12 0.21 0.19 0.16 0.19 0.04 0.11 0.17 0.19 0.13 0.17 0.08 0.23 0.24 0.16 0.31 0.30 0.00
Team_tasks_times:
Team 0:
1: 0.75
2: 4.00 1.50 2.00 1.00 0.50
3: 0.50 3.00 0.25
4: 0.50 3.00 0.25
5: 4.00 1.50 2.00 1.00 0.50
6: 0.75
7: 0.50 3.00 0.25
8: 0.75
9: 0.75
10: 0.75
11: 0.75
12: 4.00 1.50 2.00 1.00 0.50
13: 4.00 1.50 2.00 1.00 0.50
14: 0.50 3.00 0.25
15: 0.50 3.00 0.25
16: 0.75
17: 0.75
18: 4.00 1.50 2.00 1.00 0.50
19: 0.75
20: 0.75
21: 0.75
22: 0.75
23: 4.00 1.50 2.00 1.00 0.50
24: 4.00 1.50 2.00 1.00 0.50
25: 4.00 1.50 2.00 1.00 0.50
26: 0.50 3.00 0.25
27: 4.00 1.50 2.00 1.00 0.50
28: 4.00 1.50 2.00 1.00 0.50
29: 0.50 3.00 0.25
30: 4.00 1.50 2.00 1.00 0.50
31: 0.75
32: 0.75
33: 4.00 1.50 2.00 1.00 0.50
34: 4.00 1.50 2.00 1.00 0.50
35: 0.50 3.00 0.25
36: 4.00 1.50 2.00 1.00 0.50
37: 0.50 3.00 0.25
38: 0.50 3.00 0.25
39: 0.50 3.00 0.25
Team 1:
1: 3.00
2: 4.00 3.00 0.50 0.50 0.25
3: 1.00 3.00 0.25
4: 1.00 3.00 0.25
5: 4.00 3.00 0.50 0.50 0.25
6: 3.00
7: 1.00 3.00 0.25
8: 3.00
9: 3.00
10: 3.00
11: 3.00
12: 4.00 3.00 0.50 0.50 0.25
13: 4.00 3.00 0.50 0.50 0.25
14: 1.00 3.00 0.25
15: 1.00 3.00 0.25
16: 3.00
17: 3.00
18: 4.00 3.00 0.50 0.50 0.25
19: 3.00
20: 3.00
21: 3.00
22: 3.00
23: 4.00 3.00 0.50 0.50 0.25
24: 4.00 3.00 0.50 0.50 0.25
25: 4.00 3.00 0.50 0.50 0.25
26: 1.00 3.00 0.25
27: 4.00 3.00 0.50 0.50 0.25
28: 4.00 3.00 0.50 0.50 0.25
29: 1.00 3.00 0.25
30: 4.00 3.00 0.50 0.50 0.25
31: 3.00
32: 3.00
33: 4.00 3.00 0.50 0.50 0.25
34: 4.00 3.00 0.50 0.50 0.25
35: 1.00 3.00 0.25
36: 4.00 3.00 0.50 0.50 0.25
37: 1.00 3.00 0.25
38: 1.00 3.00 0.25
39: 1.00 3.00 0.25
Team 2:
1: 0.75
2: 4.00 0.75 2.00 0.50 0.25
3: 0.25 3.00 1.00
4: 0.25 3.00 1.00
5: 4.00 0.75 2.00 0.50 0.25
6: 0.75
7: 0.25 3.00 1.00
8: 0.75
9: 0.75
10: 0.75
11: 0.75
12: 4.00 0.75 2.00 0.50 0.25
13: 4.00 0.75 2.00 0.50 0.25
14: 0.25 3.00 1.00
15: 0.25 3.00 1.00
16: 0.75
17: 0.75
18: 4.00 0.75 2.00 0.50 0.25
19: 0.75
20: 0.75
21: 0.75
22: 0.75
23: 4.00 0.75 2.00 0.50 0.25
24: 4.00 0.75 2.00 0.50 0.25
25: 4.00 0.75 2.00 0.50 0.25
26: 0.25 3.00 1.00
27: 4.00 0.75 2.00 0.50 0.25
28: 4.00 0.75 2.00 0.50 0.25
29: 0.25 3.00 1.00
30: 4.00 0.75 2.00 0.50 0.25
31: 0.75
32: 0.75
33: 4.00 0.75 2.00 0.50 0.25
34: 4.00 0.75 2.00 0.50 0.25
35: 0.25 3.00 1.00
36: 4.00 0.75 2.00 0.50 0.25
37: 0.25 3.00 1.00
38: 0.25 3.00 1.00
39: 0.25 3.00 1.00
