Number_of_customers: 40
Number_of_teams: 3
Number_of_services: 3
Customers_requested_services:
1 2 1 2 2 0 2 2 2 0 1 0 0 1 1 0 1 0 1 1 1 1 2 1 0 2 1 0 0 2 0 0 0 1 0 0 1 1 0
Daily_available_time: 8
Service 0:
Number_of_tasks: 1
Dependencies:
0: 
Service 1:
Number_of_tasks: 3
Dependencies:
0: 2
1: 2
2: 
Service 2:
Number_of_tasks: 5
Dependencies:
0: 
1: 0 2 3 4
2: 
3: 
4: 
Travel_times:
0.00 0.21 0.19 0.19 0.17 0.23 0.09 0.24 0.07 0.19 0.10 0.23 0.21 0.08 0.07 0.24 0.12 0.37 0.23 0.26 0.07 0.24 0.14 0.18 0.06 0.17 0.26 0.30 0.01 0.19 0.25 0.12 0.32 0.13 0.22 0.26 0.19 0.20 0.04 0.21
0.21 0.00 0.15 0.04 0.14 0.18 0.13 0.04 0.15 0.05 0.15 0.03 0.17 0.13 0.25 0.03 0.10 0.16 0.18 0.08 0.14 0.03 0.07 0.03 0.15 0.18 0.21 0.08 0.21 0.14 0.20 0.10 0.10 0.09 0.17 0.05 0.15 0.09 0.18 0.12
0.19 0.15 0.00 0.11 0.28 0.08 0.24 0.11 0.27 0.09 0.29 0.17 0.02 0.21 0.20 0.11 0.07 0.20 0.08 0.23 0.14 0.13 0.16 0.16 0.22 0.32 0.07 0.16 0.20 0.07 0.06 0.17 0.15 0.15 0.04 0.20 0.10 0.05 0.15 0.27
0.19 0.04 0.11 0.00 0.18 0.14 0.14 0.06 0.16 0.01 0.18 0.07 0.12 0.11 0.22 0.05 0.07 0.18 0.14 0.12 0.12 0.05 0.06 0.05 0.13 0.22 0.17 0.11 0.18 0.10 0.16 0.07 0.13 0.06 0.14 0.09 0.12 0.05 0.15 0.16
0.17 0.14 0.28 0.18 0.00 0.32 0.08 0.18 0.11 0.19 0.10 0.11 0.30 0.08 0.20 0.17 0.21 0.21 0.32 0.09 0.15 0.15 0.12 0.12 0.11 0.04 0.35 0.13 0.16 0.28 0.34 0.12 0.17 0.13 0.31 0.10 0.28 0.23 0.13 0.05
0.23 0.18 0.08 0.14 0.32 0.00 0.28 0.15 0.30 0.13 0.33 0.21 0.09 0.25 0.16 0.15 0.11 0.28 0.00 0.26 0.17 0.17 0.20 0.19 0.26 0.36 0.09 0.21 0.23 0.04 0.05 0.20 0.23 0.18 0.04 0.23 0.04 0.11 0.19 0.30
0.09 0.13 0.24 0.14 0.08 0.28 0.00 0.16 0.03 0.15 0.05 0.15 0.26 0.03 0.12 0.15 0.17 0.29 0.28 0.17 0.11 0.15 0.08 0.10 0.03 0.09 0.31 0.21 0.08 0.24 0.30 0.08 0.23 0.09 0.27 0.18 0.24 0.19 0.09 0.13
0.24 0.04 0.11 0.06 0.18 0.15 0.16 0.00 0.18 0.05 0.18 0.07 0.12 0.16 0.28 0.01 0.13 0.13 0.16 0.12 0.17 0.03 0.11 0.06 0.18 0.22 0.17 0.06 0.24 0.15 0.16 0.12 0.07 0.12 0.14 0.09 0.17 0.05 0.21 0.16
0.07 0.15 0.27 0.16 0.11 0.30 0.03 0.18 0.00 0.17 0.02 0.17 0.29 0.06 0.14 0.17 0.20 0.31 0.31 0.20 0.13 0.18 0.11 0.12 0.05 0.12 0.33 0.24 0.07 0.27 0.33 0.10 0.26 0.12 0.30 0.20 0.27 0.21 0.11 0.15
0.19 0.05 0.09 0.01 0.19 0.13 0.15 0.05 0.17 0.00 0.20 0.08 0.11 0.12 0.22 0.04 0.08 0.18 0.13 0.13 0.12 0.05 0.07 0.07 0.13 0.23 0.16 0.11 0.18 0.10 0.15 0.07 0.12 0.06 0.12 0.10 0.12 0.04 0.16 0.17
0.10 0.15 0.29 0.18 0.10 0.33 0.05 0.18 0.02 0.20 0.00 0.17 0.31 0.08 0.17 0.18 0.22 0.31 0.33 0.20 0.15 0.17 0.13 0.13 0.07 0.11 0.36 0.23 0.10 0.29 0.35 0.12 0.25 0.14 0.32 0.20 0.29 0.24 0.14 0.15
0.23 0.03 0.17 0.07 0.11 0.21 0.15 0.07 0.17 0.08 0.17 0.00 0.19 0.15 0.27 0.06 0.12 0.14 0.21 0.06 0.16 0.04 0.10 0.05 0.17 0.15 0.24 0.06 0.23 0.17 0.23 0.12 0.08 0.11 0.20 0.03 0.17 0.12 0.20 0.10
0.21 0.17 0.02 0.12 0.30 0.09 0.26 0.12 0.29 0.11 0.31 0.19 0.00 0.23 0.21 0.13 0.09 0.19 0.09 0.25 0.16 0.15 0.18 0.18 0.24 0.34 0.04 0.18 0.21 0.08 0.04 0.18 0.14 0.17 0.04 0.21 0.11 0.07 0.17 0.29
0.08 0.13 0.21 0.11 0.08 0.25 0.03 0.16 0.06 0.12 0.08 0.15 0.23 0.00 0.12 0.15 0.14 0.29 0.25 0.17 0.07 0.15 0.06 0.10 0.03 0.11 0.28 0.21 0.07 0.21 0.27 0.04 0.23 0.06 0.24 0.18 0.21 0.16 0.06 0.13
0.07 0.25 0.20 0.22 0.20 0.16 0.12 0.28 0.14 0.22 0.17 0.27 0.21 0.12 0.00 0.27 0.15 0.40 0.16 0.29 0.10 0.27 0.17 0.21 0.10 0.21 0.21 0.33 0.07 0.13 0.18 0.15 0.35 0.16 0.17 0.30 0.12 0.23 0.07 0.25
0.24 0.03 0.11 0.05 0.17 0.15 0.15 0.01 0.17 0.04 0.18 0.06 0.13 0.15 0.27 0.00 0.12 0.14 0.15 0.11 0.17 0.02 0.10 0.06 0.18 0.21 0.18 0.06 0.23 0.14 0.17 0.12 0.08 0.11 0.14 0.08 0.16 0.06 0.20 0.15
0.12 0.10 0.07 0.07 0.21 0.11 0.17 0.13 0.20 0.08 0.22 0.12 0.09 0.14 0.15 0.12 0.00 0.26 0.11 0.15 0.07 0.12 0.09 0.09 0.15 0.25 0.14 0.18 0.12 0.07 0.13 0.10 0.20 0.08 0.10 0.15 0.07 0.09 0.09 0.20
0.37 0.16 0.20 0.18 0.21 0.28 0.29 0.13 0.31 0.18 0.31 0.14 0.19 0.29 0.40 0.14 0.26 0.00 0.29 0.11 0.30 0.13 0.23 0.19 0.31 0.20 0.22 0.07 0.36 0.28 0.24 0.25 0.06 0.24 0.24 0.11 0.30 0.17 0.34 0.16
0.23 0.18 0.08 0.14 0.32 0.00 0.28 0.16 0.31 0.13 0.33 0.21 0.09 0.25 0.16 0.15 0.11 0.29 0.00 0.26 0.17 0.17 0.20 0.20 0.26 0.36 0.09 0.21 0.23 0.04 0.05 0.20 0.23 0.19 0.05 0.23 0.04 0.12 0.19 0.30
0.26 0.08 0.23 0.12 0.09 0.26 0.17 0.12 0.20 0.13 0.20 0.06 0.25 0.17 0.29 0.11 0.15 0.11 0.26 0.00 0.19 0.10 0.12 0.08 0.20 0.10 0.29 0.06 0.25 0.22 0.28 0.14 0.11 0.13 0.26 0.03 0.23 0.17 0.23 0.04
0.07 0.14 0.14 0.12 0.15 0.17 0.11 0.17 0.13 0.12 0.15 0.16 0.16 0.07 0.10 0.17 0.07 0.30 0.17 0.19 0.00 0.17 0.07 0.11 0.08 0.18 0.20 0.23 0.06 0.14 0.20 0.05 0.25 0.06 0.17 0.19 0.14 0.13 0.04 0.14
0.24 0.03 0.13 0.05 0.15 0.17 0.15 0.03 0.18 0.05 0.17 0.04 0.15 0.15 0.27 0.02 0.12 0.13 0.17 0.10 0.17 0.00 0.10 0.06 0.18 0.19 0.20 0.06 0.23 0.14 0.19 0.12 0.08 0.11 0.16 0.07 0.17 0.08 0.21 0.14
0.14 0.07 0.16 0.06 0.12 0.20 0.08 0.11 0.11 0.07 0.13 0.10 0.18 0.06 0.17 0.10 0.09 0.23 0.20 0.12 0.07 0.10 0.00 0.04 0.08 0.16 0.23 0.16 0.13 0.16 0.22 0.02 0.18 0.01 0.19 0.12 0.16 0.11 0.11 0.11
0.18 0.03 0.16 0.05 0.12 0.19 0.10 0.06 0.12 0.07 0.13 0.05 0.18 0.10 0.21 0.06 0.09 0.19 0.20 0.08 0.11 0.06 0.04 0.00 0.12 0.17 0.22 0.12 0.17 0.15 0.21 0.06 0.14 0.05 0.19 0.08 0.16 0.11 0.15 0.11
0.06 0.15 0.22 0.13 0.11 0.26 0.03 0.18 0.05 0.13 0.07 0.17 0.24 0.03 0.10 0.18 0.15 0.31 0.26 0.20 0.08 0.18 0.08 0.12 0.00 0.12 0.29 0.24 0.05 0.22 0.28 0.06 0.26 0.07 0.25 0.21 0.22 0.17 0.07 0.15
0.17 0.18 0.32 0.22 0.04 0.36 0.09 0.22 0.12 0.23 0.11 0.15 0.34 0.11 0.21 0.21 0.25 0.20 0.36 0.10 0.18 0.19 0.16 0.17 0.12 0.00 0.39 0.16 0.17 0.32 0.38 0.16 0.21 0.17 0.35 0.13 0.32 0.27 0.17 0.06
0.26 0.21 0.07 0.17 0.35 0.09 0.31 0.17 0.33 0.16 0.36 0.24 0.04 0.28 0.21 0.18 0.14 0.22 0.09 0.29 0.20 0.20 0.23 0.22 0.29 0.39 0.00 0.23 0.26 0.08 0.04 0.23 0.18 0.21 0.04 0.26 0.10 0.12 0.22 0.33
0.30 0.08 0.16 0.11 0.13 0.21 0.21 0.06 0.24 0.11 0.23 0.06 0.18 0.21 0.33 0.06 0.18 0.07 0.21 0.06 0.23 0.06 0.16 0.12 0.24 0.16 0.23 0.00 0.29 0.20 0.22 0.18 0.04 0.17 0.19 0.03 0.22 0.11 0.26 0.10
0.01 0.21 0.20 0.18 0.16 0.23 0.08 0.24 0.07 0.18 0.10 0.23 0.21 0.07 0.07 0.23 0.12 0.36 0.23 0.25 0.06 0.23 0.13 0.17 0.05 0.17 0.26 0.29 0.00 0.19 0.25 0.11 0.31 0.12 0.23 0.26 0.20 0.19 0.04 0.21
0.19 0.14 0.07 0.10 0.28 0.04 0.24 0.15 0.27 0.10 0.29 0.17 0.08 0.21 0.13 0.14 0.07 0.28 0.04 0.22 0.14 0.14 0.16 0.15 0.22 0.32 0.08 0.20 0.19 0.00 0.06 0.16 0.22 0.15 0.04 0.19 0.02 0.11 0.15 0.26
0.25 0.20 0.06 0.16 0.34 0.05 0.30 0.16 0.33 0.15 0.35 0.23 0.04 0.27 0.18 0.17 0.13 0.24 0.05 0.28 0.20 0.19 0.22 0.21 0.28 0.38 0.04 0.22 0.25 0.06 0.00 0.22 0.18 0.21 0.03 0.25 0.06 0.11 0.21 0.32
0.12 0.10 0.17 0.07 0.12 0.20 0.08 0.12 0.10 0.07 0.12 0.12 0.18 0.04 0.15 0.12 0.10 0.25 0.20 0.14 0.05 0.12 0.02 0.06 0.06 0.16 0.23 0.18 0.11 0.16 0.22 0.00 0.20 0.02 0.20 0.15 0.17 0.11 0.09 0.10
0.32 0.10 0.15 0.13 0.17 0.23 0.23 0.07 0.26 0.12 0.25 0.08 0.14 0.23 0.35 0.08 0.20 0.06 0.23 0.11 0.25 0.08 0.18 0.14 0.26 0.21 0.18 0.04 0.31 0.22 0.18 0.20 0.00 0.19 0.18 0.08 0.24 0.12 0.28 0.15
0.13 0.09 0.15 0.06 0.13 0.18 0.09 0.12 0.12 0.06 0.14 0.11 0.17 0.06 0.16 0.11 0.08 0.24 0.19 0.13 0.06 0.11 0.01 0.05 0.07 0.17 0.21 0.17 0.12 0.15 0.21 0.02 0.19 0.00 0.18 0.14 0.15 0.10 0.10 0.12
0.22 0.17 0.04 0.14 0.31 0.04 0.27 0.14 0.30 0.12 0.32 0.20 0.04 0.24 0.17 0.14 0.10 0.24 0.05 0.26 0.17 0.16 0.19 0.19 0.25 0.35 0.04 0.19 0.23 0.04 0.03 0.20 0.18 0.18 0.00 0.23 0.06 0.08 0.18 0.30
0.26 0.05 0.20 0.09 0.10 0.23 0.18 0.09 0.20 0.10 0.20 0.03 0.21 0.18 0.30 0.08 0.15 0.11 0.23 0.03 0.19 0.07 0.12 0.08 0.21 0.13 0.26 0.03 0.26 0.19 0.25 0.15 0.08 0.14 0.23 0.00 0.20 0.14 0.23 0.07
0.19 0.15 0.10 0.12 0.28 0.04 0.24 0.17 0.27 0.12 0.29 0.17 0.11 0.21 0.12 0.16 0.07 0.30 0.04 0.23 0.14 0.17 0.16 0.16 0.22 0.32 0.10 0.22 0.20 0.02 0.06 0.17 0.24 0.15 0.06 0.20 0.00 0.13 0.15 0.27
0.20 0.09 0.05 0.05 0.23 0.11 0.19 0.05 0.21 0.04 0.24 0.12 0.07 0.16 0.23 0.06 0.09 0.17 0.12 0.17 0.13 0.08 0.11 0.11 0.17 0.27 0.12 0.11 0.19 0.11 0.11 0.11 0.12 0.10 0.08 0.14 0.13 0.00 0.17 0.21
0.04 0.18 0.15 0.15 0.13 0.19 0.09 0.21 0.11 0.16 0.14 0.20 0.17 0.06 0.07 0.20 0.09 0.34 0.19 0.23 0.04 0.21 0.11 0.15 0.07 0.17 0.22 0.26 0.04 0.15 0.21 0.09 0.28 0.10 0.18 0.23 0.15 0.17 0.00 0.18
0.21 0.12 0.27 0.16 0.05 0.30 0.13 0.16 0.15 0.17 0.15 0.10 0.29 0.13 0.25 0.15 0.20 0.16 0.30 0.04 0.14 0.14 0.11 0.11 0.15 0.06 0.33 0.10 0.21 0.26 0.32 0.10 0.15 0.12 0.30 0.07 0.27 0.21 0.18 0.00
Team_tasks_times:
Team 0:
1: 1.00 2.00 1.00
2: 1.00 2000.00 2.00 2.00 1.00
3: 1.00 2.00 1.00
4: 1.00 2000.00 2.00 2.00 1.00
5: 1.00 2000.00 2.00 2.00 1.00
6: 1.50
7: 1.00 2000.00 2.00 2.00 1.00
8: 1.00 2000.00 2.00 2.00 1.00
9: 1.00 2000.00 2.00 2.00 1.00
10: 1.50
11: 1.00 2.00 1.00
12: 1.50
13: 1.50
14: 1.00 2.00 1.00
15: 1.00 2.00 1.00
16: 1.50
17: 1.00 2.00 1.00
18: 1.50
19: 1.00 2.00 1.00
20: 1.00 2.00 1.00
21: 1.00 2.00 1.00
22: 1.00 2.00 1.00
23: 1.00 2000.00 2.00 2.00 1.00
24: 1.00 2.00 1.00
25: 1.50
26: 1.00 2000.00 2.00 2.00 1.00
27: 1.00 2.00 1.00
28: 1.50
29: 1.50
30: 1.00 2000.00 2.00 2.00 1.00
31: 1.50
32: 1.50
33: 1.50
34: 1.00 2.00 1.00
35: 1.50
36: 1.50
37: 1.00 2.00 1.00
38: 1.00 2.00 1.00
39: 1.50
Team 1:
1: 0.75 0.50 1.00
2: 4.00 1.00 2.00 1.00 4.00
3: 0.75 0.50 1.00
4: 4.00 1.00 2.00 1.00 4.00
5: 4.00 1.00 2.00 1.00 4.00
6: 2000.00
7: 4.00 1.00 2.00 1.00 4.00
8: 4.00 1.00 2.00 1.00 4.00
9: 4.00 1.00 2.00 1.00 4.00
10: 2000.00
11: 0.75 0.50 1.00
12: 2000.00
13: 2000.00
14: 0.75 0.50 1.00
15: 0.75 0.50 1.00
16: 2000.00
17: 0.75 0.50 1.00
18: 2000.00
19: 0.75 0.50 1.00
20: 0.75 0.50 1.00
21: 0.75 0.50 1.00
22: 0.75 0.50 1.00
23: 4.00 1.00 2.00 1.00 4.00
24: 0.75 0.50 1.00
25: 2000.00
26: 4.00 1.00 2.00 1.00 4.00
27: 0.75 0.50 1.00
28: 2000.00
29: 2000.00
30: 4.00 1.00 2.00 1.00 4.00
31: 2000.00
32: 2000.00
33: 2000.00
34: 0.75 0.50 1.00
35: 2000.00
36: 2000.00
37: 0.75 0.50 1.00
38: 0.75 0.50 1.00
39: 2000.00
Team 2:
1: 4.00 1.00 2.00
2: 4.00 1000.00 2.00 1.00 1.00
3: 4.00 1.00 2.00
4: 4.00 1000.00 2.00 1.00 1.00
5: 4.00 1000.00 2.00 1.00 1.00
6: 500.00
7: 4.00 1000.00 2.00 1.00 1.00
8: 4.00 1000.00 2.00 1.00 1.00
9: 4.00 1000.00 2.00 1.00 1.00
10: 500.00
11: 4.00 1.00 2.00
12: 500.00
13: 500.00
14: 4.00 1.00 2.00
15: 4.00 1.00 2.00
16: 500.00
17: 4.00 1.00 2.00
18: 500.00
19: 4.00 1.00 2.00
20: 4.00 1.00 2.00
21: 4.00 1.00 2.00
22: 4.00 1.00 2.00
23: 4.00 1000.00 2.00 1.00 1.00
24: 4.00 1.00 2.00
25: 500.00
26: 4.00 1000.00 2.00 1.00 1.00
27: 4.00 1.00 2.00
28: 500.00
29: 500.00
30: 4.00 1000.00 2.00 1.00 1.00
31: 500.00
32: 500.00
33: 500.00
34: 4.00 1.00 2.00
35: 500.00
36: 500.00
37: 4.00 1.00 2.00
38: 4.00 1.00 2.00
39: 500.00
