Number_of_customers: 40
Number_of_teams: 3
Number_of_services: 3
Customers_requested_services:
0 2 2 0 0 2 2 0 0 1 2 2 2 0 2 1 2 2 0 0 2 1 0 0 2 2 0 2 1 2 2 2 2 2 0 1 0 2 1
Daily_available_time: 8
Service 0:
Number_of_tasks: 1
Dependencies:
0: 
Service 1:
Number_of_tasks: 3
Dependencies:
0: 1 2
1: 
2: 
Service 2:
Number_of_tasks: 5
Dependencies:
0: 
1: 
2: 4
3: 
4: 0 1 3
Travel_times:
0.00 0.05 0.05 0.25 0.12 0.12 0.16 0.07 0.26 0.08 0.07 0.19 0.18 0.07 0.08 0.14 0.20 0.17 0.21 0.23 0.24 0.18 0.06 0.09 0.16 0.21 0.16 0.12 0.12 0.25 0.10 0.20 0.11 0.12 0.12 0.09 0.14 0.19 0.07 0.16
0.05 0.00 0.07 0.20 0.07 0.17 0.14 0.12 0.21 0.12 0.10 0.14 0.16 0.02 0.13 0.16 0.15 0.20 0.16 0.18 0.27 0.21 0.04 0.07 0.15 0.18 0.14 0.07 0.17 0.20 0.13 0.15 0.16 0.15 0.17 0.04 0.17 0.17 0.10 0.11
0.05 0.07 0.00 0.26 0.13 0.14 0.11 0.05 0.27 0.05 0.12 0.21 0.13 0.08 0.07 0.18 0.21 0.22 0.23 0.25 0.29 0.23 0.08 0.05 0.17 0.16 0.11 0.14 0.11 0.26 0.15 0.21 0.10 0.17 0.10 0.11 0.19 0.14 0.12 0.17
0.25 0.20 0.26 0.00 0.13 0.36 0.18 0.32 0.02 0.32 0.24 0.06 0.21 0.18 0.33 0.33 0.05 0.21 0.06 0.04 0.24 0.19 0.18 0.21 0.10 0.23 0.21 0.13 0.37 0.02 0.21 0.05 0.36 0.19 0.36 0.16 0.12 0.23 0.17 0.09
0.12 0.07 0.13 0.13 0.00 0.23 0.15 0.18 0.14 0.18 0.11 0.07 0.17 0.05 0.20 0.20 0.08 0.18 0.09 0.12 0.25 0.19 0.06 0.08 0.13 0.20 0.15 0.04 0.24 0.13 0.11 0.08 0.23 0.13 0.23 0.03 0.15 0.18 0.08 0.04
0.12 0.17 0.14 0.36 0.23 0.00 0.25 0.14 0.37 0.16 0.12 0.31 0.27 0.18 0.15 0.05 0.32 0.16 0.33 0.35 0.16 0.17 0.18 0.17 0.28 0.30 0.25 0.24 0.12 0.36 0.15 0.31 0.08 0.17 0.11 0.21 0.24 0.28 0.19 0.28
0.16 0.14 0.11 0.18 0.15 0.25 0.00 0.16 0.20 0.16 0.23 0.18 0.04 0.13 0.17 0.30 0.18 0.33 0.12 0.22 0.40 0.34 0.10 0.07 0.28 0.06 0.05 0.12 0.21 0.17 0.26 0.15 0.20 0.28 0.21 0.12 0.30 0.07 0.24 0.19
0.07 0.12 0.05 0.32 0.18 0.14 0.16 0.00 0.32 0.02 0.13 0.26 0.12 0.14 0.01 0.19 0.27 0.23 0.28 0.30 0.30 0.24 0.13 0.10 0.23 0.15 0.11 0.19 0.06 0.32 0.16 0.26 0.06 0.18 0.05 0.16 0.20 0.13 0.14 0.23
0.26 0.21 0.27 0.02 0.14 0.37 0.20 0.32 0.00 0.32 0.25 0.07 0.22 0.19 0.34 0.34 0.06 0.21 0.08 0.02 0.25 0.20 0.19 0.22 0.10 0.25 0.21 0.14 0.38 0.03 0.22 0.06 0.37 0.20 0.37 0.17 0.13 0.24 0.18 0.10
0.08 0.12 0.05 0.32 0.18 0.16 0.16 0.02 0.32 0.00 0.15 0.26 0.12 0.14 0.02 0.21 0.27 0.25 0.28 0.30 0.32 0.26 0.13 0.10 0.23 0.13 0.11 0.19 0.06 0.32 0.18 0.26 0.08 0.20 0.05 0.16 0.22 0.11 0.15 0.23
0.07 0.10 0.12 0.24 0.11 0.12 0.23 0.13 0.25 0.15 0.00 0.18 0.25 0.10 0.13 0.10 0.19 0.10 0.20 0.22 0.17 0.11 0.13 0.16 0.15 0.28 0.23 0.12 0.14 0.24 0.03 0.18 0.12 0.05 0.12 0.11 0.12 0.26 0.07 0.15
0.19 0.14 0.21 0.06 0.07 0.31 0.18 0.26 0.07 0.26 0.18 0.00 0.21 0.12 0.27 0.28 0.01 0.15 0.07 0.04 0.22 0.15 0.13 0.15 0.10 0.24 0.18 0.07 0.32 0.06 0.16 0.03 0.30 0.13 0.31 0.10 0.12 0.21 0.12 0.03
0.18 0.16 0.13 0.21 0.17 0.27 0.04 0.12 0.22 0.12 0.25 0.21 0.00 0.15 0.13 0.32 0.20 0.36 0.16 0.24 0.42 0.36 0.12 0.09 0.30 0.03 0.02 0.14 0.18 0.20 0.29 0.18 0.18 0.31 0.17 0.15 0.32 0.03 0.26 0.21
0.07 0.02 0.08 0.18 0.05 0.18 0.13 0.14 0.19 0.14 0.10 0.12 0.15 0.00 0.15 0.17 0.13 0.21 0.14 0.17 0.28 0.21 0.03 0.06 0.15 0.18 0.13 0.05 0.19 0.18 0.14 0.13 0.18 0.15 0.18 0.02 0.17 0.16 0.11 0.09
0.08 0.13 0.07 0.33 0.20 0.15 0.17 0.01 0.34 0.02 0.13 0.27 0.13 0.15 0.00 0.20 0.28 0.23 0.29 0.31 0.30 0.24 0.14 0.12 0.24 0.15 0.12 0.20 0.04 0.33 0.16 0.28 0.06 0.18 0.04 0.17 0.21 0.13 0.15 0.24
0.14 0.16 0.18 0.33 0.20 0.05 0.30 0.19 0.34 0.21 0.10 0.28 0.32 0.17 0.20 0.00 0.29 0.13 0.30 0.32 0.11 0.15 0.20 0.23 0.25 0.35 0.30 0.21 0.17 0.33 0.12 0.28 0.13 0.14 0.16 0.17 0.21 0.33 0.16 0.25
0.20 0.15 0.21 0.05 0.08 0.32 0.18 0.27 0.06 0.27 0.19 0.01 0.20 0.13 0.28 0.29 0.00 0.16 0.06 0.04 0.22 0.16 0.14 0.17 0.10 0.23 0.18 0.08 0.33 0.05 0.17 0.03 0.31 0.14 0.32 0.11 0.12 0.21 0.12 0.04
0.17 0.20 0.22 0.21 0.18 0.16 0.33 0.23 0.21 0.25 0.10 0.15 0.36 0.21 0.23 0.13 0.16 0.00 0.21 0.19 0.07 0.02 0.24 0.26 0.12 0.38 0.33 0.22 0.20 0.21 0.07 0.18 0.17 0.05 0.20 0.21 0.08 0.36 0.10 0.14
0.21 0.16 0.23 0.06 0.09 0.33 0.12 0.28 0.08 0.28 0.20 0.07 0.16 0.14 0.29 0.30 0.06 0.21 0.00 0.10 0.28 0.22 0.15 0.17 0.16 0.17 0.17 0.09 0.34 0.05 0.18 0.04 0.32 0.16 0.33 0.12 0.18 0.19 0.14 0.07
0.23 0.18 0.25 0.04 0.12 0.35 0.22 0.30 0.02 0.30 0.22 0.04 0.24 0.17 0.31 0.32 0.04 0.19 0.10 0.00 0.23 0.17 0.17 0.20 0.07 0.27 0.22 0.11 0.36 0.05 0.20 0.06 0.35 0.17 0.35 0.14 0.11 0.25 0.16 0.07
0.24 0.27 0.29 0.24 0.25 0.16 0.40 0.30 0.25 0.32 0.17 0.22 0.42 0.28 0.30 0.11 0.22 0.07 0.28 0.23 0.00 0.06 0.31 0.33 0.15 0.45 0.40 0.29 0.27 0.24 0.14 0.25 0.24 0.12 0.27 0.28 0.12 0.43 0.17 0.21
0.18 0.21 0.23 0.19 0.19 0.17 0.34 0.24 0.20 0.26 0.11 0.15 0.36 0.21 0.24 0.15 0.16 0.02 0.22 0.17 0.06 0.00 0.24 0.27 0.10 0.39 0.34 0.23 0.21 0.19 0.08 0.18 0.18 0.06 0.21 0.21 0.07 0.37 0.11 0.15
0.06 0.04 0.08 0.18 0.06 0.18 0.10 0.13 0.19 0.13 0.13 0.13 0.12 0.03 0.14 0.20 0.14 0.24 0.15 0.17 0.31 0.24 0.00 0.03 0.18 0.15 0.10 0.06 0.19 0.18 0.17 0.13 0.17 0.18 0.18 0.03 0.20 0.13 0.14 0.10
0.09 0.07 0.05 0.21 0.08 0.17 0.07 0.10 0.22 0.10 0.16 0.15 0.09 0.06 0.12 0.23 0.17 0.26 0.17 0.20 0.33 0.27 0.03 0.00 0.21 0.12 0.07 0.09 0.16 0.21 0.19 0.16 0.15 0.21 0.15 0.06 0.23 0.10 0.17 0.12
0.16 0.15 0.17 0.10 0.13 0.28 0.28 0.23 0.10 0.23 0.15 0.10 0.30 0.15 0.24 0.25 0.10 0.12 0.16 0.07 0.15 0.10 0.18 0.21 0.00 0.33 0.28 0.17 0.29 0.11 0.13 0.12 0.27 0.10 0.28 0.15 0.04 0.31 0.09 0.09
0.21 0.18 0.16 0.23 0.20 0.30 0.06 0.15 0.25 0.13 0.28 0.24 0.03 0.18 0.15 0.35 0.23 0.38 0.17 0.27 0.45 0.39 0.15 0.12 0.33 0.00 0.05 0.17 0.18 0.22 0.31 0.21 0.21 0.33 0.18 0.17 0.35 0.02 0.29 0.24
0.16 0.14 0.11 0.21 0.15 0.25 0.05 0.11 0.21 0.11 0.23 0.18 0.02 0.13 0.12 0.30 0.18 0.33 0.17 0.22 0.40 0.34 0.10 0.07 0.28 0.05 0.00 0.12 0.17 0.21 0.26 0.15 0.16 0.28 0.15 0.12 0.30 0.03 0.24 0.19
0.12 0.07 0.14 0.13 0.04 0.24 0.12 0.19 0.14 0.19 0.12 0.07 0.14 0.05 0.20 0.21 0.08 0.22 0.09 0.11 0.29 0.23 0.06 0.09 0.17 0.17 0.12 0.00 0.25 0.13 0.15 0.07 0.23 0.17 0.24 0.03 0.18 0.15 0.12 0.07
0.12 0.17 0.11 0.37 0.24 0.12 0.21 0.06 0.38 0.06 0.14 0.32 0.18 0.19 0.04 0.17 0.33 0.20 0.34 0.36 0.27 0.21 0.19 0.16 0.29 0.18 0.17 0.25 0.00 0.37 0.16 0.32 0.03 0.18 0.01 0.21 0.25 0.16 0.20 0.29
0.25 0.20 0.26 0.02 0.13 0.36 0.17 0.32 0.03 0.32 0.24 0.06 0.20 0.18 0.33 0.33 0.05 0.21 0.05 0.05 0.24 0.19 0.18 0.21 0.11 0.22 0.21 0.13 0.37 0.00 0.21 0.05 0.36 0.19 0.36 0.16 0.13 0.23 0.17 0.09
0.10 0.13 0.15 0.21 0.11 0.15 0.26 0.16 0.22 0.18 0.03 0.16 0.29 0.14 0.16 0.12 0.17 0.07 0.18 0.20 0.14 0.08 0.17 0.19 0.13 0.31 0.26 0.15 0.16 0.21 0.00 0.16 0.15 0.03 0.15 0.14 0.09 0.29 0.04 0.13
0.20 0.15 0.21 0.05 0.08 0.31 0.15 0.26 0.06 0.26 0.18 0.03 0.18 0.13 0.28 0.28 0.03 0.18 0.04 0.06 0.25 0.18 0.13 0.16 0.12 0.21 0.15 0.07 0.32 0.05 0.16 0.00 0.31 0.14 0.31 0.11 0.15 0.18 0.12 0.04
0.11 0.16 0.10 0.36 0.23 0.08 0.20 0.06 0.37 0.08 0.12 0.30 0.18 0.18 0.06 0.13 0.31 0.17 0.32 0.35 0.24 0.18 0.17 0.15 0.27 0.21 0.16 0.23 0.03 0.36 0.15 0.31 0.00 0.17 0.03 0.20 0.24 0.19 0.19 0.27
0.12 0.15 0.17 0.19 0.13 0.17 0.28 0.18 0.20 0.20 0.05 0.13 0.31 0.15 0.18 0.14 0.14 0.05 0.16 0.17 0.12 0.06 0.18 0.21 0.10 0.33 0.28 0.17 0.18 0.19 0.03 0.14 0.17 0.00 0.17 0.16 0.07 0.31 0.05 0.10
0.12 0.17 0.10 0.36 0.23 0.11 0.21 0.05 0.37 0.05 0.12 0.31 0.17 0.18 0.04 0.16 0.32 0.20 0.33 0.35 0.27 0.21 0.18 0.15 0.28 0.18 0.15 0.24 0.01 0.36 0.15 0.31 0.03 0.17 0.00 0.21 0.24 0.17 0.19 0.28
0.09 0.04 0.11 0.16 0.03 0.21 0.12 0.16 0.17 0.16 0.11 0.10 0.15 0.02 0.17 0.17 0.11 0.21 0.12 0.14 0.28 0.21 0.03 0.06 0.15 0.17 0.12 0.03 0.21 0.16 0.14 0.11 0.20 0.16 0.21 0.00 0.17 0.15 0.11 0.07
0.14 0.17 0.19 0.12 0.15 0.24 0.30 0.20 0.13 0.22 0.12 0.12 0.32 0.17 0.21 0.21 0.12 0.08 0.18 0.11 0.12 0.07 0.20 0.23 0.04 0.35 0.30 0.18 0.25 0.13 0.09 0.15 0.24 0.07 0.24 0.17 0.00 0.33 0.07 0.11
0.19 0.17 0.14 0.23 0.18 0.28 0.07 0.13 0.24 0.11 0.26 0.21 0.03 0.16 0.13 0.33 0.21 0.36 0.19 0.25 0.43 0.37 0.13 0.10 0.31 0.02 0.03 0.15 0.16 0.23 0.29 0.18 0.19 0.31 0.17 0.15 0.33 0.00 0.27 0.22
0.07 0.10 0.12 0.17 0.08 0.19 0.24 0.14 0.18 0.15 0.07 0.12 0.26 0.11 0.15 0.16 0.12 0.10 0.14 0.16 0.17 0.11 0.14 0.17 0.09 0.29 0.24 0.12 0.20 0.17 0.04 0.12 0.19 0.05 0.19 0.11 0.07 0.27 0.00 0.09
0.16 0.11 0.17 0.09 0.04 0.28 0.19 0.23 0.10 0.23 0.15 0.03 0.21 0.09 0.24 0.25 0.04 0.14 0.07 0.07 0.21 0.15 0.10 0.12 0.09 0.24 0.19 0.07 0.29 0.09 0.13 0.04 0.27 0.10 0.28 0.07 0.11 0.22 0.09 0.00
Team_tasks_times:
Team 0:
1: 4.00
2: 2000.00 0.75 0.50 0.50 2.00
3: 2000.00 0.75 0.50 0.50 2.00
4: 4.00
5: 4.00
6: 2000.00 0.75 0.50 0.50 2.00
7: 2000.00 0.75 0.50 0.50 2.00
8: 4.00
9: 4.00
10: 1.00 4.00 2.00
11: 2000.00 0.75 0.50 0.50 2.00
12: 2000.00 0.75 0.50 0.50 2.00
13: 2000.00 0.75 0.50 0.50 2.00
14: 4.00
15: 2000.00 0.75 0.50 0.50 2.00
16: 1.00 4.00 2.00
17: 2000.00 0.75 0.50 0.50 2.00
18: 2000.00 0.75 0.50 0.50 2.00
19: 4.00
20: 4.00
21: 2000.00 0.75 0.50 0.50 2.00
22: 1.00 4.00 2.00
23: 4.00
24: 4.00
25: 2000.00 0.75 0.50 0.50 2.00
26: 2000.00 0.75 0.50 0.50 2.00
27: 4.00
28: 2000.00 0.75 0.50 0.50 2.00
29: 1.00 4.00 2.00
30: 2000.00 0.75 0.50 0.50 2.00
31: 2000.00 0.75 0.50 0.50 2.00
32: 2000.00 0.75 0.50 0.50 2.00
33: 2000.00 0.75 0.50 0.50 2.00
34: 2000.00 0.75 0.50 0.50 2.00
35: 4.00
36: 1.00 4.00 2.00
37: 4.00
38: 2000.00 0.75 0.50 0.50 2.00
39: 1.00 4.00 2.00
Team 1:
1: 2.00
2: 0.25 1.00 4.00 1000.00 0.75
3: 0.25 1.00 4.00 1000.00 0.75
4: 2.00
5: 2.00
6: 0.25 1.00 4.00 1000.00 0.75
7: 0.25 1.00 4.00 1000.00 0.75
8: 2.00
9: 2.00
10: 3.00 2.00 2.00
11: 0.25 1.00 4.00 1000.00 0.75
12: 0.25 1.00 4.00 1000.00 0.75
13: 0.25 1.00 4.00 1000.00 0.75
14: 2.00
15: 0.25 1.00 4.00 1000.00 0.75
16: 3.00 2.00 2.00
17: 0.25 1.00 4.00 1000.00 0.75
18: 0.25 1.00 4.00 1000.00 0.75
19: 2.00
20: 2.00
21: 0.25 1.00 4.00 1000.00 0.75
22: 3.00 2.00 2.00
23: 2.00
24: 2.00
25: 0.25 1.00 4.00 1000.00 0.75
26: 0.25 1.00 4.00 1000.00 0.75
27: 2.00
28: 0.25 1.00 4.00 1000.00 0.75
29: 3.00 2.00 2.00
30: 0.25 1.00 4.00 1000.00 0.75
31: 0.25 1.00 4.00 1000.00 0.75
32: 0.25 1.00 4.00 1000.00 0.75
33: 0.25 1.00 4.00 1000.00 0.75
34: 0.25 1.00 4.00 1000.00 0.75
35: 2.00
36: 3.00 2.00 2.00
37: 2.00
38: 0.25 1.00 4.00 1000.00 0.75
39: 3.00 2.00 2.00
Team 2:
1: 0.50
2: 2000.00 0.25 1.00 2000.00 1.50
3: 2000.00 0.25 1.00 2000.00 1.50
4: 0.50
5: 0.50
6: 2000.00 0.25 1.00 2000.00 1.50
7: 2000.00 0.25 1.00 2000.00 1.50
8: 0.50
9: 0.50
10: 1.00 2.00 0.50
11: 2000.00 0.25 1.00 2000.00 1.50
12: 2000.00 0.25 1.00 2000.00 1.50
13: 2000.00 0.25 1.00 2000.00 1.50
14: 0.50
15: 2000.00 0.25 1.00 2000.00 1.50
16: 1.00 2.00 0.50
17: 2000.00 0.25 1.00 2000.00 1.50
18: 2000.00 0.25 1.00 2000.00 1.50
19: 0.50
20: 0.50
21: 2000.00 0.25 1.00 2000.00 1.50
22: 1.00 2.00 0.50
23: 0.50
24: 0.50
25: 2000.00 0.25 1.00 2000.00 1.50
26: 2000.00 0.25 1.00 2000.00 1.50
27: 0.50
28: 2000.00 0.25 1.00 2000.00 1.50
29: 1.00 2.00 0.50
30: 2000.00 0.25 1.00 2000.00 1.50
31: 2000.00 0.25 1.00 2000.00 1.50
32: 2000.00 0.25 1.00 2000.00 1.50
33: 2000.00 0.25 1.00 2000.00 1.50
34: 2000.00 0.25 1.00 2000.00 1.50
35: 0.50
36: 1.00 2.00 0.50
37: 0.50
38: 2000.00 0.25 1.00 2000.00 1.50
39: 1.00 2.00 0.50
