Number_of_customers: 40
Number_of_teams: 3
Number_of_services: 3
Customers_requested_services:
0 2 2 0 2 2 1 1 0 0 1 2 1 0 1 0 1 0 0 1 1 1 0 0 2 2 0 1 2 2 1 2 1 2 0 0 1 0 0
Daily_available_time: 8
Service 0:
Number_of_tasks: 1
Dependencies:
0: 
Service 1:
Number_of_tasks: 3
Dependencies:
0: 2
1: 2
2: 
Service 2:
Number_of_tasks: 5
Dependencies:
0: 
1: 0 2
2: 
3: 0 2
4: 0 2
Travel_times:
0.00 0.18 0.12 0.18 0.07 0.25 0.07 0.15 0.33 0.22 0.17 0.22 0.18 0.18 0.18 0.14 0.12 0.22 0.03 0.17 0.12 0.26 0.04 0.23 0.28 0.01 0.08 0.29 0.20 0.09 0.20 0.28 0.07 0.14 0.22 0.26 0.30 0.14 0.25 0.28
0.18 0.00 0.30 0.10 0.12 0.10 0.13 0.23 0.15 0.12 0.05 0.07 0.09 0.16 0.02 0.27 0.20 0.04 0.15 0.06 0.07 0.10 0.21 0.07 0.12 0.18 0.20 0.10 0.02 0.27 0.21 0.09 0.25 0.20 0.14 0.08 0.14 0.09 0.08 0.12
0.12 0.30 0.00 0.20 0.17 0.36 0.19 0.26 0.45 0.34 0.25 0.34 0.30 0.14 0.30 0.06 0.10 0.34 0.15 0.24 0.23 0.28 0.12 0.27 0.29 0.12 0.10 0.40 0.31 0.03 0.32 0.39 0.04 0.10 0.16 0.37 0.24 0.25 0.29 0.30
0.18 0.10 0.20 0.00 0.11 0.17 0.15 0.24 0.25 0.14 0.05 0.14 0.10 0.06 0.10 0.17 0.10 0.14 0.15 0.04 0.09 0.09 0.22 0.07 0.10 0.18 0.10 0.20 0.11 0.17 0.23 0.19 0.15 0.10 0.04 0.17 0.12 0.11 0.09 0.10
0.07 0.12 0.17 0.11 0.00 0.19 0.04 0.13 0.28 0.17 0.11 0.17 0.12 0.12 0.12 0.14 0.07 0.17 0.04 0.10 0.06 0.20 0.11 0.16 0.21 0.07 0.08 0.23 0.14 0.15 0.15 0.22 0.13 0.07 0.15 0.20 0.23 0.08 0.18 0.21
0.25 0.10 0.36 0.17 0.19 0.00 0.17 0.13 0.09 0.03 0.12 0.03 0.07 0.22 0.12 0.33 0.26 0.08 0.22 0.13 0.13 0.20 0.24 0.17 0.21 0.24 0.27 0.10 0.08 0.34 0.12 0.12 0.32 0.26 0.21 0.02 0.24 0.11 0.18 0.21
0.07 0.13 0.19 0.15 0.04 0.17 0.00 0.10 0.26 0.15 0.14 0.15 0.11 0.15 0.15 0.16 0.09 0.15 0.04 0.14 0.06 0.23 0.07 0.20 0.25 0.07 0.09 0.21 0.12 0.16 0.13 0.20 0.14 0.11 0.18 0.18 0.27 0.06 0.21 0.25
0.15 0.23 0.26 0.24 0.13 0.13 0.10 0.00 0.19 0.10 0.24 0.15 0.14 0.25 0.25 0.23 0.18 0.21 0.12 0.24 0.15 0.33 0.14 0.29 0.34 0.14 0.17 0.23 0.21 0.24 0.06 0.25 0.21 0.21 0.28 0.15 0.36 0.14 0.31 0.34
0.33 0.15 0.45 0.25 0.28 0.09 0.26 0.19 0.00 0.11 0.20 0.11 0.15 0.31 0.15 0.42 0.35 0.11 0.30 0.21 0.22 0.18 0.33 0.17 0.20 0.33 0.35 0.08 0.14 0.42 0.14 0.10 0.40 0.35 0.29 0.08 0.21 0.20 0.16 0.20
0.22 0.12 0.34 0.14 0.17 0.03 0.15 0.10 0.11 0.00 0.14 0.05 0.04 0.20 0.15 0.31 0.24 0.11 0.19 0.13 0.11 0.23 0.21 0.19 0.24 0.22 0.24 0.12 0.10 0.31 0.09 0.14 0.29 0.24 0.18 0.05 0.26 0.09 0.21 0.24
0.17 0.05 0.25 0.05 0.11 0.12 0.14 0.24 0.20 0.14 0.00 0.09 0.10 0.11 0.05 0.21 0.14 0.09 0.15 0.01 0.09 0.09 0.22 0.05 0.10 0.18 0.15 0.15 0.07 0.22 0.23 0.15 0.20 0.14 0.09 0.12 0.12 0.11 0.07 0.10
0.22 0.07 0.34 0.14 0.17 0.03 0.15 0.15 0.11 0.05 0.09 0.00 0.04 0.20 0.10 0.31 0.24 0.06 0.19 0.10 0.11 0.17 0.21 0.14 0.19 0.22 0.24 0.07 0.05 0.31 0.14 0.09 0.29 0.24 0.18 0.03 0.21 0.09 0.16 0.19
0.18 0.09 0.30 0.10 0.12 0.07 0.11 0.14 0.15 0.04 0.10 0.04 0.00 0.16 0.11 0.27 0.20 0.07 0.15 0.09 0.07 0.18 0.17 0.15 0.20 0.18 0.20 0.10 0.06 0.27 0.13 0.10 0.25 0.20 0.14 0.07 0.22 0.05 0.17 0.20
0.18 0.16 0.14 0.06 0.12 0.22 0.15 0.25 0.31 0.20 0.11 0.20 0.16 0.00 0.15 0.11 0.07 0.20 0.16 0.10 0.10 0.14 0.23 0.13 0.15 0.19 0.11 0.26 0.17 0.12 0.24 0.25 0.14 0.04 0.03 0.23 0.11 0.12 0.15 0.16
0.18 0.02 0.30 0.10 0.12 0.12 0.15 0.25 0.15 0.15 0.05 0.10 0.11 0.15 0.00 0.27 0.19 0.04 0.16 0.06 0.10 0.08 0.23 0.04 0.09 0.19 0.20 0.11 0.04 0.27 0.24 0.10 0.25 0.19 0.14 0.10 0.11 0.12 0.06 0.09
0.14 0.27 0.06 0.17 0.14 0.33 0.16 0.23 0.42 0.31 0.21 0.31 0.27 0.11 0.27 0.00 0.07 0.31 0.12 0.21 0.20 0.25 0.18 0.24 0.26 0.15 0.07 0.37 0.28 0.07 0.29 0.36 0.10 0.07 0.13 0.34 0.21 0.22 0.26 0.27
0.12 0.20 0.10 0.10 0.07 0.26 0.09 0.18 0.35 0.24 0.14 0.24 0.20 0.07 0.19 0.07 0.00 0.24 0.09 0.13 0.13 0.18 0.16 0.17 0.19 0.12 0.04 0.30 0.21 0.08 0.21 0.29 0.07 0.03 0.10 0.27 0.18 0.15 0.18 0.20
0.22 0.04 0.34 0.14 0.17 0.08 0.15 0.21 0.11 0.11 0.09 0.06 0.07 0.20 0.04 0.31 0.24 0.00 0.19 0.10 0.11 0.12 0.21 0.09 0.14 0.22 0.24 0.06 0.03 0.31 0.20 0.05 0.29 0.24 0.18 0.06 0.15 0.09 0.10 0.14
0.03 0.15 0.15 0.15 0.04 0.22 0.04 0.12 0.30 0.19 0.15 0.19 0.15 0.16 0.16 0.12 0.09 0.19 0.00 0.15 0.09 0.24 0.07 0.20 0.25 0.03 0.06 0.26 0.17 0.12 0.17 0.25 0.10 0.12 0.19 0.23 0.27 0.11 0.22 0.25
0.17 0.06 0.24 0.04 0.10 0.13 0.14 0.24 0.21 0.13 0.01 0.10 0.09 0.10 0.06 0.21 0.13 0.10 0.15 0.00 0.08 0.09 0.21 0.06 0.11 0.17 0.14 0.17 0.07 0.21 0.22 0.15 0.19 0.13 0.08 0.14 0.13 0.10 0.07 0.11
0.12 0.07 0.23 0.09 0.06 0.13 0.06 0.15 0.22 0.11 0.09 0.11 0.07 0.10 0.10 0.20 0.13 0.11 0.09 0.08 0.00 0.17 0.13 0.14 0.19 0.11 0.14 0.17 0.08 0.21 0.14 0.16 0.18 0.13 0.13 0.14 0.21 0.02 0.15 0.19
0.26 0.10 0.28 0.09 0.20 0.20 0.23 0.33 0.18 0.23 0.09 0.17 0.18 0.14 0.08 0.25 0.18 0.12 0.24 0.09 0.17 0.00 0.31 0.04 0.02 0.27 0.19 0.12 0.12 0.26 0.32 0.11 0.24 0.18 0.12 0.18 0.04 0.19 0.02 0.02
0.04 0.21 0.12 0.22 0.11 0.24 0.07 0.14 0.33 0.21 0.22 0.21 0.17 0.23 0.23 0.18 0.16 0.21 0.07 0.21 0.13 0.31 0.00 0.27 0.32 0.04 0.12 0.28 0.19 0.12 0.20 0.27 0.09 0.18 0.26 0.25 0.34 0.13 0.29 0.32
0.23 0.07 0.27 0.07 0.16 0.17 0.20 0.29 0.17 0.19 0.05 0.14 0.15 0.13 0.04 0.24 0.17 0.09 0.20 0.06 0.14 0.04 0.27 0.00 0.05 0.23 0.18 0.13 0.09 0.25 0.28 0.12 0.23 0.17 0.12 0.14 0.07 0.16 0.02 0.05
0.28 0.12 0.29 0.10 0.21 0.21 0.25 0.34 0.20 0.24 0.10 0.19 0.20 0.15 0.09 0.26 0.19 0.14 0.25 0.11 0.19 0.02 0.32 0.05 0.00 0.28 0.20 0.12 0.14 0.27 0.33 0.10 0.25 0.19 0.14 0.19 0.06 0.21 0.03 0.01
0.01 0.18 0.12 0.18 0.07 0.24 0.07 0.14 0.33 0.22 0.18 0.22 0.18 0.19 0.19 0.15 0.12 0.22 0.03 0.17 0.11 0.27 0.04 0.23 0.28 0.00 0.09 0.28 0.19 0.10 0.20 0.27 0.07 0.15 0.22 0.25 0.30 0.13 0.25 0.28
0.08 0.20 0.10 0.10 0.08 0.27 0.09 0.17 0.35 0.24 0.15 0.24 0.20 0.11 0.20 0.07 0.04 0.24 0.06 0.14 0.14 0.19 0.12 0.18 0.20 0.09 0.00 0.31 0.21 0.07 0.22 0.30 0.05 0.06 0.14 0.28 0.22 0.15 0.19 0.20
0.29 0.10 0.40 0.20 0.23 0.10 0.21 0.23 0.08 0.12 0.15 0.07 0.10 0.26 0.11 0.37 0.30 0.06 0.26 0.17 0.17 0.12 0.28 0.13 0.12 0.28 0.31 0.00 0.09 0.38 0.21 0.02 0.36 0.30 0.24 0.07 0.16 0.15 0.12 0.12
0.20 0.02 0.31 0.11 0.14 0.08 0.12 0.21 0.14 0.10 0.07 0.05 0.06 0.17 0.04 0.28 0.21 0.03 0.17 0.07 0.08 0.12 0.19 0.09 0.14 0.19 0.21 0.09 0.00 0.29 0.19 0.08 0.27 0.21 0.15 0.06 0.16 0.07 0.11 0.14
0.09 0.27 0.03 0.17 0.15 0.34 0.16 0.24 0.42 0.31 0.22 0.31 0.27 0.12 0.27 0.07 0.08 0.31 0.12 0.21 0.21 0.26 0.12 0.25 0.27 0.10 0.07 0.38 0.29 0.00 0.29 0.37 0.03 0.08 0.14 0.35 0.22 0.23 0.26 0.27
0.20 0.21 0.32 0.23 0.15 0.12 0.13 0.06 0.14 0.09 0.23 0.14 0.13 0.24 0.24 0.29 0.21 0.20 0.17 0.22 0.14 0.32 0.20 0.28 0.33 0.20 0.22 0.21 0.19 0.29 0.00 0.23 0.27 0.21 0.27 0.14 0.35 0.12 0.30 0.33
0.28 0.09 0.39 0.19 0.22 0.12 0.20 0.25 0.10 0.14 0.15 0.09 0.10 0.25 0.10 0.36 0.29 0.05 0.25 0.15 0.16 0.11 0.27 0.12 0.10 0.27 0.30 0.02 0.08 0.37 0.23 0.00 0.35 0.29 0.23 0.10 0.15 0.14 0.11 0.10
0.07 0.25 0.04 0.15 0.13 0.32 0.14 0.21 0.40 0.29 0.20 0.29 0.25 0.14 0.25 0.10 0.07 0.29 0.10 0.19 0.18 0.24 0.09 0.23 0.25 0.07 0.05 0.36 0.27 0.03 0.27 0.35 0.00 0.10 0.17 0.33 0.25 0.21 0.24 0.25
0.14 0.20 0.10 0.10 0.07 0.26 0.11 0.21 0.35 0.24 0.14 0.24 0.20 0.04 0.19 0.07 0.03 0.24 0.12 0.13 0.13 0.18 0.18 0.17 0.19 0.15 0.06 0.30 0.21 0.08 0.21 0.29 0.10 0.00 0.07 0.27 0.15 0.15 0.18 0.20
0.22 0.14 0.16 0.04 0.15 0.21 0.18 0.28 0.29 0.18 0.09 0.18 0.14 0.03 0.14 0.13 0.10 0.18 0.19 0.08 0.13 0.12 0.26 0.12 0.14 0.22 0.14 0.24 0.15 0.14 0.27 0.23 0.17 0.07 0.00 0.21 0.08 0.15 0.13 0.14
0.26 0.08 0.37 0.17 0.20 0.02 0.18 0.15 0.08 0.05 0.12 0.03 0.07 0.23 0.10 0.34 0.27 0.06 0.23 0.14 0.14 0.18 0.25 0.14 0.19 0.25 0.28 0.07 0.06 0.35 0.14 0.10 0.33 0.27 0.21 0.00 0.21 0.12 0.16 0.19
0.30 0.14 0.24 0.12 0.23 0.24 0.27 0.36 0.21 0.26 0.12 0.21 0.22 0.11 0.11 0.21 0.18 0.15 0.27 0.13 0.21 0.04 0.34 0.07 0.06 0.30 0.22 0.16 0.16 0.22 0.35 0.15 0.25 0.15 0.08 0.21 0.00 0.23 0.05 0.06
0.14 0.09 0.25 0.11 0.08 0.11 0.06 0.14 0.20 0.09 0.11 0.09 0.05 0.12 0.12 0.22 0.15 0.09 0.11 0.10 0.02 0.19 0.13 0.16 0.21 0.13 0.15 0.15 0.07 0.23 0.12 0.14 0.21 0.15 0.15 0.12 0.23 0.00 0.17 0.21
0.25 0.08 0.29 0.09 0.18 0.18 0.21 0.31 0.16 0.21 0.07 0.16 0.17 0.15 0.06 0.26 0.18 0.10 0.22 0.07 0.15 0.02 0.29 0.02 0.03 0.25 0.19 0.12 0.11 0.26 0.30 0.11 0.24 0.18 0.13 0.16 0.05 0.17 0.00 0.03
0.28 0.12 0.30 0.10 0.21 0.21 0.25 0.34 0.20 0.24 0.10 0.19 0.20 0.16 0.09 0.27 0.20 0.14 0.25 0.11 0.19 0.02 0.32 0.05 0.01 0.28 0.20 0.12 0.14 0.27 0.33 0.10 0.25 0.20 0.14 0.19 0.06 0.21 0.03 0.00
Team_tasks_times:
Team 0:
1: 1.00
2: 1.00 2.00 3.00 1000.00 0.50
3: 1.00 2.00 3.00 1000.00 0.50
4: 1.00
5: 1.00 2.00 3.00 1000.00 0.50
6: 1.00 2.00 3.00 1000.00 0.50
7: 500.00 2000.00 0.50
8: 500.00 2000.00 0.50
9: 1.00
10: 1.00
11: 500.00 2000.00 0.50
12: 1.00 2.00 3.00 1000.00 0.50
13: 500.00 2000.00 0.50
14: 1.00
15: 500.00 2000.00 0.50
16: 1.00
17: 500.00 2000.00 0.50
18: 1.00
19: 1.00
20: 500.00 2000.00 0.50
21: 500.00 2000.00 0.50
22: 500.00 2000.00 0.50
23: 1.00
24: 1.00
25: 1.00 2.00 3.00 1000.00 0.50
26: 1.00 2.00 3.00 1000.00 0.50
27: 1.00
28: 500.00 2000.00 0.50
29: 1.00 2.00 3.00 1000.00 0.50
30: 1.00 2.00 3.00 1000.00 0.50
31: 500.00 2000.00 0.50
32: 1.00 2.00 3.00 1000.00 0.50
33: 500.00 2000.00 0.50
34: 1.00 2.00 3.00 1000.00 0.50
35: 1.00
36: 1.00
37: 500.00 2000.00 0.50
38: 1.00
39: 1.00
Team 1:
1: 3.00
2: 0.50 3.00 0.75 1.00 0.75
3: 0.50 3.00 0.75 1.00 0.75
4: 3.00
5: 0.50 3.00 0.75 1.00 0.75
6: 0.50 3.00 0.75 1.00 0.75
7: 0.50 1000.00 0.50
8: 0.50 1000.00 0.50
9: 3.00
10: 3.00
11: 0.50 1000.00 0.50
12: 0.50 3.00 0.75 1.00 0.75
13: 0.50 1000.00 0.50
14: 3.00
15: 0.50 1000.00 0.50
16: 3.00
17: 0.50 1000.00 0.50
18: 3.00
19: 3.00
20: 0.50 1000.00 0.50
21: 0.50 1000.00 0.50
22: 0.50 1000.00 0.50
23: 3.00
24: 3.00
25: 0.50 3.00 0.75 1.00 0.75
26: 0.50 3.00 0.75 1.00 0.75
27: 3.00
28: 0.50 1000.00 0.50
29: 0.50 3.00 0.75 1.00 0.75
30: 0.50 3.00 0.75 1.00 0.75
31: 0.50 1000.00 0.50
32: 0.50 3.00 0.75 1.00 0.75
33: 0.50 1000.00 0.50
34: 0.50 3.00 0.75 1.00 0.75
35: 3.00
36: 3.00
37: 0.50 1000.00 0.50
38: 3.00
39: 3.00
Team 2:
1: 0.25
2: 1.50 1.00 3.00 1000.00 1.50
3: 1.50 1.00 3.00 1000.00 1.50
4: 0.25
5: 1.50 1.00 3.00 1000.00 1.50
6: 1.50 1.00 3.00 1000.00 1.50
7: 1000.00 0.75 0.25
8: 1000.00 0.75 0.25
9: 0.25
10: 0.25
11: 1000.00 0.75 0.25
12: 1.50 1.00 3.00 1000.00 1.50
13: 1000.00 0.75 0.25
14: 0.25
15: 1000.00 0.75 0.25
16: 0.25
17: 1000.00 0.75 0.25
18: 0.25
19: 0.25
20: 1000.00 0.75 0.25
21: 1000.00 0.75 0.25
22: 1000.00 0.75 0.25
23: 0.25
24: 0.25
25: 1.50 1.00 3.00 1000.00 1.50
26: 1.50 1.00 3.00 1000.00 1.50
27: 0.25
28: 1000.00 0.75 0.25
29: 1.50 1.00 3.00 1000.00 1.50
30: 1.50 1.00 3.00 1000.00 1.50
31: 1000.00 0.75 0.25
32: 1.50 1.00 3.00 1000.00 1.50
33: 1000.00 0.75 0.25
34: 1.50 1.00 3.00 1000.00 1.50
35: 0.25
36: 0.25
37: 1000.00 0.75 0.25
38: 0.25
39: 0.25
