Number_of_customers: 40
Number_of_teams: 3
Number_of_services: 3
Customers_requested_services:
0 2 1 1 1 1 2 2 2 2 2 2 2 2 1 1 2 0 1 2 1 2 2 0 1 2 0 0 2 0 0 2 2 0 1 2 0 2 0
Daily_available_time: 8
Service 0:
Number_of_tasks: 1
Dependencies:
0: 
Service 1:
Number_of_tasks: 3
Dependencies:
0: 
1: 
2: 0 1
Service 2:
Number_of_tasks: 5
Dependencies:
0: 
1: 3 4
2: 3 4
3: 0
4: 0
Travel_times:
0.00 0.25 0.04 0.23 0.07 0.04 0.21 0.12 0.02 0.13 0.10 0.07 0.20 0.08 0.10 0.08 0.17 0.21 0.21 0.09 0.15 0.12 0.16 0.08 0.04 0.15 0.08 0.17 0.15 0.15 0.25 0.14 0.14 0.14 0.20 0.06 0.05 0.11 0.14 0.10
0.25 0.00 0.21 0.13 0.30 0.26 0.20 0.13 0.27 0.11 0.22 0.18 0.06 0.29 0.14 0.26 0.20 0.15 0.21 0.16 0.10 0.13 0.08 0.17 0.20 0.12 0.17 0.17 0.10 0.10 0.11 0.14 0.21 0.13 0.20 0.18 0.19 0.20 0.11 0.19
0.04 0.21 0.00 0.19 0.10 0.05 0.24 0.08 0.06 0.10 0.07 0.03 0.17 0.12 0.07 0.12 0.20 0.19 0.25 0.10 0.11 0.11 0.13 0.07 0.04 0.16 0.04 0.21 0.12 0.12 0.22 0.17 0.18 0.17 0.24 0.03 0.04 0.15 0.10 0.06
0.23 0.13 0.19 0.00 0.28 0.24 0.15 0.15 0.25 0.14 0.24 0.16 0.19 0.27 0.14 0.25 0.18 0.02 0.08 0.14 0.19 0.11 0.15 0.15 0.18 0.07 0.19 0.12 0.08 0.08 0.03 0.09 0.19 0.09 0.13 0.17 0.17 0.18 0.21 0.24
0.07 0.30 0.10 0.28 0.00 0.10 0.14 0.17 0.07 0.18 0.17 0.12 0.25 0.02 0.15 0.03 0.10 0.26 0.21 0.14 0.20 0.17 0.21 0.13 0.09 0.21 0.13 0.15 0.20 0.20 0.30 0.18 0.09 0.19 0.15 0.11 0.10 0.10 0.19 0.16
0.04 0.26 0.05 0.24 0.10 0.00 0.24 0.13 0.04 0.15 0.07 0.08 0.22 0.12 0.12 0.12 0.20 0.23 0.25 0.10 0.16 0.13 0.18 0.09 0.06 0.17 0.10 0.21 0.17 0.17 0.27 0.17 0.18 0.17 0.24 0.08 0.07 0.15 0.15 0.07
0.21 0.20 0.24 0.15 0.14 0.24 0.00 0.21 0.21 0.21 0.31 0.21 0.26 0.12 0.21 0.12 0.04 0.14 0.08 0.14 0.26 0.14 0.23 0.17 0.20 0.08 0.26 0.04 0.12 0.12 0.17 0.07 0.07 0.07 0.02 0.21 0.20 0.10 0.29 0.31
0.12 0.13 0.08 0.15 0.17 0.13 0.21 0.00 0.14 0.02 0.09 0.05 0.09 0.16 0.02 0.14 0.17 0.16 0.22 0.07 0.05 0.08 0.04 0.04 0.07 0.13 0.04 0.18 0.09 0.10 0.14 0.15 0.15 0.15 0.21 0.06 0.07 0.12 0.07 0.09
0.02 0.27 0.06 0.25 0.07 0.04 0.21 0.14 0.00 0.15 0.10 0.09 0.22 0.08 0.12 0.08 0.17 0.23 0.21 0.11 0.17 0.14 0.18 0.10 0.06 0.17 0.10 0.17 0.17 0.17 0.27 0.15 0.14 0.16 0.20 0.08 0.07 0.11 0.16 0.10
0.13 0.11 0.10 0.14 0.18 0.15 0.21 0.02 0.15 0.00 0.11 0.07 0.07 0.17 0.03 0.15 0.16 0.15 0.21 0.07 0.06 0.07 0.03 0.06 0.09 0.12 0.05 0.17 0.08 0.09 0.12 0.14 0.14 0.14 0.20 0.07 0.08 0.11 0.08 0.10
0.10 0.22 0.07 0.24 0.17 0.07 0.31 0.09 0.10 0.11 0.00 0.10 0.18 0.18 0.10 0.18 0.27 0.25 0.32 0.17 0.12 0.17 0.14 0.14 0.11 0.23 0.06 0.27 0.18 0.19 0.23 0.24 0.24 0.24 0.30 0.10 0.11 0.21 0.11 0.03
0.07 0.18 0.03 0.16 0.12 0.08 0.21 0.05 0.09 0.07 0.10 0.00 0.14 0.11 0.04 0.09 0.17 0.16 0.22 0.07 0.08 0.07 0.10 0.04 0.02 0.13 0.04 0.17 0.09 0.10 0.19 0.15 0.15 0.14 0.21 0.00 0.01 0.12 0.07 0.09
0.20 0.06 0.17 0.19 0.25 0.22 0.26 0.09 0.22 0.07 0.18 0.14 0.00 0.25 0.10 0.22 0.22 0.21 0.27 0.12 0.06 0.12 0.04 0.12 0.16 0.18 0.12 0.22 0.14 0.14 0.17 0.19 0.20 0.19 0.26 0.14 0.15 0.16 0.07 0.15
0.08 0.29 0.12 0.27 0.02 0.12 0.12 0.16 0.08 0.17 0.18 0.11 0.25 0.00 0.15 0.03 0.09 0.26 0.20 0.13 0.19 0.16 0.21 0.12 0.09 0.20 0.13 0.15 0.19 0.19 0.30 0.18 0.08 0.18 0.14 0.11 0.10 0.09 0.18 0.18
0.10 0.14 0.07 0.14 0.15 0.12 0.21 0.02 0.12 0.03 0.10 0.04 0.10 0.15 0.00 0.12 0.16 0.15 0.21 0.07 0.06 0.07 0.06 0.04 0.06 0.12 0.05 0.17 0.08 0.09 0.15 0.14 0.14 0.14 0.20 0.04 0.05 0.11 0.08 0.10
0.08 0.26 0.12 0.25 0.03 0.12 0.12 0.14 0.08 0.15 0.18 0.09 0.22 0.03 0.12 0.00 0.08 0.23 0.17 0.11 0.16 0.13 0.18 0.10 0.07 0.17 0.13 0.12 0.17 0.17 0.27 0.15 0.06 0.15 0.12 0.09 0.07 0.06 0.16 0.18
0.17 0.20 0.20 0.18 0.10 0.20 0.04 0.17 0.17 0.16 0.27 0.17 0.22 0.09 0.16 0.08 0.00 0.16 0.11 0.10 0.22 0.10 0.18 0.13 0.16 0.11 0.21 0.06 0.10 0.10 0.20 0.09 0.02 0.09 0.05 0.17 0.16 0.06 0.24 0.26
0.21 0.15 0.19 0.02 0.26 0.23 0.14 0.16 0.23 0.15 0.25 0.16 0.21 0.26 0.15 0.23 0.16 0.00 0.06 0.12 0.21 0.10 0.17 0.14 0.17 0.06 0.20 0.11 0.07 0.06 0.04 0.08 0.17 0.07 0.12 0.15 0.16 0.17 0.23 0.25
0.21 0.21 0.25 0.08 0.21 0.25 0.08 0.22 0.21 0.21 0.32 0.22 0.27 0.20 0.21 0.17 0.11 0.06 0.00 0.15 0.27 0.15 0.23 0.18 0.21 0.09 0.27 0.05 0.13 0.12 0.10 0.07 0.12 0.08 0.06 0.22 0.21 0.11 0.29 0.31
0.09 0.16 0.10 0.14 0.14 0.10 0.14 0.07 0.11 0.07 0.17 0.07 0.12 0.13 0.07 0.11 0.10 0.12 0.15 0.00 0.12 0.03 0.09 0.03 0.06 0.07 0.12 0.10 0.06 0.06 0.17 0.07 0.07 0.07 0.14 0.07 0.06 0.04 0.15 0.17
0.15 0.10 0.11 0.19 0.20 0.16 0.26 0.05 0.17 0.06 0.12 0.08 0.06 0.19 0.06 0.16 0.22 0.21 0.27 0.12 0.00 0.12 0.04 0.09 0.10 0.18 0.07 0.23 0.14 0.15 0.17 0.20 0.20 0.19 0.26 0.08 0.09 0.17 0.02 0.09
0.12 0.13 0.11 0.11 0.17 0.13 0.14 0.08 0.14 0.07 0.17 0.07 0.12 0.16 0.07 0.13 0.10 0.10 0.15 0.03 0.12 0.00 0.09 0.04 0.07 0.06 0.12 0.10 0.04 0.04 0.14 0.07 0.08 0.07 0.13 0.07 0.06 0.07 0.15 0.17
0.16 0.08 0.13 0.15 0.21 0.18 0.23 0.04 0.18 0.03 0.14 0.10 0.04 0.21 0.06 0.18 0.18 0.17 0.23 0.09 0.04 0.09 0.00 0.09 0.12 0.14 0.08 0.19 0.10 0.11 0.14 0.16 0.16 0.15 0.22 0.10 0.11 0.13 0.06 0.11
0.08 0.17 0.07 0.15 0.13 0.09 0.17 0.04 0.10 0.06 0.14 0.04 0.12 0.12 0.04 0.10 0.13 0.14 0.18 0.03 0.09 0.04 0.09 0.00 0.04 0.09 0.09 0.13 0.07 0.07 0.17 0.10 0.11 0.10 0.17 0.04 0.03 0.07 0.12 0.14
0.04 0.20 0.04 0.18 0.09 0.06 0.20 0.07 0.06 0.09 0.11 0.02 0.16 0.09 0.06 0.07 0.16 0.17 0.21 0.06 0.10 0.07 0.12 0.04 0.00 0.12 0.06 0.16 0.11 0.11 0.21 0.13 0.14 0.13 0.20 0.02 0.01 0.10 0.10 0.11
0.15 0.12 0.16 0.07 0.21 0.17 0.08 0.13 0.17 0.12 0.23 0.13 0.18 0.20 0.12 0.17 0.11 0.06 0.09 0.07 0.18 0.06 0.14 0.09 0.12 0.00 0.17 0.05 0.04 0.04 0.10 0.02 0.12 0.02 0.08 0.13 0.12 0.11 0.20 0.22
0.08 0.17 0.04 0.19 0.13 0.10 0.26 0.04 0.10 0.05 0.06 0.04 0.12 0.13 0.05 0.13 0.21 0.20 0.27 0.12 0.07 0.12 0.08 0.09 0.06 0.17 0.00 0.22 0.14 0.14 0.17 0.19 0.19 0.19 0.25 0.05 0.06 0.16 0.06 0.05
0.17 0.17 0.21 0.12 0.15 0.21 0.04 0.18 0.17 0.17 0.27 0.17 0.22 0.15 0.17 0.12 0.06 0.11 0.05 0.10 0.23 0.10 0.19 0.13 0.16 0.05 0.22 0.00 0.09 0.08 0.15 0.03 0.07 0.03 0.03 0.17 0.16 0.06 0.25 0.27
0.15 0.10 0.12 0.08 0.20 0.17 0.12 0.09 0.17 0.08 0.18 0.09 0.14 0.19 0.08 0.17 0.10 0.07 0.13 0.06 0.14 0.04 0.10 0.07 0.11 0.04 0.14 0.09 0.00 0.01 0.10 0.06 0.11 0.05 0.12 0.09 0.10 0.11 0.16 0.18
0.15 0.10 0.12 0.08 0.20 0.17 0.12 0.10 0.17 0.09 0.19 0.10 0.14 0.19 0.09 0.17 0.10 0.06 0.12 0.06 0.15 0.04 0.11 0.07 0.11 0.04 0.14 0.08 0.01 0.00 0.10 0.05 0.11 0.05 0.11 0.09 0.10 0.11 0.17 0.19
0.25 0.11 0.22 0.03 0.30 0.27 0.17 0.14 0.27 0.12 0.23 0.19 0.17 0.30 0.15 0.27 0.20 0.04 0.10 0.17 0.17 0.14 0.14 0.17 0.21 0.10 0.17 0.15 0.10 0.10 0.00 0.12 0.21 0.12 0.15 0.19 0.20 0.21 0.20 0.21
0.14 0.14 0.17 0.09 0.18 0.17 0.07 0.15 0.15 0.14 0.24 0.15 0.19 0.18 0.14 0.15 0.09 0.08 0.07 0.07 0.20 0.07 0.16 0.10 0.13 0.02 0.19 0.03 0.06 0.05 0.12 0.00 0.10 0.00 0.06 0.14 0.13 0.09 0.22 0.24
0.14 0.21 0.18 0.19 0.09 0.18 0.07 0.15 0.14 0.14 0.24 0.15 0.20 0.08 0.14 0.06 0.02 0.17 0.12 0.07 0.20 0.08 0.16 0.11 0.14 0.12 0.19 0.07 0.11 0.11 0.21 0.10 0.00 0.10 0.06 0.15 0.14 0.03 0.22 0.24
0.14 0.13 0.17 0.09 0.19 0.17 0.07 0.15 0.16 0.14 0.24 0.14 0.19 0.18 0.14 0.15 0.09 0.07 0.08 0.07 0.19 0.07 0.15 0.10 0.13 0.02 0.19 0.03 0.05 0.05 0.12 0.00 0.10 0.00 0.07 0.14 0.13 0.09 0.21 0.24
0.20 0.20 0.24 0.13 0.15 0.24 0.02 0.21 0.20 0.20 0.30 0.21 0.26 0.14 0.20 0.12 0.05 0.12 0.06 0.14 0.26 0.13 0.22 0.17 0.20 0.08 0.25 0.03 0.12 0.11 0.15 0.06 0.06 0.07 0.00 0.21 0.20 0.09 0.28 0.30
0.06 0.18 0.03 0.17 0.11 0.08 0.21 0.06 0.08 0.07 0.10 0.00 0.14 0.11 0.04 0.09 0.17 0.15 0.22 0.07 0.08 0.07 0.10 0.04 0.02 0.13 0.05 0.17 0.09 0.09 0.19 0.14 0.15 0.14 0.21 0.00 0.01 0.11 0.07 0.10
0.05 0.19 0.04 0.17 0.10 0.07 0.20 0.07 0.07 0.08 0.11 0.01 0.15 0.10 0.05 0.07 0.16 0.16 0.21 0.06 0.09 0.06 0.11 0.03 0.01 0.12 0.06 0.16 0.10 0.10 0.20 0.13 0.14 0.13 0.20 0.01 0.00 0.10 0.09 0.11
0.11 0.20 0.15 0.18 0.10 0.15 0.10 0.12 0.11 0.11 0.21 0.12 0.16 0.09 0.11 0.06 0.06 0.17 0.11 0.04 0.17 0.07 0.13 0.07 0.10 0.11 0.16 0.06 0.11 0.11 0.21 0.09 0.03 0.09 0.09 0.11 0.10 0.00 0.19 0.21
0.14 0.11 0.10 0.21 0.19 0.15 0.29 0.07 0.16 0.08 0.11 0.07 0.07 0.18 0.08 0.16 0.24 0.23 0.29 0.15 0.02 0.15 0.06 0.12 0.10 0.20 0.06 0.25 0.16 0.17 0.20 0.22 0.22 0.21 0.28 0.07 0.09 0.19 0.00 0.09
0.10 0.19 0.06 0.24 0.16 0.07 0.31 0.09 0.10 0.10 0.03 0.09 0.15 0.18 0.10 0.18 0.26 0.25 0.31 0.17 0.09 0.17 0.11 0.14 0.11 0.22 0.05 0.27 0.18 0.19 0.21 0.24 0.24 0.24 0.30 0.10 0.11 0.21 0.09 0.00
Team_tasks_times:
Team 0:
1: 0.50
2: 0.50 1.00 1.00 1.00 1.00
3: 1.00 3.00 2.00
4: 1.00 3.00 2.00
5: 1.00 3.00 2.00
6: 1.00 3.00 2.00
7: 0.50 1.00 1.00 1.00 1.00
8: 0.50 1.00 1.00 1.00 1.00
9: 0.50 1.00 1.00 1.00 1.00
10: 0.50 1.00 1.00 1.00 1.00
11: 0.50 1.00 1.00 1.00 1.00
12: 0.50 1.00 1.00 1.00 1.00
13: 0.50 1.00 1.00 1.00 1.00
14: 0.50 1.00 1.00 1.00 1.00
15: 1.00 3.00 2.00
16: 1.00 3.00 2.00
17: 0.50 1.00 1.00 1.00 1.00
18: 0.50
19: 1.00 3.00 2.00
20: 0.50 1.00 1.00 1.00 1.00
21: 1.00 3.00 2.00
22: 0.50 1.00 1.00 1.00 1.00
23: 0.50 1.00 1.00 1.00 1.00
24: 0.50
25: 1.00 3.00 2.00
26: 0.50 1.00 1.00 1.00 1.00
27: 0.50
28: 0.50
29: 0.50 1.00 1.00 1.00 1.00
30: 0.50
31: 0.50
32: 0.50 1.00 1.00 1.00 1.00
33: 0.50 1.00 1.00 1.00 1.00
34: 0.50
35: 1.00 3.00 2.00
36: 0.50 1.00 1.00 1.00 1.00
37: 0.50
38: 0.50 1.00 1.00 1.00 1.00
39: 0.50
Team 1:
1: 2000.00
2: 1.00 1.00 4.00 1.00 0.25
3: 2.00 1.00 4.00
4: 2.00 1.00 4.00
5: 2.00 1.00 4.00
6: 2.00 1.00 4.00
7: 1.00 1.00 4.00 1.00 0.25
8: 1.00 1.00 4.00 1.00 0.25
9: 1.00 1.00 4.00 1.00 0.25
10: 1.00 1.00 4.00 1.00 0.25
11: 1.00 1.00 4.00 1.00 0.25
12: 1.00 1.00 4.00 1.00 0.25
13: 1.00 1.00 4.00 1.00 0.25
14: 1.00 1.00 4.00 1.00 0.25
15: 2.00 1.00 4.00
16: 2.00 1.00 4.00
17: 1.00 1.00 4.00 1.00 0.25
18: 2000.00
19: 2.00 1.00 4.00
20: 1.00 1.00 4.00 1.00 0.25
21: 2.00 1.00 4.00
22: 1.00 1.00 4.00 1.00 0.25
23: 1.00 1.00 4.00 1.00 0.25
24: 2000.00
25: 2.00 1.00 4.00
26: 1.00 1.00 4.00 1.00 0.25
27: 2000.00
28: 2000.00
29: 1.00 1.00 4.00 1.00 0.25
30: 2000.00
31: 2000.00
32: 1.00 1.00 4.00 1.00 0.25
33: 1.00 1.00 4.00 1.00 0.25
34: 2000.00
35: 2.00 1.00 4.00
36: 1.00 1.00 4.00 1.00 0.25
37: 2000.00
38: 1.00 1.00 4.00 1.00 0.25
39: 2000.00
Team 2:
1: 2000.00
2: 0.50 0.25 4.00 0.75 1.00
3: 0.50 0.75 2.00
4: 0.50 0.75 2.00
5: 0.50 0.75 2.00
6: 0.50 0.75 2.00
7: 0.50 0.25 4.00 0.75 1.00
8: 0.50 0.25 4.00 0.75 1.00
9: 0.50 0.25 4.00 0.75 1.00
10: 0.50 0.25 4.00 0.75 1.00
11: 0.50 0.25 4.00 0.75 1.00
12: 0.50 0.25 4.00 0.75 1.00
13: 0.50 0.25 4.00 0.75 1.00
14: 0.50 0.25 4.00 0.75 1.00
15: 0.50 0.75 2.00
16: 0.50 0.75 2.00
17: 0.50 0.25 4.00 0.75 1.00
18: 2000.00
19: 0.50 0.75 2.00
20: 0.50 0.25 4.00 0.75 1.00
21: 0.50 0.75 2.00
22: 0.50 0.25 4.00 0.75 1.00
23: 0.50 0.25 4.00 0.75 1.00
24: 2000.00
25: 0.50 0.75 2.00
26: 0.50 0.25 4.00 0.75 1.00
27: 2000.00
28: 2000.00
29: 0.50 0.25 4.00 0.75 1.00
30: 2000.00
31: 2000.00
32: 0.50 0.25 4.00 0.75 1.00
33: 0.50 0.25 4.00 0.75 1.00
34: 2000.00
35: 0.50 0.75 2.00
36: 0.50 0.25 4.00 0.75 1.00
37: 2000.00
38: 0.50 0.25 4.00 0.75 1.00
39: 2000.00
