Number_of_customers: 40
Number_of_teams: 3
Number_of_services: 1
Customers_requested_services:
0 0 0 0 0 0 0 0 0 0 0 0 0 0 0 0 0 0 0 0 0 0 0 0 0 0 0 0 0 0 0 0 0 0 0 0 0 0 0
Daily_available_time: 8
Service 0:
Number_of_tasks: 3
Dependencies:
0: 2
1: 
2: 1
Travel_times:
0.00 0.35 0.25 0.40 0.20 0.05 0.18 0.29 0.21 0.04 0.29 0.16 0.11 0.31 0.32 0.15 0.22 0.03 0.11 0.14 0.29 0.04 0.32 0.33 0.09 0.15 0.15 0.12 0.20 0.22 0.24 0.09 0.22 0.16 0.30 0.40 0.16 0.12 0.30 0.23
0.35 0.00 0.28 0.12 0.23 0.30 0.17 0.07 0.18 0.31 0.07 0.20 0.25 0.20 0.03 0.21 0.17 0.33 0.24 0.22 0.11 0.31 0.14 0.07 0.26 0.20 0.21 0.23 0.16 0.14 0.12 0.27 0.24 0.19 0.06 0.06 0.20 0.23 0.06 0.12
0.25 0.28 0.00 0.19 0.05 0.24 0.33 0.35 0.46 0.28 0.29 0.12 0.36 0.09 0.26 0.22 0.11 0.26 0.14 0.24 0.40 0.25 0.15 0.21 0.22 0.27 0.36 0.35 0.12 0.40 0.40 0.29 0.04 0.20 0.27 0.22 0.15 0.15 0.23 0.27
0.40 0.12 0.19 0.00 0.21 0.35 0.22 0.18 0.29 0.36 0.12 0.25 0.30 0.10 0.09 0.26 0.18 0.38 0.29 0.27 0.23 0.36 0.08 0.07 0.31 0.25 0.26 0.28 0.21 0.24 0.23 0.32 0.18 0.24 0.11 0.06 0.25 0.28 0.10 0.17
0.20 0.23 0.05 0.21 0.00 0.18 0.27 0.30 0.41 0.23 0.23 0.07 0.31 0.11 0.20 0.17 0.06 0.21 0.09 0.19 0.34 0.19 0.12 0.16 0.17 0.21 0.31 0.30 0.07 0.35 0.35 0.24 0.03 0.15 0.22 0.21 0.10 0.10 0.17 0.22
0.05 0.30 0.24 0.35 0.18 0.00 0.13 0.23 0.22 0.04 0.23 0.12 0.12 0.25 0.27 0.10 0.17 0.03 0.10 0.08 0.23 0.01 0.27 0.28 0.04 0.10 0.12 0.11 0.14 0.17 0.19 0.05 0.20 0.11 0.25 0.35 0.11 0.09 0.25 0.17
0.18 0.17 0.33 0.22 0.27 0.13 0.00 0.10 0.14 0.14 0.10 0.20 0.08 0.25 0.14 0.10 0.21 0.16 0.19 0.09 0.10 0.14 0.18 0.14 0.11 0.06 0.04 0.07 0.20 0.08 0.07 0.10 0.28 0.13 0.11 0.22 0.17 0.17 0.12 0.05
0.29 0.07 0.35 0.18 0.30 0.23 0.10 0.00 0.11 0.24 0.07 0.23 0.18 0.27 0.10 0.14 0.24 0.26 0.21 0.15 0.04 0.24 0.21 0.14 0.19 0.13 0.14 0.17 0.23 0.07 0.05 0.20 0.31 0.15 0.08 0.13 0.20 0.20 0.12 0.08
0.21 0.18 0.46 0.29 0.41 0.22 0.14 0.11 0.00 0.18 0.17 0.34 0.11 0.38 0.21 0.24 0.35 0.20 0.32 0.22 0.07 0.21 0.32 0.25 0.24 0.19 0.10 0.11 0.34 0.06 0.06 0.17 0.42 0.26 0.19 0.24 0.31 0.31 0.24 0.19
0.04 0.31 0.28 0.36 0.23 0.04 0.14 0.24 0.18 0.00 0.24 0.15 0.08 0.26 0.28 0.11 0.18 0.02 0.14 0.09 0.24 0.03 0.28 0.29 0.06 0.11 0.11 0.08 0.15 0.17 0.20 0.04 0.24 0.12 0.26 0.36 0.12 0.13 0.26 0.18
0.29 0.07 0.29 0.12 0.23 0.23 0.10 0.07 0.17 0.24 0.00 0.16 0.18 0.21 0.04 0.14 0.17 0.26 0.17 0.15 0.11 0.24 0.14 0.07 0.19 0.13 0.14 0.17 0.16 0.12 0.11 0.20 0.24 0.12 0.01 0.12 0.13 0.16 0.06 0.06
0.16 0.20 0.12 0.25 0.07 0.12 0.20 0.23 0.34 0.15 0.16 0.00 0.24 0.15 0.16 0.10 0.06 0.14 0.04 0.12 0.27 0.12 0.16 0.17 0.10 0.15 0.24 0.23 0.04 0.28 0.28 0.17 0.08 0.07 0.15 0.25 0.03 0.03 0.14 0.15
0.11 0.25 0.36 0.30 0.31 0.12 0.08 0.18 0.11 0.08 0.18 0.24 0.00 0.28 0.21 0.14 0.25 0.10 0.22 0.12 0.18 0.12 0.21 0.22 0.14 0.09 0.04 0.02 0.24 0.11 0.14 0.07 0.32 0.16 0.19 0.30 0.21 0.21 0.20 0.12
0.31 0.20 0.09 0.10 0.11 0.25 0.25 0.27 0.38 0.26 0.21 0.15 0.28 0.00 0.17 0.16 0.09 0.28 0.19 0.17 0.32 0.26 0.07 0.13 0.21 0.19 0.28 0.27 0.11 0.32 0.32 0.22 0.08 0.14 0.19 0.14 0.15 0.18 0.15 0.19
0.32 0.03 0.26 0.09 0.20 0.27 0.14 0.10 0.21 0.28 0.04 0.16 0.21 0.17 0.00 0.17 0.15 0.29 0.21 0.18 0.14 0.28 0.11 0.04 0.23 0.17 0.17 0.20 0.13 0.15 0.14 0.23 0.21 0.16 0.02 0.08 0.16 0.20 0.03 0.09
0.15 0.21 0.22 0.26 0.17 0.10 0.10 0.14 0.24 0.11 0.14 0.10 0.14 0.16 0.17 0.00 0.11 0.12 0.09 0.02 0.17 0.10 0.17 0.18 0.06 0.04 0.14 0.13 0.10 0.18 0.17 0.07 0.18 0.03 0.15 0.26 0.07 0.07 0.15 0.08
0.22 0.17 0.11 0.18 0.06 0.17 0.21 0.24 0.35 0.18 0.17 0.06 0.25 0.09 0.15 0.11 0.00 0.19 0.11 0.13 0.29 0.17 0.10 0.11 0.13 0.16 0.25 0.24 0.03 0.29 0.29 0.18 0.07 0.09 0.16 0.18 0.06 0.10 0.12 0.16
0.03 0.33 0.26 0.38 0.21 0.03 0.16 0.26 0.20 0.02 0.26 0.14 0.10 0.28 0.29 0.12 0.19 0.00 0.12 0.11 0.26 0.02 0.29 0.30 0.07 0.12 0.12 0.09 0.17 0.19 0.21 0.06 0.21 0.14 0.27 0.38 0.13 0.11 0.27 0.20
0.11 0.24 0.14 0.29 0.09 0.10 0.19 0.21 0.32 0.14 0.17 0.04 0.22 0.19 0.21 0.09 0.11 0.12 0.00 0.10 0.26 0.11 0.21 0.21 0.08 0.13 0.22 0.21 0.08 0.27 0.26 0.15 0.11 0.06 0.18 0.29 0.04 0.01 0.19 0.14
0.14 0.22 0.24 0.27 0.19 0.08 0.09 0.15 0.22 0.09 0.15 0.12 0.12 0.17 0.18 0.02 0.13 0.11 0.10 0.00 0.15 0.09 0.18 0.19 0.04 0.03 0.12 0.11 0.12 0.16 0.16 0.05 0.20 0.04 0.16 0.27 0.09 0.09 0.17 0.09
0.29 0.11 0.40 0.23 0.34 0.23 0.10 0.04 0.07 0.24 0.11 0.27 0.18 0.32 0.14 0.17 0.29 0.26 0.26 0.15 0.00 0.24 0.25 0.18 0.19 0.13 0.14 0.17 0.27 0.07 0.04 0.20 0.35 0.20 0.12 0.17 0.24 0.25 0.17 0.12
0.04 0.31 0.25 0.36 0.19 0.01 0.14 0.24 0.21 0.03 0.24 0.12 0.12 0.26 0.28 0.10 0.17 0.02 0.11 0.09 0.24 0.00 0.28 0.28 0.05 0.11 0.11 0.11 0.15 0.17 0.20 0.04 0.20 0.12 0.25 0.36 0.11 0.10 0.26 0.18
0.32 0.14 0.15 0.08 0.12 0.27 0.18 0.21 0.32 0.28 0.14 0.16 0.21 0.07 0.11 0.17 0.10 0.29 0.21 0.18 0.25 0.28 0.00 0.07 0.23 0.17 0.21 0.21 0.12 0.26 0.25 0.23 0.10 0.16 0.13 0.08 0.16 0.20 0.08 0.13
0.33 0.07 0.21 0.07 0.16 0.28 0.14 0.14 0.25 0.29 0.07 0.17 0.22 0.13 0.04 0.18 0.11 0.30 0.21 0.19 0.18 0.28 0.07 0.00 0.24 0.17 0.18 0.21 0.13 0.19 0.18 0.24 0.17 0.17 0.06 0.07 0.17 0.20 0.03 0.10
0.09 0.26 0.22 0.31 0.17 0.04 0.11 0.19 0.24 0.06 0.19 0.10 0.14 0.21 0.23 0.06 0.13 0.07 0.08 0.04 0.19 0.05 0.23 0.24 0.00 0.06 0.14 0.13 0.10 0.18 0.18 0.07 0.17 0.07 0.21 0.31 0.07 0.07 0.21 0.14
0.15 0.20 0.27 0.25 0.21 0.10 0.06 0.13 0.19 0.11 0.13 0.15 0.09 0.19 0.17 0.04 0.16 0.12 0.13 0.03 0.13 0.11 0.17 0.17 0.06 0.00 0.09 0.08 0.14 0.14 0.13 0.07 0.23 0.07 0.15 0.25 0.12 0.12 0.15 0.07
0.15 0.21 0.36 0.26 0.31 0.12 0.04 0.14 0.10 0.11 0.14 0.24 0.04 0.28 0.17 0.14 0.25 0.12 0.22 0.12 0.14 0.11 0.21 0.18 0.14 0.09 0.00 0.03 0.23 0.07 0.10 0.07 0.32 0.16 0.15 0.26 0.21 0.21 0.15 0.09
0.12 0.23 0.35 0.28 0.30 0.11 0.07 0.17 0.11 0.08 0.17 0.23 0.02 0.27 0.20 0.13 0.24 0.09 0.21 0.11 0.17 0.11 0.21 0.21 0.13 0.08 0.03 0.00 0.23 0.10 0.12 0.06 0.31 0.15 0.18 0.28 0.20 0.20 0.18 0.11
0.20 0.16 0.12 0.21 0.07 0.14 0.20 0.23 0.34 0.15 0.16 0.04 0.24 0.11 0.13 0.10 0.03 0.17 0.08 0.12 0.27 0.15 0.12 0.13 0.10 0.14 0.23 0.23 0.00 0.28 0.27 0.16 0.08 0.07 0.15 0.21 0.04 0.07 0.11 0.15
0.22 0.14 0.40 0.24 0.35 0.17 0.08 0.07 0.06 0.17 0.12 0.28 0.11 0.32 0.15 0.18 0.29 0.19 0.27 0.16 0.07 0.17 0.26 0.19 0.18 0.14 0.07 0.10 0.28 0.00 0.03 0.13 0.36 0.21 0.13 0.18 0.25 0.25 0.18 0.13
0.24 0.12 0.40 0.23 0.35 0.19 0.07 0.05 0.06 0.20 0.11 0.28 0.14 0.32 0.14 0.17 0.29 0.21 0.26 0.16 0.04 0.20 0.25 0.18 0.18 0.13 0.10 0.12 0.27 0.03 0.00 0.15 0.36 0.20 0.12 0.17 0.25 0.25 0.17 0.12
0.09 0.27 0.29 0.32 0.24 0.05 0.10 0.20 0.17 0.04 0.20 0.17 0.07 0.22 0.23 0.07 0.18 0.06 0.15 0.05 0.20 0.04 0.23 0.24 0.07 0.07 0.07 0.06 0.16 0.13 0.15 0.00 0.25 0.09 0.21 0.32 0.14 0.14 0.21 0.14
0.22 0.24 0.04 0.18 0.03 0.20 0.28 0.31 0.42 0.24 0.24 0.08 0.32 0.08 0.21 0.18 0.07 0.21 0.11 0.20 0.35 0.20 0.10 0.17 0.17 0.23 0.32 0.31 0.08 0.36 0.36 0.25 0.00 0.15 0.23 0.18 0.11 0.11 0.18 0.23
0.16 0.19 0.20 0.24 0.15 0.11 0.13 0.15 0.26 0.12 0.12 0.07 0.16 0.14 0.16 0.03 0.09 0.14 0.06 0.04 0.20 0.12 0.16 0.17 0.07 0.07 0.16 0.15 0.07 0.21 0.20 0.09 0.15 0.00 0.14 0.24 0.04 0.05 0.14 0.07
0.30 0.06 0.27 0.11 0.22 0.25 0.11 0.08 0.19 0.26 0.01 0.15 0.19 0.19 0.02 0.15 0.16 0.27 0.18 0.16 0.12 0.25 0.13 0.06 0.21 0.15 0.15 0.18 0.15 0.13 0.12 0.21 0.23 0.14 0.00 0.11 0.14 0.17 0.05 0.07
0.40 0.06 0.22 0.06 0.21 0.35 0.22 0.13 0.24 0.36 0.12 0.25 0.30 0.14 0.08 0.26 0.18 0.38 0.29 0.27 0.17 0.36 0.08 0.07 0.31 0.25 0.26 0.28 0.21 0.18 0.17 0.32 0.18 0.24 0.11 0.00 0.25 0.28 0.10 0.17
0.16 0.20 0.15 0.25 0.10 0.11 0.17 0.20 0.31 0.12 0.13 0.03 0.21 0.15 0.16 0.07 0.06 0.13 0.04 0.09 0.24 0.11 0.16 0.17 0.07 0.12 0.21 0.20 0.04 0.25 0.25 0.14 0.11 0.04 0.14 0.25 0.00 0.03 0.14 0.12
0.12 0.23 0.15 0.28 0.10 0.09 0.17 0.20 0.31 0.13 0.16 0.03 0.21 0.18 0.20 0.07 0.10 0.11 0.01 0.09 0.25 0.10 0.20 0.20 0.07 0.12 0.21 0.20 0.07 0.25 0.25 0.14 0.11 0.05 0.17 0.28 0.03 0.00 0.17 0.12
0.30 0.06 0.23 0.10 0.17 0.25 0.12 0.12 0.24 0.26 0.06 0.14 0.20 0.15 0.03 0.15 0.12 0.27 0.19 0.17 0.17 0.26 0.08 0.03 0.21 0.15 0.15 0.18 0.11 0.18 0.17 0.21 0.18 0.14 0.05 0.10 0.14 0.17 0.00 0.07
0.23 0.12 0.27 0.17 0.22 0.17 0.05 0.08 0.19 0.18 0.06 0.15 0.12 0.19 0.09 0.08 0.16 0.20 0.14 0.09 0.12 0.18 0.13 0.10 0.14 0.07 0.09 0.11 0.15 0.13 0.12 0.14 0.23 0.07 0.07 0.17 0.12 0.12 0.07 0.00
Team_tasks_times:
Team 0:
1: 0.25 1000.00 1000.00
2: 0.25 1000.00 1000.00
3: 0.25 1000.00 1000.00
4: 0.25 1000.00 1000.00
5: 0.25 1000.00 1000.00
6: 0.25 1000.00 1000.00
7: 0.25 1000.00 1000.00
8: 0.25 1000.00 1000.00
9: 0.25 1000.00 1000.00
10: 0.25 1000.00 1000.00
11: 0.25 1000.00 1000.00
12: 0.25 1000.00 1000.00
13: 0.25 1000.00 1000.00
14: 0.25 1000.00 1000.00
15: 0.25 1000.00 1000.00
16: 0.25 1000.00 1000.00
17: 0.25 1000.00 1000.00
18: 0.25 1000.00 1000.00
19: 0.25 1000.00 1000.00
20: 0.25 1000.00 1000.00
21: 0.25 1000.00 1000.00
22: 0.25 1000.00 1000.00
23: 0.25 1000.00 1000.00
24: 0.25 1000.00 1000.00
25: 0.25 1000.00 1000.00
26: 0.25 1000.00 1000.00
27: 0.25 1000.00 1000.00
28: 0.25 1000.00 1000.00
29: 0.25 1000.00 1000.00
30: 0.25 1000.00 1000.00
31: 0.25 1000.00 1000.00
32: 0.25 1000.00 1000.00
33: 0.25 1000.00 1000.00
34: 0.25 1000.00 1000.00
35: 0.25 1000.00 1000.00
36: 0.25 1000.00 1000.00
37: 0.25 1000.00 1000.00
38: 0.25 1000.00 1000.00
39: 0.25 1000.00 1000.00
Team 1:
1: 1000.00 0.50 1000.00
2: 1000.00 0.50 1000.00
3: 1000.00 0.50 1000.00
4: 1000.00 0.50 1000.00
5: 1000.00 0.50 1000.00
6: 1000.00 0.50 1000.00
7: 1000.00 0.50 1000.00
8: 1000.00 0.50 1000.00
9: 1000.00 0.50 1000.00
10: 1000.00 0.50 1000.00
11: 1000.00 0.50 1000.00
12: 1000.00 0.50 1000.00
13: 1000.00 0.50 1000.00
14: 1000.00 0.50 1000.00
15: 1000.00 0.50 1000.00
16: 1000.00 0.50 1000.00
17: 1000.00 0.50 1000.00
18: 1000.00 0.50 1000.00
19: 1000.00 0.50 1000.00
20: 1000.00 0.50 1000.00
21: 1000.00 0.50 1000.00
22: 1000.00 0.50 1000.00
23: 1000.00 0.50 1000.00
24: 1000.00 0.50 1000.00
25: 1000.00 0.50 1000.00
26: 1000.00 0.50 1000.00
27: 1000.00 0.50 1000.00
28: 1000.00 0.50 1000.00
29: 1000.00 0.50 1000.00
30: 1000.00 0.50 1000.00
31: 1000.00 0.50 1000.00
32: 1000.00 0.50 1000.00
33: 1000.00 0.50 1000.00
34: 1000.00 0.50 1000.00
35: 1000.00 0.50 1000.00
36: 1000.00 0.50 1000.00
37: 1000.00 0.50 1000.00
38: 1000.00 0.50 1000.00
39: 1000.00 0.50 1000.00
Team 2:
1: 1000.00 1000.00 0.75
2: 1000.00 1000.00 0.75
3: 1000.00 1000.00 0.75
4: 1000.00 1000.00 0.75
5: 1000.00 1000.00 0.75
6: 1000.00 1000.00 0.75
7: 1000.00 1000.00 0.75
8: 1000.00 1000.00 0.75
9: 1000.00 1000.00 0.75
10: 1000.00 1000.00 0.75
11: 1000.00 1000.00 0.75
12: 1000.00 1000.00 0.75
13: 1000.00 1000.00 0.75
14: 1000.00 1000.00 0.75
15: 1000.00 1000.00 0.75
16: 1000.00 1000.00 0.75
17: 1000.00 1000.00 0.75
18: 1000.00 1000.00 0.75
19: 1000.00 1000.00 0.75
20: 1000.00 1000.00 0.75
21: 1000.00 1000.00 0.75
22: 1000.00 1000.00 0.75
23: 1000.00 1000.00 0.75
24: 1000.00 1000.00 0.75
25: 1000.00 1000.00 0.75
26: 1000.00 1000.00 0.75
27: 1000.00 1000.00 0.75
28: 1000.00 1000.00 0.75
29: 1000.00 1000.00 0.75
30: 1000.00 1000.00 0.75
31: 1000.00 1000.00 0.75
32: 1000.00 1000.00 0.75
33: 1000.00 1000.00 0.75
34: 1000.00 1000.00 0.75
35: 1000.00 1000.00 0.75
36: 1000.00 1000.00 0.75
37: 1000.00 1000.00 0.75
38: 1000.00 1000.00 0.75
39: 1000.00 1000.00 0.75
