Number_of_customers: 50
Number_of_teams: 3
Number_of_services: 3
Customers_requested_services:
2 1 0 0 1 1 2 2 0 0 2 2 1 2 2 2 1 1 2 1 2 1 0 1 1 0 2 0 1 0 0 1 0 2 0 1 1 1 0 0 1 1 2 1 0 1 2 1 2
Daily_available_time: 8
Service 0:
Number_of_tasks: 1
Dependencies:
0: 
Service 1:
Number_of_tasks: 3
Dependencies:
0: 
1: 0
2: 1
Service 2:
Number_of_tasks: 5
Dependencies:
0: 
1: 
2: 4
3: 
4: 0 1 3
Travel_times:
0.00 0.35 0.07 0.26 0.38 0.31 0.17 0.28 0.25 0.24 0.33 0.14 0.15 0.25 0.07 0.19 0.32 0.25 0.07 0.01 0.33 0.08 0.15 0.20 0.26 0.33 0.30 0.08 0.32 0.10 0.07 0.29 0.13 0.18 0.23 0.18 0.04 0.17 0.24 0.16 0.20 0.01 0.24 0.29 0.23 0.24 0.10 0.25 0.26 0.18
0.35 0.00 0.28 0.09 0.03 0.04 0.18 0.17 0.10 0.11 0.02 0.21 0.20 0.10 0.28 0.16 0.08 0.23 0.30 0.34 0.02 0.27 0.20 0.15 0.09 0.09 0.06 0.27 0.03 0.25 0.28 0.06 0.22 0.17 0.21 0.17 0.31 0.24 0.11 0.20 0.18 0.34 0.23 0.06 0.12 0.11 0.25 0.23 0.09 0.17
0.07 0.28 0.00 0.18 0.30 0.24 0.09 0.21 0.17 0.17 0.25 0.10 0.07 0.17 0.03 0.13 0.25 0.22 0.05 0.07 0.26 0.05 0.13 0.13 0.19 0.26 0.23 0.04 0.25 0.11 0.06 0.21 0.08 0.14 0.20 0.11 0.04 0.15 0.17 0.18 0.17 0.07 0.22 0.21 0.16 0.17 0.06 0.22 0.18 0.15
0.26 0.09 0.18 0.00 0.12 0.05 0.09 0.15 0.11 0.02 0.07 0.12 0.11 0.11 0.19 0.13 0.07 0.22 0.21 0.25 0.07 0.18 0.13 0.06 0.10 0.08 0.07 0.18 0.06 0.16 0.18 0.03 0.13 0.14 0.20 0.08 0.22 0.15 0.04 0.18 0.17 0.25 0.22 0.03 0.07 0.10 0.16 0.22 0.10 0.15
0.38 0.03 0.30 0.12 0.00 0.07 0.21 0.15 0.13 0.14 0.05 0.24 0.23 0.13 0.31 0.19 0.07 0.22 0.33 0.37 0.04 0.30 0.23 0.17 0.12 0.07 0.08 0.30 0.06 0.28 0.30 0.09 0.25 0.19 0.20 0.20 0.34 0.27 0.13 0.23 0.18 0.37 0.22 0.09 0.14 0.14 0.28 0.22 0.12 0.20
0.31 0.04 0.24 0.05 0.07 0.00 0.15 0.18 0.08 0.07 0.02 0.17 0.16 0.09 0.25 0.12 0.10 0.25 0.27 0.30 0.02 0.23 0.16 0.11 0.07 0.11 0.04 0.23 0.04 0.21 0.24 0.03 0.18 0.13 0.23 0.13 0.27 0.21 0.07 0.16 0.20 0.30 0.25 0.04 0.10 0.07 0.21 0.25 0.07 0.17
0.17 0.18 0.09 0.09 0.21 0.15 0.00 0.12 0.15 0.07 0.16 0.05 0.02 0.16 0.10 0.18 0.15 0.17 0.12 0.16 0.17 0.09 0.08 0.04 0.15 0.17 0.13 0.09 0.15 0.16 0.10 0.12 0.04 0.18 0.15 0.07 0.13 0.10 0.08 0.23 0.12 0.16 0.17 0.12 0.07 0.14 0.07 0.17 0.14 0.10
0.28 0.17 0.21 0.15 0.15 0.18 0.12 0.00 0.26 0.16 0.17 0.15 0.14 0.27 0.22 0.29 0.09 0.07 0.24 0.28 0.18 0.20 0.13 0.10 0.26 0.08 0.23 0.20 0.15 0.27 0.21 0.17 0.15 0.29 0.06 0.17 0.25 0.18 0.19 0.34 0.09 0.28 0.07 0.14 0.08 0.25 0.18 0.12 0.25 0.11
0.25 0.10 0.17 0.11 0.13 0.08 0.15 0.26 0.00 0.10 0.09 0.20 0.13 0.01 0.18 0.06 0.17 0.33 0.20 0.24 0.09 0.17 0.23 0.16 0.01 0.18 0.05 0.17 0.12 0.15 0.17 0.09 0.18 0.07 0.30 0.09 0.21 0.25 0.07 0.10 0.28 0.24 0.33 0.12 0.18 0.01 0.16 0.33 0.01 0.25
0.24 0.11 0.17 0.02 0.14 0.07 0.07 0.16 0.10 0.00 0.09 0.10 0.09 0.11 0.17 0.13 0.08 0.23 0.20 0.23 0.09 0.16 0.13 0.06 0.10 0.09 0.07 0.16 0.08 0.14 0.17 0.04 0.11 0.13 0.20 0.06 0.20 0.15 0.03 0.18 0.17 0.23 0.22 0.04 0.08 0.09 0.14 0.23 0.09 0.15
0.33 0.02 0.25 0.07 0.05 0.02 0.16 0.17 0.09 0.09 0.00 0.19 0.18 0.10 0.26 0.14 0.08 0.24 0.28 0.32 0.01 0.25 0.17 0.12 0.09 0.09 0.06 0.25 0.02 0.23 0.25 0.04 0.20 0.14 0.21 0.15 0.29 0.22 0.08 0.18 0.18 0.32 0.23 0.04 0.09 0.09 0.23 0.24 0.08 0.16
0.14 0.21 0.10 0.12 0.24 0.17 0.05 0.15 0.20 0.10 0.19 0.00 0.07 0.21 0.07 0.23 0.18 0.13 0.09 0.13 0.20 0.06 0.03 0.06 0.20 0.19 0.17 0.06 0.18 0.21 0.15 0.15 0.02 0.23 0.10 0.12 0.10 0.05 0.13 0.28 0.08 0.13 0.12 0.15 0.10 0.19 0.04 0.13 0.19 0.05
0.15 0.20 0.07 0.11 0.23 0.16 0.02 0.14 0.13 0.09 0.18 0.07 0.00 0.14 0.08 0.15 0.17 0.20 0.10 0.14 0.18 0.07 0.10 0.05 0.13 0.18 0.15 0.07 0.17 0.14 0.08 0.14 0.06 0.16 0.17 0.04 0.11 0.12 0.10 0.21 0.15 0.14 0.20 0.14 0.09 0.12 0.05 0.20 0.12 0.12
0.25 0.10 0.17 0.11 0.13 0.09 0.16 0.27 0.01 0.11 0.10 0.21 0.14 0.00 0.18 0.06 0.18 0.34 0.20 0.24 0.09 0.17 0.24 0.17 0.02 0.19 0.05 0.17 0.12 0.15 0.17 0.10 0.19 0.06 0.31 0.09 0.21 0.26 0.08 0.10 0.29 0.24 0.33 0.12 0.19 0.02 0.17 0.34 0.02 0.26
0.07 0.28 0.03 0.19 0.31 0.25 0.10 0.22 0.18 0.17 0.26 0.07 0.08 0.18 0.00 0.16 0.26 0.19 0.02 0.06 0.27 0.02 0.10 0.14 0.20 0.27 0.23 0.02 0.25 0.14 0.09 0.22 0.06 0.17 0.17 0.11 0.03 0.12 0.18 0.21 0.14 0.06 0.19 0.22 0.17 0.17 0.04 0.19 0.19 0.11
0.19 0.16 0.13 0.13 0.19 0.12 0.18 0.29 0.06 0.13 0.14 0.23 0.15 0.06 0.16 0.00 0.20 0.35 0.18 0.18 0.15 0.18 0.26 0.19 0.07 0.21 0.11 0.17 0.14 0.09 0.12 0.11 0.21 0.01 0.33 0.11 0.15 0.28 0.10 0.05 0.30 0.18 0.35 0.14 0.21 0.05 0.19 0.35 0.07 0.28
0.32 0.08 0.25 0.07 0.07 0.10 0.15 0.09 0.17 0.08 0.08 0.18 0.17 0.18 0.26 0.20 0.00 0.15 0.28 0.31 0.09 0.24 0.17 0.12 0.17 0.01 0.14 0.24 0.06 0.22 0.25 0.09 0.19 0.20 0.13 0.14 0.28 0.21 0.10 0.25 0.12 0.31 0.15 0.06 0.09 0.16 0.22 0.16 0.16 0.14
0.25 0.23 0.22 0.22 0.22 0.25 0.17 0.07 0.33 0.23 0.24 0.13 0.20 0.34 0.19 0.35 0.15 0.00 0.17 0.24 0.25 0.17 0.10 0.17 0.33 0.15 0.29 0.18 0.21 0.33 0.28 0.24 0.14 0.36 0.03 0.24 0.22 0.11 0.26 0.40 0.05 0.24 0.01 0.21 0.15 0.32 0.17 0.06 0.32 0.08
0.07 0.30 0.05 0.21 0.33 0.27 0.12 0.24 0.20 0.20 0.28 0.09 0.10 0.20 0.02 0.18 0.28 0.17 0.00 0.07 0.29 0.04 0.11 0.15 0.21 0.29 0.25 0.04 0.27 0.16 0.11 0.24 0.08 0.19 0.18 0.13 0.05 0.10 0.20 0.23 0.15 0.07 0.17 0.24 0.19 0.19 0.06 0.17 0.21 0.13
0.01 0.34 0.07 0.25 0.37 0.30 0.16 0.28 0.24 0.23 0.32 0.13 0.14 0.24 0.06 0.18 0.31 0.24 0.07 0.00 0.33 0.07 0.14 0.19 0.25 0.32 0.29 0.07 0.31 0.10 0.07 0.28 0.12 0.17 0.22 0.17 0.03 0.16 0.24 0.17 0.19 0.01 0.24 0.28 0.23 0.23 0.09 0.24 0.25 0.17
0.33 0.02 0.26 0.07 0.04 0.02 0.17 0.18 0.09 0.09 0.01 0.20 0.18 0.09 0.27 0.15 0.09 0.25 0.29 0.33 0.00 0.25 0.18 0.13 0.08 0.10 0.04 0.25 0.04 0.24 0.26 0.05 0.21 0.15 0.22 0.15 0.30 0.23 0.09 0.18 0.20 0.33 0.25 0.05 0.10 0.10 0.23 0.25 0.07 0.17
0.08 0.27 0.05 0.18 0.30 0.23 0.09 0.20 0.17 0.16 0.25 0.06 0.07 0.17 0.02 0.18 0.24 0.17 0.04 0.07 0.25 0.00 0.07 0.12 0.18 0.25 0.22 0.01 0.24 0.16 0.11 0.21 0.05 0.19 0.15 0.10 0.05 0.10 0.16 0.23 0.12 0.07 0.17 0.21 0.15 0.16 0.02 0.17 0.18 0.10
0.15 0.20 0.13 0.13 0.23 0.16 0.08 0.13 0.23 0.13 0.17 0.03 0.10 0.24 0.10 0.26 0.17 0.10 0.11 0.14 0.18 0.07 0.00 0.07 0.23 0.18 0.20 0.09 0.17 0.24 0.18 0.15 0.05 0.26 0.07 0.15 0.13 0.04 0.16 0.31 0.04 0.15 0.09 0.14 0.08 0.22 0.07 0.10 0.22 0.03
0.20 0.15 0.13 0.06 0.17 0.11 0.04 0.10 0.16 0.06 0.12 0.06 0.05 0.17 0.14 0.19 0.12 0.17 0.15 0.19 0.13 0.12 0.07 0.00 0.16 0.13 0.13 0.12 0.12 0.17 0.13 0.09 0.07 0.19 0.14 0.08 0.16 0.10 0.09 0.24 0.12 0.19 0.16 0.09 0.03 0.15 0.10 0.17 0.15 0.09
0.26 0.09 0.19 0.10 0.12 0.07 0.15 0.26 0.01 0.10 0.09 0.20 0.13 0.02 0.20 0.07 0.17 0.33 0.21 0.25 0.08 0.18 0.23 0.16 0.00 0.18 0.04 0.18 0.11 0.16 0.19 0.09 0.18 0.08 0.30 0.08 0.22 0.25 0.07 0.11 0.28 0.25 0.32 0.12 0.18 0.02 0.16 0.33 0.01 0.25
0.33 0.09 0.26 0.08 0.07 0.11 0.17 0.08 0.18 0.09 0.09 0.19 0.18 0.19 0.27 0.21 0.01 0.15 0.29 0.32 0.10 0.25 0.18 0.13 0.18 0.00 0.15 0.25 0.07 0.23 0.26 0.10 0.20 0.21 0.12 0.15 0.29 0.23 0.11 0.26 0.14 0.32 0.14 0.07 0.10 0.17 0.23 0.17 0.17 0.15
0.30 0.06 0.23 0.07 0.08 0.04 0.13 0.23 0.05 0.07 0.06 0.17 0.15 0.05 0.23 0.11 0.14 0.29 0.25 0.29 0.04 0.22 0.20 0.13 0.04 0.15 0.00 0.22 0.08 0.20 0.23 0.05 0.17 0.12 0.27 0.12 0.26 0.22 0.06 0.15 0.24 0.29 0.29 0.08 0.15 0.06 0.20 0.29 0.04 0.21
0.08 0.27 0.04 0.18 0.30 0.23 0.09 0.20 0.17 0.16 0.25 0.06 0.07 0.17 0.02 0.17 0.24 0.18 0.04 0.07 0.25 0.01 0.09 0.12 0.18 0.25 0.22 0.00 0.24 0.15 0.10 0.21 0.05 0.18 0.15 0.10 0.04 0.11 0.16 0.22 0.13 0.07 0.18 0.21 0.15 0.16 0.02 0.18 0.18 0.10
0.32 0.03 0.25 0.06 0.06 0.04 0.15 0.15 0.12 0.08 0.02 0.18 0.17 0.12 0.25 0.14 0.06 0.21 0.27 0.31 0.04 0.24 0.17 0.12 0.11 0.07 0.08 0.24 0.00 0.22 0.25 0.03 0.19 0.15 0.19 0.14 0.28 0.21 0.07 0.19 0.16 0.31 0.21 0.03 0.09 0.11 0.22 0.21 0.11 0.14
0.10 0.25 0.11 0.16 0.28 0.21 0.16 0.27 0.15 0.14 0.23 0.21 0.14 0.15 0.14 0.09 0.22 0.33 0.16 0.10 0.24 0.16 0.24 0.17 0.16 0.23 0.20 0.15 0.22 0.00 0.06 0.19 0.19 0.09 0.31 0.09 0.11 0.26 0.15 0.07 0.28 0.09 0.33 0.19 0.18 0.14 0.17 0.33 0.16 0.26
0.07 0.28 0.06 0.18 0.30 0.24 0.10 0.21 0.17 0.17 0.25 0.15 0.08 0.17 0.09 0.12 0.25 0.28 0.11 0.07 0.26 0.11 0.18 0.13 0.19 0.26 0.23 0.10 0.25 0.06 0.00 0.21 0.14 0.11 0.25 0.11 0.06 0.20 0.17 0.12 0.23 0.07 0.28 0.21 0.16 0.17 0.11 0.28 0.18 0.20
0.29 0.06 0.21 0.03 0.09 0.03 0.12 0.17 0.09 0.04 0.04 0.15 0.14 0.10 0.22 0.11 0.09 0.24 0.24 0.28 0.05 0.21 0.15 0.09 0.09 0.10 0.05 0.21 0.03 0.19 0.21 0.00 0.16 0.12 0.21 0.11 0.25 0.18 0.04 0.16 0.19 0.28 0.24 0.03 0.09 0.08 0.18 0.24 0.08 0.16
0.13 0.22 0.08 0.13 0.25 0.18 0.04 0.15 0.18 0.11 0.20 0.02 0.06 0.19 0.06 0.21 0.19 0.14 0.08 0.12 0.21 0.05 0.05 0.07 0.18 0.20 0.17 0.05 0.19 0.19 0.14 0.16 0.00 0.21 0.12 0.10 0.09 0.07 0.12 0.26 0.09 0.12 0.14 0.16 0.11 0.17 0.03 0.14 0.17 0.07
0.18 0.17 0.14 0.14 0.19 0.13 0.18 0.29 0.07 0.13 0.14 0.23 0.16 0.06 0.17 0.01 0.20 0.36 0.19 0.17 0.15 0.19 0.26 0.19 0.08 0.21 0.12 0.18 0.15 0.09 0.11 0.12 0.21 0.00 0.33 0.12 0.15 0.28 0.10 0.04 0.31 0.17 0.36 0.15 0.21 0.06 0.19 0.36 0.07 0.28
0.23 0.21 0.20 0.20 0.20 0.23 0.15 0.06 0.30 0.20 0.21 0.10 0.17 0.31 0.17 0.33 0.13 0.03 0.18 0.22 0.22 0.15 0.07 0.14 0.30 0.12 0.27 0.15 0.19 0.31 0.25 0.21 0.12 0.33 0.00 0.22 0.20 0.12 0.23 0.38 0.03 0.22 0.02 0.18 0.12 0.29 0.14 0.07 0.29 0.05
0.18 0.17 0.11 0.08 0.20 0.13 0.07 0.17 0.09 0.06 0.15 0.12 0.04 0.09 0.11 0.11 0.14 0.24 0.13 0.17 0.15 0.10 0.15 0.08 0.08 0.15 0.12 0.10 0.14 0.09 0.11 0.11 0.10 0.12 0.22 0.00 0.14 0.17 0.07 0.16 0.19 0.17 0.24 0.11 0.10 0.07 0.08 0.24 0.08 0.17
0.04 0.31 0.04 0.22 0.34 0.27 0.13 0.25 0.21 0.20 0.29 0.10 0.11 0.21 0.03 0.15 0.28 0.22 0.05 0.03 0.30 0.05 0.13 0.16 0.22 0.29 0.26 0.04 0.28 0.11 0.06 0.25 0.09 0.15 0.20 0.14 0.00 0.15 0.21 0.18 0.17 0.03 0.22 0.25 0.20 0.20 0.06 0.22 0.22 0.15
0.17 0.24 0.15 0.15 0.27 0.21 0.10 0.18 0.25 0.15 0.22 0.05 0.12 0.26 0.12 0.28 0.21 0.11 0.10 0.16 0.23 0.10 0.04 0.10 0.25 0.23 0.22 0.11 0.21 0.26 0.20 0.18 0.07 0.28 0.12 0.17 0.15 0.00 0.18 0.33 0.09 0.17 0.10 0.18 0.13 0.24 0.09 0.07 0.24 0.07
0.24 0.11 0.17 0.04 0.13 0.07 0.08 0.19 0.07 0.03 0.08 0.13 0.10 0.08 0.18 0.10 0.10 0.26 0.20 0.24 0.09 0.16 0.16 0.09 0.07 0.11 0.06 0.16 0.07 0.15 0.17 0.04 0.12 0.10 0.23 0.07 0.21 0.18 0.00 0.15 0.21 0.24 0.26 0.05 0.11 0.06 0.14 0.26 0.06 0.18
0.16 0.20 0.18 0.18 0.23 0.16 0.23 0.34 0.10 0.18 0.18 0.28 0.21 0.10 0.21 0.05 0.25 0.40 0.23 0.17 0.18 0.23 0.31 0.24 0.11 0.26 0.15 0.22 0.19 0.07 0.12 0.16 0.26 0.04 0.38 0.16 0.18 0.33 0.15 0.00 0.35 0.16 0.40 0.19 0.26 0.09 0.24 0.40 0.11 0.33
0.20 0.18 0.17 0.17 0.18 0.20 0.12 0.09 0.28 0.17 0.18 0.08 0.15 0.29 0.14 0.30 0.12 0.05 0.15 0.19 0.20 0.12 0.04 0.12 0.28 0.14 0.24 0.13 0.16 0.28 0.23 0.19 0.09 0.31 0.03 0.19 0.17 0.09 0.21 0.35 0.00 0.19 0.05 0.16 0.10 0.27 0.12 0.05 0.27 0.03
0.01 0.34 0.07 0.25 0.37 0.30 0.16 0.28 0.24 0.23 0.32 0.13 0.14 0.24 0.06 0.18 0.31 0.24 0.07 0.01 0.33 0.07 0.15 0.19 0.25 0.32 0.29 0.07 0.31 0.09 0.07 0.28 0.12 0.17 0.22 0.17 0.03 0.17 0.24 0.16 0.19 0.00 0.24 0.28 0.23 0.23 0.09 0.24 0.25 0.17
0.24 0.23 0.22 0.22 0.22 0.25 0.17 0.07 0.33 0.22 0.23 0.12 0.20 0.33 0.19 0.35 0.15 0.01 0.17 0.24 0.25 0.17 0.09 0.16 0.32 0.14 0.29 0.18 0.21 0.33 0.28 0.24 0.14 0.36 0.02 0.24 0.22 0.10 0.26 0.40 0.05 0.24 0.00 0.21 0.15 0.32 0.16 0.05 0.32 0.07
0.29 0.06 0.21 0.03 0.09 0.04 0.12 0.14 0.12 0.04 0.04 0.15 0.14 0.12 0.22 0.14 0.06 0.21 0.24 0.28 0.05 0.21 0.14 0.09 0.12 0.07 0.08 0.21 0.03 0.19 0.21 0.03 0.16 0.15 0.18 0.11 0.25 0.18 0.05 0.19 0.16 0.28 0.21 0.00 0.06 0.11 0.18 0.21 0.11 0.13
0.23 0.12 0.16 0.07 0.14 0.10 0.07 0.08 0.18 0.08 0.09 0.10 0.09 0.19 0.17 0.21 0.09 0.15 0.19 0.23 0.10 0.15 0.08 0.03 0.18 0.10 0.15 0.15 0.09 0.18 0.16 0.09 0.11 0.21 0.12 0.10 0.20 0.13 0.11 0.26 0.10 0.23 0.15 0.06 0.00 0.17 0.13 0.15 0.17 0.07
0.24 0.11 0.17 0.10 0.14 0.07 0.14 0.25 0.01 0.09 0.09 0.19 0.12 0.02 0.17 0.05 0.16 0.32 0.19 0.23 0.10 0.16 0.22 0.15 0.02 0.17 0.06 0.16 0.11 0.14 0.17 0.08 0.17 0.06 0.29 0.07 0.20 0.24 0.06 0.09 0.27 0.23 0.32 0.11 0.17 0.00 0.15 0.32 0.02 0.24
0.10 0.25 0.06 0.16 0.28 0.21 0.07 0.18 0.16 0.14 0.23 0.04 0.05 0.17 0.04 0.19 0.22 0.17 0.06 0.09 0.23 0.02 0.07 0.10 0.16 0.23 0.20 0.02 0.22 0.17 0.11 0.18 0.03 0.19 0.14 0.08 0.06 0.09 0.14 0.24 0.12 0.09 0.16 0.18 0.13 0.15 0.00 0.17 0.16 0.09
0.25 0.23 0.22 0.22 0.22 0.25 0.17 0.12 0.33 0.23 0.24 0.13 0.20 0.34 0.19 0.35 0.16 0.06 0.17 0.24 0.25 0.17 0.10 0.17 0.33 0.17 0.29 0.18 0.21 0.33 0.28 0.24 0.14 0.36 0.07 0.24 0.22 0.07 0.26 0.40 0.05 0.24 0.05 0.21 0.15 0.32 0.17 0.00 0.32 0.08
0.26 0.09 0.18 0.10 0.12 0.07 0.14 0.25 0.01 0.09 0.08 0.19 0.12 0.02 0.19 0.07 0.16 0.32 0.21 0.25 0.07 0.18 0.22 0.15 0.01 0.17 0.04 0.18 0.11 0.16 0.18 0.08 0.17 0.07 0.29 0.08 0.22 0.24 0.06 0.11 0.27 0.25 0.32 0.11 0.17 0.02 0.16 0.32 0.00 0.24
0.18 0.17 0.15 0.15 0.20 0.17 0.10 0.11 0.25 0.15 0.16 0.05 0.12 0.26 0.11 0.28 0.14 0.08 0.13 0.17 0.17 0.10 0.03 0.09 0.25 0.15 0.21 0.10 0.14 0.26 0.20 0.16 0.07 0.28 0.05 0.17 0.15 0.07 0.18 0.33 0.03 0.17 0.07 0.13 0.07 0.24 0.09 0.08 0.24 0.00
Team_tasks_times:
Team 0:
1: 0.50 1.00 1.00 1.00 2.00
2: 3.00 4.00 1.00
3: 1.00
4: 1.00
5: 3.00 4.00 1.00
6: 3.00 4.00 1.00
7: 0.50 1.00 1.00 1.00 2.00
8: 0.50 1.00 1.00 1.00 2.00
9: 1.00
10: 1.00
11: 0.50 1.00 1.00 1.00 2.00
12: 0.50 1.00 1.00 1.00 2.00
13: 3.00 4.00 1.00
14: 0.50 1.00 1.00 1.00 2.00
15: 0.50 1.00 1.00 1.00 2.00
16: 0.50 1.00 1.00 1.00 2.00
17: 3.00 4.00 1.00
18: 3.00 4.00 1.00
19: 0.50 1.00 1.00 1.00 2.00
20: 3.00 4.00 1.00
21: 0.50 1.00 1.00 1.00 2.00
22: 3.00 4.00 1.00
23: 1.00
24: 3.00 4.00 1.00
25: 3.00 4.00 1.00
26: 1.00
27: 0.50 1.00 1.00 1.00 2.00
28: 1.00
29: 3.00 4.00 1.00
30: 1.00
31: 1.00
32: 3.00 4.00 1.00
33: 1.00
34: 0.50 1.00 1.00 1.00 2.00
35: 1.00
36: 3.00 4.00 1.00
37: 3.00 4.00 1.00
38: 3.00 4.00 1.00
39: 1.00
40: 1.00
41: 3.00 4.00 1.00
42: 3.00 4.00 1.00
43: 0.50 1.00 1.00 1.00 2.00
44: 3.00 4.00 1.00
45: 1.00
46: 3.00 4.00 1.00
47: 0.50 1.00 1.00 1.00 2.00
48: 3.00 4.00 1.00
49: 0.50 1.00 1.00 1.00 2.00
Team 1:
1: 0.50 0.25 1.00 2.00 0.50
2: 1.50 1.00 1.00
3: 4.00
4: 4.00
5: 1.50 1.00 1.00
6: 1.50 1.00 1.00
7: 0.50 0.25 1.00 2.00 0.50
8: 0.50 0.25 1.00 2.00 0.50
9: 4.00
10: 4.00
11: 0.50 0.25 1.00 2.00 0.50
12: 0.50 0.25 1.00 2.00 0.50
13: 1.50 1.00 1.00
14: 0.50 0.25 1.00 2.00 0.50
15: 0.50 0.25 1.00 2.00 0.50
16: 0.50 0.25 1.00 2.00 0.50
17: 1.50 1.00 1.00
18: 1.50 1.00 1.00
19: 0.50 0.25 1.00 2.00 0.50
20: 1.50 1.00 1.00
21: 0.50 0.25 1.00 2.00 0.50
22: 1.50 1.00 1.00
23: 4.00
24: 1.50 1.00 1.00
25: 1.50 1.00 1.00
26: 4.00
27: 0.50 0.25 1.00 2.00 0.50
28: 4.00
29: 1.50 1.00 1.00
30: 4.00
31: 4.00
32: 1.50 1.00 1.00
33: 4.00
34: 0.50 0.25 1.00 2.00 0.50
35: 4.00
36: 1.50 1.00 1.00
37: 1.50 1.00 1.00
38: 1.50 1.00 1.00
39: 4.00
40: 4.00
41: 1.50 1.00 1.00
42: 1.50 1.00 1.00
43: 0.50 0.25 1.00 2.00 0.50
44: 1.50 1.00 1.00
45: 4.00
46: 1.50 1.00 1.00
47: 0.50 0.25 1.00 2.00 0.50
48: 1.50 1.00 1.00
49: 0.50 0.25 1.00 2.00 0.50
Team 2:
1: 0.50 1.00 1.00 0.50 0.50
2: 0.75 1.00 0.50
3: 1.00
4: 1.00
5: 0.75 1.00 0.50
6: 0.75 1.00 0.50
7: 0.50 1.00 1.00 0.50 0.50
8: 0.50 1.00 1.00 0.50 0.50
9: 1.00
10: 1.00
11: 0.50 1.00 1.00 0.50 0.50
12: 0.50 1.00 1.00 0.50 0.50
13: 0.75 1.00 0.50
14: 0.50 1.00 1.00 0.50 0.50
15: 0.50 1.00 1.00 0.50 0.50
16: 0.50 1.00 1.00 0.50 0.50
17: 0.75 1.00 0.50
18: 0.75 1.00 0.50
19: 0.50 1.00 1.00 0.50 0.50
20: 0.75 1.00 0.50
21: 0.50 1.00 1.00 0.50 0.50
22: 0.75 1.00 0.50
23: 1.00
24: 0.75 1.00 0.50
25: 0.75 1.00 0.50
26: 1.00
27: 0.50 1.00 1.00 0.50 0.50
28: 1.00
29: 0.75 1.00 0.50
30: 1.00
31: 1.00
32: 0.75 1.00 0.50
33: 1.00
34: 0.50 1.00 1.00 0.50 0.50
35: 1.00
36: 0.75 1.00 0.50
37: 0.75 1.00 0.50
38: 0.75 1.00 0.50
39: 1.00
40: 1.00
41: 0.75 1.00 0.50
42: 0.75 1.00 0.50
43: 0.50 1.00 1.00 0.50 0.50
44: 0.75 1.00 0.50
45: 1.00
46: 0.75 1.00 0.50
47: 0.50 1.00 1.00 0.50 0.50
48: 0.75 1.00 0.50
49: 0.50 1.00 1.00 0.50 0.50
