Number_of_customers: 50
Number_of_teams: 3
Number_of_services: 3
Customers_requested_services:
2 1 0 0 1 2 2 1 0 1 0 0 2 2 1 1 1 0 2 1 1 1 2 1 0 0 2 2 1 1 1 2 0 0 0 2 0 1 2 1 0 1 2 1 1 2 1 1 1
Daily_available_time: 8
Service 0:
Number_of_tasks: 1
Dependencies:
0: 
Service 1:
Number_of_tasks: 3
Dependencies:
0: 
1: 0
2: 0
Service 2:
Number_of_tasks: 5
Dependencies:
0: 
1: 
2: 
3: 0 1 2
4: 0 1 2
Travel_times:
0.00 0.11 0.13 0.23 0.05 0.18 0.27 0.08 0.07 0.20 0.17 0.04 0.19 0.20 0.11 0.13 0.13 0.17 0.20 0.09 0.09 0.19 0.17 0.07 0.21 0.21 0.07 0.18 0.29 0.05 0.16 0.09 0.05 0.28 0.27 0.13 0.24 0.27 0.05 0.16 0.15 0.15 0.04 0.10 0.17 0.12 0.09 0.13 0.10 0.15
0.11 0.00 0.07 0.34 0.16 0.11 0.38 0.19 0.17 0.31 0.12 0.15 0.26 0.27 0.09 0.22 0.24 0.22 0.26 0.05 0.02 0.30 0.16 0.06 0.18 0.32 0.18 0.29 0.40 0.16 0.27 0.16 0.16 0.24 0.38 0.03 0.35 0.24 0.06 0.27 0.26 0.24 0.08 0.21 0.16 0.23 0.19 0.24 0.18 0.19
0.13 0.07 0.00 0.27 0.18 0.06 0.31 0.18 0.10 0.24 0.05 0.13 0.19 0.20 0.02 0.26 0.18 0.15 0.18 0.04 0.05 0.23 0.09 0.11 0.12 0.25 0.11 0.22 0.33 0.15 0.20 0.22 0.10 0.17 0.31 0.09 0.28 0.17 0.08 0.20 0.22 0.28 0.09 0.21 0.09 0.16 0.12 0.18 0.11 0.12
0.23 0.34 0.27 0.00 0.21 0.24 0.18 0.22 0.17 0.14 0.22 0.19 0.08 0.07 0.25 0.30 0.22 0.12 0.09 0.29 0.32 0.11 0.18 0.30 0.15 0.20 0.16 0.07 0.12 0.18 0.07 0.25 0.18 0.11 0.14 0.36 0.10 0.11 0.28 0.12 0.26 0.31 0.26 0.25 0.18 0.11 0.15 0.22 0.16 0.15
0.05 0.16 0.18 0.21 0.00 0.23 0.22 0.03 0.12 0.15 0.22 0.04 0.24 0.25 0.16 0.08 0.07 0.22 0.24 0.13 0.14 0.14 0.21 0.12 0.26 0.15 0.09 0.14 0.23 0.03 0.17 0.04 0.08 0.32 0.21 0.18 0.19 0.32 0.11 0.11 0.10 0.10 0.09 0.04 0.21 0.10 0.14 0.07 0.14 0.19
0.18 0.11 0.06 0.24 0.23 0.00 0.28 0.24 0.11 0.20 0.02 0.19 0.15 0.16 0.07 0.32 0.24 0.12 0.15 0.10 0.11 0.19 0.05 0.17 0.08 0.22 0.15 0.18 0.29 0.21 0.17 0.27 0.15 0.14 0.27 0.14 0.25 0.13 0.13 0.16 0.28 0.33 0.14 0.27 0.06 0.13 0.10 0.24 0.09 0.09
0.27 0.38 0.31 0.18 0.22 0.28 0.00 0.20 0.21 0.07 0.26 0.24 0.21 0.22 0.30 0.16 0.15 0.19 0.21 0.33 0.36 0.09 0.23 0.34 0.23 0.07 0.21 0.11 0.06 0.22 0.14 0.22 0.22 0.29 0.04 0.40 0.08 0.29 0.33 0.12 0.12 0.14 0.30 0.18 0.22 0.15 0.19 0.15 0.20 0.19
0.08 0.19 0.18 0.22 0.03 0.24 0.20 0.00 0.12 0.12 0.23 0.05 0.24 0.25 0.17 0.08 0.05 0.23 0.25 0.14 0.17 0.11 0.22 0.15 0.26 0.13 0.09 0.14 0.21 0.03 0.17 0.04 0.08 0.33 0.19 0.21 0.16 0.33 0.13 0.10 0.07 0.09 0.11 0.03 0.22 0.11 0.14 0.05 0.15 0.20
0.07 0.17 0.10 0.17 0.12 0.11 0.21 0.12 0.00 0.14 0.10 0.07 0.12 0.13 0.09 0.20 0.12 0.10 0.12 0.12 0.15 0.12 0.10 0.13 0.14 0.15 0.04 0.12 0.22 0.09 0.10 0.16 0.04 0.20 0.20 0.20 0.18 0.20 0.12 0.10 0.17 0.22 0.09 0.15 0.09 0.06 0.02 0.12 0.02 0.07
0.20 0.31 0.24 0.14 0.15 0.20 0.07 0.12 0.14 0.00 0.19 0.16 0.17 0.18 0.22 0.15 0.07 0.15 0.17 0.26 0.29 0.03 0.15 0.27 0.19 0.06 0.13 0.07 0.09 0.15 0.10 0.15 0.15 0.25 0.07 0.33 0.04 0.25 0.25 0.04 0.12 0.17 0.23 0.10 0.15 0.07 0.12 0.07 0.13 0.12
0.17 0.12 0.05 0.22 0.22 0.02 0.26 0.23 0.10 0.19 0.00 0.18 0.14 0.15 0.06 0.31 0.23 0.10 0.14 0.09 0.10 0.18 0.04 0.15 0.07 0.21 0.14 0.17 0.28 0.20 0.15 0.26 0.15 0.12 0.26 0.14 0.23 0.12 0.12 0.15 0.27 0.32 0.13 0.26 0.04 0.12 0.09 0.23 0.08 0.07
0.04 0.15 0.13 0.19 0.04 0.19 0.24 0.05 0.07 0.16 0.18 0.00 0.19 0.20 0.12 0.13 0.09 0.17 0.20 0.10 0.12 0.15 0.17 0.11 0.21 0.17 0.04 0.14 0.25 0.02 0.12 0.09 0.03 0.28 0.23 0.17 0.20 0.28 0.09 0.12 0.11 0.14 0.07 0.08 0.17 0.09 0.09 0.09 0.10 0.15
0.19 0.26 0.19 0.08 0.24 0.15 0.21 0.24 0.12 0.17 0.14 0.19 0.00 0.01 0.17 0.32 0.24 0.04 0.01 0.21 0.24 0.14 0.10 0.22 0.07 0.23 0.15 0.10 0.15 0.21 0.07 0.28 0.16 0.09 0.16 0.28 0.12 0.09 0.20 0.15 0.28 0.33 0.18 0.27 0.10 0.14 0.10 0.24 0.09 0.07
0.20 0.27 0.20 0.07 0.25 0.16 0.22 0.25 0.13 0.18 0.15 0.20 0.01 0.00 0.18 0.33 0.25 0.04 0.01 0.21 0.24 0.15 0.11 0.23 0.08 0.24 0.16 0.11 0.16 0.22 0.08 0.29 0.17 0.07 0.17 0.29 0.14 0.07 0.21 0.16 0.29 0.35 0.18 0.28 0.11 0.15 0.11 0.25 0.11 0.07
0.11 0.09 0.02 0.25 0.16 0.07 0.30 0.17 0.09 0.22 0.06 0.12 0.17 0.18 0.00 0.24 0.17 0.14 0.17 0.04 0.07 0.21 0.07 0.09 0.10 0.23 0.09 0.20 0.31 0.13 0.18 0.20 0.08 0.16 0.29 0.11 0.26 0.16 0.06 0.18 0.21 0.26 0.07 0.19 0.07 0.15 0.10 0.17 0.09 0.10
0.13 0.22 0.26 0.30 0.08 0.32 0.16 0.08 0.20 0.15 0.31 0.13 0.32 0.33 0.24 0.00 0.08 0.30 0.33 0.21 0.21 0.18 0.30 0.18 0.34 0.10 0.17 0.22 0.17 0.11 0.25 0.06 0.16 0.40 0.15 0.24 0.20 0.40 0.18 0.17 0.04 0.02 0.17 0.05 0.30 0.18 0.22 0.08 0.23 0.28
0.13 0.24 0.18 0.22 0.07 0.24 0.15 0.05 0.12 0.07 0.23 0.09 0.24 0.25 0.17 0.08 0.00 0.23 0.25 0.19 0.21 0.11 0.22 0.20 0.26 0.08 0.09 0.14 0.16 0.08 0.17 0.07 0.08 0.33 0.14 0.26 0.12 0.33 0.18 0.10 0.04 0.09 0.16 0.03 0.22 0.11 0.14 0.00 0.15 0.20
0.17 0.22 0.15 0.12 0.22 0.12 0.19 0.23 0.10 0.15 0.10 0.17 0.04 0.04 0.14 0.30 0.23 0.00 0.03 0.17 0.20 0.12 0.07 0.18 0.04 0.21 0.14 0.08 0.17 0.19 0.05 0.26 0.14 0.10 0.15 0.25 0.13 0.10 0.17 0.13 0.27 0.32 0.14 0.25 0.06 0.12 0.08 0.23 0.08 0.03
0.20 0.26 0.18 0.09 0.24 0.15 0.21 0.25 0.12 0.17 0.14 0.20 0.01 0.01 0.17 0.33 0.25 0.03 0.00 0.21 0.23 0.14 0.10 0.21 0.07 0.23 0.16 0.11 0.15 0.21 0.07 0.28 0.17 0.08 0.17 0.28 0.13 0.08 0.20 0.15 0.29 0.34 0.17 0.28 0.10 0.14 0.11 0.25 0.10 0.07
0.09 0.05 0.04 0.29 0.13 0.10 0.33 0.14 0.12 0.26 0.09 0.10 0.21 0.21 0.04 0.21 0.19 0.17 0.21 0.00 0.03 0.25 0.11 0.07 0.14 0.27 0.13 0.24 0.35 0.11 0.22 0.17 0.11 0.19 0.33 0.07 0.30 0.19 0.03 0.22 0.21 0.23 0.04 0.17 0.11 0.18 0.14 0.19 0.13 0.14
0.09 0.02 0.05 0.32 0.14 0.11 0.36 0.17 0.15 0.29 0.10 0.12 0.24 0.24 0.07 0.21 0.21 0.20 0.23 0.03 0.00 0.28 0.14 0.06 0.16 0.30 0.15 0.27 0.37 0.14 0.25 0.17 0.14 0.22 0.35 0.04 0.33 0.21 0.04 0.25 0.24 0.22 0.06 0.18 0.14 0.21 0.17 0.21 0.16 0.17
0.19 0.30 0.23 0.11 0.14 0.19 0.09 0.11 0.12 0.03 0.18 0.15 0.14 0.15 0.21 0.18 0.11 0.12 0.14 0.25 0.28 0.00 0.14 0.26 0.16 0.09 0.12 0.04 0.10 0.14 0.07 0.14 0.14 0.22 0.08 0.32 0.05 0.22 0.24 0.03 0.15 0.20 0.22 0.13 0.14 0.07 0.11 0.11 0.12 0.11
0.17 0.16 0.09 0.18 0.21 0.05 0.23 0.22 0.10 0.15 0.04 0.17 0.10 0.11 0.07 0.30 0.22 0.07 0.10 0.11 0.14 0.14 0.00 0.15 0.04 0.21 0.13 0.13 0.24 0.19 0.11 0.26 0.14 0.11 0.22 0.18 0.19 0.11 0.12 0.12 0.26 0.31 0.12 0.25 0.00 0.12 0.08 0.22 0.07 0.03
0.07 0.06 0.11 0.30 0.12 0.17 0.34 0.15 0.13 0.27 0.15 0.11 0.22 0.23 0.09 0.18 0.20 0.18 0.21 0.07 0.06 0.26 0.15 0.00 0.19 0.28 0.14 0.25 0.36 0.12 0.23 0.12 0.12 0.26 0.34 0.06 0.31 0.25 0.03 0.23 0.22 0.20 0.04 0.17 0.15 0.19 0.15 0.20 0.14 0.15
0.21 0.18 0.12 0.15 0.26 0.08 0.23 0.26 0.14 0.19 0.07 0.21 0.07 0.08 0.10 0.34 0.26 0.04 0.07 0.14 0.16 0.16 0.04 0.19 0.00 0.25 0.17 0.12 0.21 0.23 0.09 0.30 0.18 0.07 0.19 0.21 0.17 0.06 0.16 0.17 0.30 0.36 0.17 0.29 0.04 0.16 0.12 0.26 0.12 0.07
0.21 0.32 0.25 0.20 0.15 0.22 0.07 0.13 0.15 0.06 0.21 0.17 0.23 0.24 0.23 0.10 0.08 0.21 0.23 0.27 0.30 0.09 0.21 0.28 0.25 0.00 0.14 0.13 0.08 0.16 0.16 0.15 0.16 0.31 0.06 0.34 0.10 0.31 0.26 0.08 0.06 0.11 0.24 0.11 0.20 0.09 0.13 0.08 0.14 0.18
0.07 0.18 0.11 0.16 0.09 0.15 0.21 0.09 0.04 0.13 0.14 0.04 0.15 0.16 0.09 0.17 0.09 0.14 0.16 0.13 0.15 0.12 0.13 0.14 0.17 0.14 0.00 0.11 0.22 0.06 0.09 0.12 0.02 0.24 0.20 0.20 0.17 0.24 0.12 0.09 0.13 0.18 0.10 0.12 0.13 0.06 0.05 0.09 0.06 0.11
0.18 0.29 0.22 0.07 0.14 0.18 0.11 0.14 0.12 0.07 0.17 0.14 0.10 0.11 0.20 0.22 0.14 0.08 0.11 0.24 0.27 0.04 0.13 0.25 0.12 0.13 0.11 0.00 0.11 0.13 0.03 0.18 0.13 0.18 0.09 0.31 0.06 0.18 0.23 0.05 0.18 0.24 0.21 0.17 0.13 0.06 0.10 0.14 0.11 0.10
0.29 0.40 0.33 0.12 0.23 0.29 0.06 0.21 0.22 0.09 0.28 0.25 0.15 0.16 0.31 0.17 0.16 0.17 0.15 0.35 0.37 0.10 0.24 0.36 0.21 0.08 0.22 0.11 0.00 0.24 0.12 0.23 0.24 0.24 0.02 0.42 0.04 0.23 0.34 0.13 0.14 0.18 0.32 0.19 0.24 0.16 0.21 0.16 0.21 0.21
0.05 0.16 0.15 0.18 0.03 0.21 0.22 0.03 0.09 0.15 0.20 0.02 0.21 0.22 0.13 0.11 0.08 0.19 0.21 0.11 0.14 0.14 0.19 0.12 0.23 0.16 0.06 0.13 0.24 0.00 0.14 0.07 0.05 0.30 0.21 0.18 0.19 0.29 0.10 0.11 0.10 0.12 0.08 0.06 0.18 0.07 0.11 0.08 0.12 0.17
0.16 0.27 0.20 0.07 0.17 0.17 0.14 0.17 0.10 0.10 0.15 0.12 0.07 0.08 0.18 0.25 0.17 0.05 0.07 0.22 0.25 0.07 0.11 0.23 0.09 0.16 0.09 0.03 0.12 0.14 0.00 0.21 0.11 0.15 0.11 0.29 0.08 0.15 0.21 0.08 0.21 0.27 0.19 0.20 0.11 0.07 0.08 0.17 0.09 0.08
0.09 0.16 0.22 0.25 0.04 0.27 0.22 0.04 0.16 0.15 0.26 0.09 0.28 0.29 0.20 0.06 0.07 0.26 0.28 0.17 0.17 0.14 0.26 0.12 0.30 0.15 0.12 0.18 0.23 0.07 0.21 0.00 0.12 0.36 0.21 0.18 0.19 0.36 0.14 0.13 0.10 0.08 0.13 0.04 0.25 0.14 0.18 0.07 0.18 0.23
0.05 0.16 0.10 0.18 0.08 0.15 0.22 0.08 0.04 0.15 0.15 0.03 0.16 0.17 0.08 0.16 0.08 0.14 0.17 0.11 0.14 0.14 0.14 0.12 0.18 0.16 0.02 0.13 0.24 0.05 0.11 0.12 0.00 0.25 0.21 0.18 0.19 0.24 0.10 0.11 0.12 0.17 0.08 0.11 0.14 0.07 0.06 0.08 0.07 0.12
0.28 0.24 0.17 0.11 0.32 0.14 0.29 0.33 0.20 0.25 0.12 0.28 0.09 0.07 0.16 0.40 0.33 0.10 0.08 0.19 0.22 0.22 0.11 0.26 0.07 0.31 0.24 0.18 0.24 0.30 0.15 0.36 0.25 0.00 0.25 0.26 0.21 0.00 0.22 0.23 0.37 0.42 0.23 0.36 0.11 0.22 0.18 0.33 0.18 0.13
0.27 0.38 0.31 0.14 0.21 0.27 0.04 0.19 0.20 0.07 0.26 0.23 0.16 0.17 0.29 0.15 0.14 0.15 0.17 0.33 0.35 0.08 0.22 0.34 0.19 0.06 0.20 0.09 0.02 0.21 0.11 0.21 0.21 0.25 0.00 0.40 0.04 0.25 0.32 0.11 0.12 0.17 0.30 0.17 0.21 0.14 0.18 0.14 0.20 0.18
0.13 0.03 0.09 0.36 0.18 0.14 0.40 0.21 0.20 0.33 0.14 0.17 0.28 0.29 0.11 0.24 0.26 0.25 0.28 0.07 0.04 0.32 0.18 0.06 0.21 0.34 0.20 0.31 0.42 0.18 0.29 0.18 0.18 0.26 0.40 0.00 0.37 0.26 0.08 0.29 0.28 0.26 0.10 0.23 0.18 0.26 0.21 0.26 0.20 0.21
0.24 0.35 0.28 0.10 0.19 0.25 0.08 0.16 0.18 0.04 0.23 0.20 0.12 0.14 0.26 0.20 0.12 0.13 0.13 0.30 0.33 0.05 0.19 0.31 0.17 0.10 0.17 0.06 0.04 0.19 0.08 0.19 0.19 0.21 0.04 0.37 0.00 0.21 0.29 0.08 0.16 0.21 0.27 0.15 0.19 0.12 0.16 0.12 0.17 0.16
0.27 0.24 0.17 0.11 0.32 0.13 0.29 0.33 0.20 0.25 0.12 0.28 0.09 0.07 0.16 0.40 0.33 0.10 0.08 0.19 0.21 0.22 0.11 0.25 0.06 0.31 0.24 0.18 0.23 0.29 0.15 0.36 0.24 0.00 0.25 0.26 0.21 0.00 0.22 0.23 0.37 0.42 0.23 0.35 0.11 0.22 0.18 0.33 0.18 0.13
0.05 0.06 0.08 0.28 0.11 0.13 0.33 0.13 0.12 0.25 0.12 0.09 0.20 0.21 0.06 0.18 0.18 0.17 0.20 0.03 0.04 0.24 0.12 0.03 0.16 0.26 0.12 0.23 0.34 0.10 0.21 0.14 0.10 0.22 0.32 0.08 0.29 0.22 0.00 0.21 0.20 0.20 0.02 0.15 0.11 0.17 0.13 0.18 0.12 0.13
0.16 0.27 0.20 0.12 0.11 0.16 0.12 0.10 0.10 0.04 0.15 0.12 0.15 0.16 0.18 0.17 0.10 0.13 0.15 0.22 0.25 0.03 0.12 0.23 0.17 0.08 0.09 0.05 0.13 0.11 0.08 0.13 0.11 0.23 0.11 0.29 0.08 0.23 0.21 0.00 0.14 0.19 0.19 0.12 0.12 0.04 0.08 0.10 0.09 0.10
0.15 0.26 0.22 0.26 0.10 0.28 0.12 0.07 0.17 0.12 0.27 0.11 0.28 0.29 0.21 0.04 0.04 0.27 0.29 0.21 0.24 0.15 0.26 0.22 0.30 0.06 0.13 0.18 0.14 0.10 0.21 0.10 0.12 0.37 0.12 0.28 0.16 0.37 0.20 0.14 0.00 0.05 0.18 0.05 0.26 0.15 0.18 0.04 0.19 0.24
0.15 0.24 0.28 0.31 0.10 0.33 0.14 0.09 0.22 0.17 0.32 0.14 0.33 0.35 0.26 0.02 0.09 0.32 0.34 0.23 0.22 0.20 0.31 0.20 0.36 0.11 0.18 0.24 0.18 0.12 0.27 0.08 0.17 0.42 0.17 0.26 0.21 0.42 0.20 0.19 0.05 0.00 0.19 0.07 0.31 0.20 0.24 0.09 0.24 0.29
0.04 0.08 0.09 0.26 0.09 0.14 0.30 0.11 0.09 0.23 0.13 0.07 0.18 0.18 0.07 0.17 0.16 0.14 0.17 0.04 0.06 0.22 0.12 0.04 0.17 0.24 0.10 0.21 0.32 0.08 0.19 0.13 0.08 0.23 0.30 0.10 0.27 0.23 0.02 0.19 0.18 0.19 0.00 0.12 0.12 0.15 0.11 0.16 0.10 0.11
0.10 0.21 0.21 0.25 0.04 0.27 0.18 0.03 0.15 0.10 0.26 0.08 0.27 0.28 0.19 0.05 0.03 0.25 0.28 0.17 0.18 0.13 0.25 0.17 0.29 0.11 0.12 0.17 0.19 0.06 0.20 0.04 0.11 0.36 0.17 0.23 0.15 0.35 0.15 0.12 0.05 0.07 0.12 0.00 0.25 0.13 0.17 0.03 0.17 0.23
0.17 0.16 0.09 0.18 0.21 0.06 0.22 0.22 0.09 0.15 0.04 0.17 0.10 0.11 0.07 0.30 0.22 0.06 0.10 0.11 0.14 0.14 0.00 0.15 0.04 0.20 0.13 0.13 0.24 0.18 0.11 0.25 0.14 0.11 0.21 0.18 0.19 0.11 0.11 0.12 0.26 0.31 0.12 0.25 0.00 0.11 0.07 0.22 0.07 0.03
0.12 0.23 0.16 0.11 0.10 0.13 0.15 0.11 0.06 0.07 0.12 0.09 0.14 0.15 0.15 0.18 0.11 0.12 0.14 0.18 0.21 0.07 0.12 0.19 0.16 0.09 0.06 0.06 0.16 0.07 0.07 0.14 0.07 0.22 0.14 0.26 0.12 0.22 0.17 0.04 0.15 0.20 0.15 0.13 0.11 0.00 0.04 0.11 0.05 0.09
0.09 0.19 0.12 0.15 0.14 0.10 0.19 0.14 0.02 0.12 0.09 0.09 0.10 0.11 0.10 0.22 0.14 0.08 0.11 0.14 0.17 0.11 0.08 0.15 0.12 0.13 0.05 0.10 0.21 0.11 0.08 0.18 0.06 0.18 0.18 0.21 0.16 0.18 0.13 0.08 0.18 0.24 0.11 0.17 0.07 0.04 0.00 0.14 0.01 0.06
0.13 0.24 0.18 0.22 0.07 0.24 0.15 0.05 0.12 0.07 0.23 0.09 0.24 0.25 0.17 0.08 0.00 0.23 0.25 0.19 0.21 0.11 0.22 0.20 0.26 0.08 0.09 0.14 0.16 0.08 0.17 0.07 0.08 0.33 0.14 0.26 0.12 0.33 0.18 0.10 0.04 0.09 0.16 0.03 0.22 0.11 0.14 0.00 0.15 0.20
0.10 0.18 0.11 0.16 0.14 0.09 0.20 0.15 0.02 0.13 0.08 0.10 0.09 0.11 0.09 0.23 0.15 0.08 0.10 0.13 0.16 0.12 0.07 0.14 0.12 0.14 0.06 0.11 0.21 0.12 0.09 0.18 0.07 0.18 0.20 0.20 0.17 0.18 0.12 0.09 0.19 0.24 0.10 0.17 0.07 0.05 0.01 0.15 0.00 0.05
0.15 0.19 0.12 0.15 0.19 0.09 0.19 0.20 0.07 0.12 0.07 0.15 0.07 0.07 0.10 0.28 0.20 0.03 0.07 0.14 0.17 0.11 0.03 0.15 0.07 0.18 0.11 0.10 0.21 0.17 0.08 0.23 0.12 0.13 0.18 0.21 0.16 0.13 0.13 0.10 0.24 0.29 0.11 0.23 0.03 0.09 0.06 0.20 0.05 0.00
Team_tasks_times:
Team 0:
1: 4.00 2.00 0.50 2.00 1.00
2: 2.00 0.75 3.00
3: 1000.00
4: 1000.00
5: 2.00 0.75 3.00
6: 4.00 2.00 0.50 2.00 1.00
7: 4.00 2.00 0.50 2.00 1.00
8: 2.00 0.75 3.00
9: 1000.00
10: 2.00 0.75 3.00
11: 1000.00
12: 1000.00
13: 4.00 2.00 0.50 2.00 1.00
14: 4.00 2.00 0.50 2.00 1.00
15: 2.00 0.75 3.00
16: 2.00 0.75 3.00
17: 2.00 0.75 3.00
18: 1000.00
19: 4.00 2.00 0.50 2.00 1.00
20: 2.00 0.75 3.00
21: 2.00 0.75 3.00
22: 2.00 0.75 3.00
23: 4.00 2.00 0.50 2.00 1.00
24: 2.00 0.75 3.00
25: 1000.00
26: 1000.00
27: 4.00 2.00 0.50 2.00 1.00
28: 4.00 2.00 0.50 2.00 1.00
29: 2.00 0.75 3.00
30: 2.00 0.75 3.00
31: 2.00 0.75 3.00
32: 4.00 2.00 0.50 2.00 1.00
33: 1000.00
34: 1000.00
35: 1000.00
36: 4.00 2.00 0.50 2.00 1.00
37: 1000.00
38: 2.00 0.75 3.00
39: 4.00 2.00 0.50 2.00 1.00
40: 2.00 0.75 3.00
41: 1000.00
42: 2.00 0.75 3.00
43: 4.00 2.00 0.50 2.00 1.00
44: 2.00 0.75 3.00
45: 2.00 0.75 3.00
46: 4.00 2.00 0.50 2.00 1.00
47: 2.00 0.75 3.00
48: 2.00 0.75 3.00
49: 2.00 0.75 3.00
Team 1:
1: 2.00 0.50 2.00 2.00 1.00
2: 1.00 0.25 1000.00
3: 1000.00
4: 1000.00
5: 1.00 0.25 1000.00
6: 2.00 0.50 2.00 2.00 1.00
7: 2.00 0.50 2.00 2.00 1.00
8: 1.00 0.25 1000.00
9: 1000.00
10: 1.00 0.25 1000.00
11: 1000.00
12: 1000.00
13: 2.00 0.50 2.00 2.00 1.00
14: 2.00 0.50 2.00 2.00 1.00
15: 1.00 0.25 1000.00
16: 1.00 0.25 1000.00
17: 1.00 0.25 1000.00
18: 1000.00
19: 2.00 0.50 2.00 2.00 1.00
20: 1.00 0.25 1000.00
21: 1.00 0.25 1000.00
22: 1.00 0.25 1000.00
23: 2.00 0.50 2.00 2.00 1.00
24: 1.00 0.25 1000.00
25: 1000.00
26: 1000.00
27: 2.00 0.50 2.00 2.00 1.00
28: 2.00 0.50 2.00 2.00 1.00
29: 1.00 0.25 1000.00
30: 1.00 0.25 1000.00
31: 1.00 0.25 1000.00
32: 2.00 0.50 2.00 2.00 1.00
33: 1000.00
34: 1000.00
35: 1000.00
36: 2.00 0.50 2.00 2.00 1.00
37: 1000.00
38: 1.00 0.25 1000.00
39: 2.00 0.50 2.00 2.00 1.00
40: 1.00 0.25 1000.00
41: 1000.00
42: 1.00 0.25 1000.00
43: 2.00 0.50 2.00 2.00 1.00
44: 1.00 0.25 1000.00
45: 1.00 0.25 1000.00
46: 2.00 0.50 2.00 2.00 1.00
47: 1.00 0.25 1000.00
48: 1.00 0.25 1000.00
49: 1.00 0.25 1000.00
Team 2:
1: 1.00 2.00 4.00 2.00 2.00
2: 1.50 0.75 2000.00
3: 1.00
4: 1.00
5: 1.50 0.75 2000.00
6: 1.00 2.00 4.00 2.00 2.00
7: 1.00 2.00 4.00 2.00 2.00
8: 1.50 0.75 2000.00
9: 1.00
10: 1.50 0.75 2000.00
11: 1.00
12: 1.00
13: 1.00 2.00 4.00 2.00 2.00
14: 1.00 2.00 4.00 2.00 2.00
15: 1.50 0.75 2000.00
16: 1.50 0.75 2000.00
17: 1.50 0.75 2000.00
18: 1.00
19: 1.00 2.00 4.00 2.00 2.00
20: 1.50 0.75 2000.00
21: 1.50 0.75 2000.00
22: 1.50 0.75 2000.00
23: 1.00 2.00 4.00 2.00 2.00
24: 1.50 0.75 2000.00
25: 1.00
26: 1.00
27: 1.00 2.00 4.00 2.00 2.00
28: 1.00 2.00 4.00 2.00 2.00
29: 1.50 0.75 2000.00
30: 1.50 0.75 2000.00
31: 1.50 0.75 2000.00
32: 1.00 2.00 4.00 2.00 2.00
33: 1.00
34: 1.00
35: 1.00
36: 1.00 2.00 4.00 2.00 2.00
37: 1.00
38: 1.50 0.75 2000.00
39: 1.00 2.00 4.00 2.00 2.00
40: 1.50 0.75 2000.00
41: 1.00
42: 1.50 0.75 2000.00
43: 1.00 2.00 4.00 2.00 2.00
44: 1.50 0.75 2000.00
45: 1.50 0.75 2000.00
46: 1.00 2.00 4.00 2.00 2.00
47: 1.50 0.75 2000.00
48: 1.50 0.75 2000.00
49: 1.50 0.75 2000.00
