Number_of_customers: 50
Number_of_teams: 3
Number_of_services: 3
Customers_requested_services:
2 1 2 2 0 1 2 0 0 2 0 0 2 2 0 1 2 0 2 0 2 0 1 0 0 0 1 2 0 0 1 1 0 0 2 0 0 0 0 0 0 2 0 1 1 0 0 2 0
Daily_available_time: 8
Service 0:
Number_of_tasks: 1
Dependencies:
0: 
Service 1:
Number_of_tasks: 3
Dependencies:
0: 
1: 
2: 0 1
Service 2:
Number_of_tasks: 5
Dependencies:
0: 
1: 3 4
2: 3 4
3: 0
4: 0
Travel_times:
0.00 0.15 0.07 0.31 0.02 0.14 0.26 0.09 0.10 0.12 0.07 0.07 0.10 0.06 0.10 0.08 0.11 0.28 0.21 0.11 0.05 0.16 0.19 0.12 0.14 0.17 0.06 0.23 0.16 0.13 0.29 0.20 0.17 0.17 0.28 0.07 0.05 0.10 0.14 0.07 0.08 0.18 0.10 0.15 0.12 0.10 0.07 0.10 0.12 0.13
0.15 0.00 0.22 0.15 0.13 0.24 0.11 0.07 0.20 0.08 0.23 0.11 0.11 0.12 0.09 0.11 0.05 0.12 0.06 0.05 0.11 0.07 0.14 0.10 0.19 0.02 0.12 0.08 0.08 0.04 0.14 0.10 0.09 0.07 0.13 0.11 0.14 0.10 0.18 0.17 0.15 0.03 0.09 0.13 0.22 0.15 0.19 0.09 0.21 0.12
0.07 0.22 0.00 0.37 0.09 0.20 0.33 0.15 0.17 0.18 0.07 0.14 0.11 0.13 0.16 0.15 0.17 0.34 0.28 0.17 0.11 0.22 0.25 0.18 0.21 0.24 0.12 0.30 0.14 0.17 0.36 0.14 0.24 0.17 0.35 0.13 0.08 0.12 0.21 0.13 0.14 0.25 0.16 0.22 0.19 0.16 0.13 0.12 0.19 0.10
0.31 0.15 0.37 0.00 0.29 0.22 0.04 0.22 0.23 0.19 0.38 0.24 0.26 0.25 0.21 0.23 0.20 0.03 0.10 0.20 0.27 0.15 0.12 0.19 0.17 0.14 0.25 0.07 0.24 0.20 0.02 0.23 0.14 0.20 0.04 0.24 0.30 0.25 0.17 0.29 0.23 0.12 0.21 0.15 0.27 0.21 0.34 0.25 0.18 0.28
0.02 0.13 0.09 0.29 0.00 0.13 0.24 0.07 0.10 0.10 0.10 0.05 0.11 0.04 0.08 0.06 0.12 0.26 0.20 0.09 0.06 0.14 0.17 0.10 0.12 0.15 0.04 0.21 0.17 0.14 0.27 0.21 0.15 0.17 0.26 0.05 0.05 0.10 0.12 0.06 0.06 0.17 0.07 0.13 0.12 0.08 0.06 0.10 0.11 0.14
0.14 0.24 0.20 0.22 0.13 0.00 0.17 0.16 0.04 0.15 0.16 0.13 0.24 0.12 0.15 0.12 0.25 0.23 0.29 0.18 0.19 0.17 0.10 0.13 0.05 0.25 0.11 0.18 0.30 0.27 0.21 0.34 0.15 0.31 0.19 0.13 0.18 0.24 0.06 0.07 0.09 0.22 0.14 0.11 0.05 0.09 0.12 0.23 0.04 0.27
0.26 0.11 0.33 0.04 0.24 0.17 0.00 0.17 0.18 0.14 0.34 0.19 0.21 0.20 0.17 0.18 0.16 0.07 0.13 0.15 0.22 0.11 0.07 0.14 0.12 0.09 0.21 0.03 0.19 0.15 0.06 0.19 0.09 0.15 0.02 0.20 0.25 0.21 0.12 0.24 0.18 0.08 0.17 0.11 0.23 0.17 0.30 0.20 0.14 0.23
0.09 0.07 0.15 0.22 0.07 0.16 0.17 0.00 0.12 0.03 0.16 0.03 0.08 0.04 0.02 0.04 0.09 0.19 0.13 0.02 0.05 0.07 0.10 0.03 0.11 0.09 0.05 0.15 0.14 0.11 0.21 0.18 0.08 0.15 0.19 0.03 0.07 0.07 0.10 0.09 0.07 0.10 0.02 0.07 0.15 0.07 0.12 0.07 0.14 0.11
0.10 0.20 0.17 0.23 0.10 0.04 0.18 0.12 0.00 0.12 0.16 0.09 0.21 0.08 0.11 0.09 0.21 0.20 0.26 0.15 0.15 0.13 0.11 0.10 0.06 0.21 0.08 0.15 0.27 0.24 0.21 0.30 0.11 0.27 0.20 0.10 0.15 0.20 0.06 0.06 0.06 0.19 0.11 0.07 0.04 0.06 0.12 0.20 0.04 0.23
0.12 0.08 0.18 0.19 0.10 0.15 0.14 0.03 0.12 0.00 0.20 0.05 0.09 0.06 0.02 0.04 0.10 0.16 0.14 0.03 0.08 0.04 0.07 0.02 0.11 0.10 0.07 0.11 0.15 0.12 0.17 0.18 0.05 0.15 0.16 0.05 0.11 0.08 0.10 0.10 0.06 0.07 0.03 0.05 0.14 0.06 0.15 0.08 0.13 0.12
0.07 0.23 0.07 0.38 0.10 0.16 0.34 0.16 0.16 0.20 0.00 0.15 0.12 0.14 0.17 0.15 0.18 0.35 0.29 0.18 0.12 0.23 0.26 0.20 0.21 0.25 0.13 0.31 0.16 0.18 0.37 0.20 0.25 0.18 0.36 0.14 0.09 0.13 0.21 0.10 0.15 0.26 0.17 0.23 0.12 0.17 0.07 0.14 0.20 0.13
0.07 0.11 0.14 0.24 0.05 0.13 0.19 0.03 0.09 0.05 0.15 0.00 0.11 0.01 0.03 0.01 0.12 0.21 0.17 0.06 0.06 0.09 0.12 0.05 0.08 0.12 0.02 0.16 0.17 0.14 0.22 0.21 0.10 0.18 0.21 0.00 0.06 0.11 0.07 0.06 0.04 0.12 0.03 0.08 0.11 0.04 0.11 0.11 0.10 0.14
0.10 0.11 0.11 0.26 0.11 0.24 0.21 0.08 0.21 0.09 0.12 0.11 0.00 0.12 0.10 0.12 0.06 0.23 0.17 0.06 0.05 0.11 0.15 0.11 0.19 0.12 0.13 0.18 0.06 0.06 0.25 0.10 0.12 0.07 0.23 0.11 0.06 0.01 0.18 0.17 0.15 0.14 0.10 0.14 0.23 0.15 0.17 0.01 0.21 0.03
0.06 0.12 0.13 0.25 0.04 0.12 0.20 0.04 0.08 0.06 0.14 0.01 0.12 0.00 0.04 0.02 0.13 0.21 0.18 0.07 0.07 0.10 0.12 0.06 0.08 0.13 0.01 0.17 0.18 0.15 0.23 0.22 0.11 0.19 0.22 0.02 0.07 0.12 0.08 0.04 0.03 0.12 0.03 0.09 0.10 0.04 0.10 0.12 0.09 0.15
0.10 0.09 0.16 0.21 0.08 0.15 0.17 0.02 0.11 0.02 0.17 0.03 0.10 0.04 0.00 0.02 0.10 0.18 0.15 0.04 0.06 0.06 0.09 0.02 0.10 0.10 0.04 0.14 0.15 0.12 0.20 0.19 0.07 0.16 0.18 0.03 0.09 0.09 0.09 0.07 0.06 0.09 0.00 0.06 0.13 0.06 0.13 0.09 0.12 0.12
0.08 0.11 0.15 0.23 0.06 0.12 0.18 0.04 0.09 0.04 0.15 0.01 0.12 0.02 0.02 0.00 0.12 0.20 0.17 0.06 0.07 0.08 0.11 0.04 0.07 0.12 0.03 0.15 0.18 0.15 0.21 0.21 0.09 0.18 0.20 0.01 0.07 0.11 0.07 0.06 0.03 0.11 0.02 0.07 0.11 0.03 0.12 0.11 0.10 0.15
0.11 0.05 0.17 0.20 0.12 0.25 0.16 0.09 0.21 0.10 0.18 0.12 0.06 0.13 0.10 0.12 0.00 0.17 0.11 0.07 0.07 0.08 0.15 0.12 0.20 0.07 0.14 0.13 0.05 0.02 0.19 0.09 0.10 0.06 0.17 0.12 0.09 0.05 0.19 0.18 0.16 0.08 0.11 0.14 0.23 0.16 0.17 0.04 0.22 0.07
0.28 0.12 0.34 0.03 0.26 0.23 0.07 0.19 0.20 0.16 0.35 0.21 0.23 0.21 0.18 0.20 0.17 0.00 0.07 0.17 0.24 0.12 0.13 0.16 0.18 0.11 0.22 0.04 0.21 0.17 0.02 0.20 0.11 0.17 0.07 0.21 0.27 0.22 0.17 0.26 0.20 0.09 0.18 0.12 0.24 0.18 0.31 0.22 0.20 0.25
0.21 0.06 0.28 0.10 0.20 0.29 0.13 0.13 0.26 0.14 0.29 0.17 0.17 0.18 0.15 0.17 0.11 0.07 0.00 0.11 0.17 0.13 0.20 0.16 0.25 0.04 0.18 0.11 0.14 0.11 0.08 0.14 0.15 0.11 0.14 0.16 0.20 0.16 0.24 0.22 0.20 0.07 0.15 0.19 0.28 0.20 0.25 0.15 0.27 0.18
0.11 0.05 0.17 0.20 0.09 0.18 0.15 0.02 0.15 0.03 0.18 0.06 0.06 0.07 0.04 0.06 0.07 0.17 0.11 0.00 0.07 0.05 0.09 0.05 0.14 0.07 0.07 0.12 0.12 0.09 0.18 0.15 0.06 0.12 0.17 0.05 0.10 0.05 0.12 0.11 0.09 0.07 0.04 0.08 0.17 0.09 0.15 0.05 0.16 0.09
0.05 0.11 0.11 0.27 0.06 0.19 0.22 0.05 0.15 0.08 0.12 0.06 0.05 0.07 0.06 0.07 0.07 0.24 0.17 0.07 0.00 0.12 0.15 0.08 0.14 0.13 0.07 0.19 0.11 0.08 0.25 0.15 0.13 0.12 0.24 0.06 0.03 0.05 0.13 0.12 0.10 0.15 0.06 0.11 0.17 0.10 0.12 0.04 0.16 0.08
0.16 0.07 0.22 0.15 0.14 0.17 0.11 0.07 0.13 0.04 0.23 0.09 0.11 0.10 0.06 0.08 0.08 0.12 0.13 0.05 0.12 0.00 0.07 0.04 0.12 0.08 0.10 0.07 0.14 0.11 0.14 0.17 0.02 0.14 0.12 0.09 0.15 0.10 0.11 0.14 0.08 0.06 0.06 0.06 0.15 0.07 0.19 0.10 0.14 0.13
0.19 0.14 0.25 0.12 0.17 0.10 0.07 0.10 0.11 0.07 0.26 0.12 0.15 0.12 0.09 0.11 0.15 0.13 0.20 0.09 0.15 0.07 0.00 0.07 0.05 0.15 0.13 0.09 0.21 0.17 0.12 0.24 0.05 0.21 0.09 0.12 0.17 0.14 0.05 0.17 0.11 0.13 0.09 0.04 0.15 0.09 0.22 0.14 0.07 0.17
0.12 0.10 0.18 0.19 0.10 0.13 0.14 0.03 0.10 0.02 0.20 0.05 0.11 0.06 0.02 0.04 0.12 0.16 0.16 0.05 0.08 0.04 0.07 0.00 0.09 0.12 0.07 0.11 0.17 0.14 0.17 0.21 0.05 0.17 0.16 0.05 0.11 0.10 0.07 0.10 0.04 0.09 0.03 0.03 0.12 0.04 0.15 0.10 0.11 0.14
0.14 0.19 0.21 0.17 0.12 0.05 0.12 0.11 0.06 0.11 0.21 0.08 0.19 0.08 0.10 0.07 0.20 0.18 0.25 0.14 0.14 0.12 0.05 0.09 0.00 0.20 0.09 0.13 0.25 0.22 0.17 0.29 0.10 0.26 0.14 0.08 0.14 0.19 0.01 0.12 0.06 0.17 0.10 0.06 0.10 0.04 0.17 0.18 0.02 0.22
0.17 0.02 0.24 0.14 0.15 0.25 0.09 0.09 0.21 0.10 0.25 0.12 0.12 0.13 0.10 0.12 0.07 0.11 0.04 0.07 0.13 0.08 0.15 0.12 0.20 0.00 0.14 0.07 0.10 0.06 0.12 0.10 0.10 0.06 0.11 0.12 0.16 0.11 0.19 0.18 0.16 0.03 0.11 0.14 0.23 0.16 0.21 0.11 0.22 0.14
0.06 0.12 0.12 0.25 0.04 0.11 0.21 0.05 0.08 0.07 0.13 0.02 0.13 0.01 0.04 0.03 0.14 0.22 0.18 0.07 0.07 0.10 0.13 0.07 0.09 0.14 0.00 0.18 0.19 0.16 0.24 0.23 0.12 0.19 0.23 0.02 0.07 0.12 0.09 0.04 0.02 0.13 0.04 0.10 0.10 0.04 0.09 0.12 0.09 0.15
0.23 0.08 0.30 0.07 0.21 0.18 0.03 0.15 0.15 0.11 0.31 0.16 0.18 0.17 0.14 0.15 0.13 0.04 0.11 0.12 0.19 0.07 0.09 0.11 0.13 0.07 0.18 0.00 0.16 0.12 0.06 0.16 0.06 0.12 0.05 0.17 0.22 0.17 0.12 0.21 0.15 0.05 0.14 0.08 0.20 0.14 0.27 0.17 0.15 0.20
0.16 0.08 0.14 0.24 0.17 0.30 0.19 0.14 0.27 0.15 0.16 0.17 0.06 0.18 0.15 0.18 0.05 0.21 0.14 0.12 0.11 0.14 0.21 0.17 0.25 0.10 0.19 0.16 0.00 0.04 0.22 0.04 0.15 0.04 0.21 0.17 0.12 0.07 0.24 0.23 0.21 0.11 0.16 0.20 0.29 0.21 0.23 0.07 0.28 0.04
0.13 0.04 0.17 0.20 0.14 0.27 0.15 0.11 0.24 0.12 0.18 0.14 0.06 0.15 0.12 0.15 0.02 0.17 0.11 0.09 0.08 0.11 0.17 0.14 0.22 0.06 0.16 0.12 0.04 0.00 0.18 0.07 0.12 0.04 0.17 0.14 0.10 0.05 0.21 0.20 0.18 0.08 0.13 0.17 0.26 0.18 0.20 0.05 0.25 0.08
0.29 0.14 0.36 0.02 0.27 0.21 0.06 0.21 0.21 0.17 0.37 0.22 0.25 0.23 0.20 0.21 0.19 0.02 0.08 0.18 0.25 0.14 0.12 0.17 0.17 0.12 0.24 0.06 0.22 0.18 0.00 0.22 0.12 0.18 0.06 0.23 0.28 0.24 0.16 0.27 0.21 0.11 0.20 0.14 0.26 0.20 0.33 0.23 0.19 0.26
0.20 0.10 0.14 0.23 0.21 0.34 0.19 0.18 0.30 0.18 0.20 0.21 0.10 0.22 0.19 0.21 0.09 0.20 0.14 0.15 0.15 0.17 0.24 0.21 0.29 0.10 0.23 0.16 0.04 0.07 0.22 0.00 0.19 0.03 0.21 0.21 0.15 0.10 0.28 0.27 0.25 0.12 0.20 0.23 0.32 0.25 0.27 0.11 0.31 0.07
0.17 0.09 0.24 0.14 0.15 0.15 0.09 0.08 0.11 0.05 0.25 0.10 0.12 0.11 0.07 0.09 0.10 0.11 0.15 0.06 0.13 0.02 0.05 0.05 0.10 0.10 0.12 0.06 0.15 0.12 0.12 0.19 0.00 0.16 0.11 0.10 0.16 0.11 0.09 0.15 0.09 0.07 0.07 0.04 0.13 0.07 0.21 0.11 0.12 0.14
0.17 0.07 0.17 0.20 0.17 0.31 0.15 0.15 0.27 0.15 0.18 0.18 0.07 0.19 0.16 0.18 0.06 0.17 0.11 0.12 0.12 0.14 0.21 0.17 0.26 0.06 0.19 0.12 0.04 0.04 0.18 0.03 0.16 0.00 0.17 0.17 0.12 0.07 0.25 0.24 0.21 0.08 0.16 0.20 0.29 0.21 0.23 0.07 0.28 0.08
0.28 0.13 0.35 0.04 0.26 0.19 0.02 0.19 0.20 0.16 0.36 0.21 0.23 0.22 0.18 0.20 0.17 0.07 0.14 0.17 0.24 0.12 0.09 0.16 0.14 0.11 0.23 0.05 0.21 0.17 0.06 0.21 0.11 0.17 0.00 0.21 0.27 0.22 0.14 0.26 0.20 0.10 0.18 0.13 0.24 0.18 0.32 0.22 0.16 0.25
0.07 0.11 0.13 0.24 0.05 0.13 0.20 0.03 0.10 0.05 0.14 0.00 0.11 0.02 0.03 0.01 0.12 0.21 0.16 0.05 0.06 0.09 0.12 0.05 0.08 0.12 0.02 0.17 0.17 0.14 0.23 0.21 0.10 0.17 0.21 0.00 0.06 0.11 0.07 0.06 0.04 0.12 0.03 0.09 0.12 0.04 0.10 0.10 0.11 0.14
0.05 0.14 0.08 0.30 0.05 0.18 0.25 0.07 0.15 0.11 0.09 0.06 0.06 0.07 0.09 0.07 0.09 0.27 0.20 0.10 0.03 0.15 0.17 0.11 0.14 0.16 0.07 0.22 0.12 0.10 0.28 0.15 0.16 0.12 0.27 0.06 0.00 0.05 0.13 0.12 0.10 0.17 0.08 0.14 0.17 0.10 0.11 0.05 0.16 0.08
0.10 0.10 0.12 0.25 0.10 0.24 0.21 0.07 0.20 0.08 0.13 0.11 0.01 0.12 0.09 0.11 0.05 0.22 0.16 0.05 0.05 0.10 0.14 0.10 0.19 0.11 0.12 0.17 0.07 0.05 0.24 0.10 0.11 0.07 0.22 0.11 0.05 0.00 0.18 0.17 0.15 0.13 0.09 0.13 0.22 0.15 0.16 0.00 0.21 0.03
0.14 0.18 0.21 0.17 0.12 0.06 0.12 0.10 0.06 0.10 0.21 0.07 0.18 0.08 0.09 0.07 0.19 0.17 0.24 0.12 0.13 0.11 0.05 0.07 0.01 0.19 0.09 0.12 0.24 0.21 0.16 0.28 0.09 0.25 0.14 0.07 0.13 0.18 0.00 0.12 0.06 0.17 0.09 0.05 0.10 0.04 0.17 0.17 0.03 0.21
0.07 0.17 0.13 0.29 0.06 0.07 0.24 0.09 0.06 0.10 0.10 0.06 0.17 0.04 0.07 0.06 0.18 0.26 0.22 0.11 0.12 0.14 0.17 0.10 0.12 0.18 0.04 0.21 0.23 0.20 0.27 0.27 0.15 0.24 0.26 0.06 0.12 0.17 0.12 0.00 0.06 0.16 0.07 0.13 0.06 0.07 0.06 0.16 0.10 0.20
0.08 0.15 0.14 0.23 0.06 0.09 0.18 0.07 0.06 0.06 0.15 0.04 0.15 0.03 0.06 0.03 0.16 0.20 0.20 0.09 0.10 0.08 0.11 0.04 0.06 0.16 0.02 0.15 0.21 0.18 0.21 0.25 0.09 0.21 0.20 0.04 0.10 0.15 0.06 0.06 0.00 0.13 0.05 0.07 0.07 0.02 0.11 0.14 0.07 0.18
0.18 0.03 0.25 0.12 0.17 0.22 0.08 0.10 0.19 0.07 0.26 0.12 0.14 0.12 0.09 0.11 0.08 0.09 0.07 0.07 0.15 0.06 0.13 0.09 0.17 0.03 0.13 0.05 0.11 0.08 0.11 0.12 0.07 0.08 0.10 0.12 0.17 0.13 0.17 0.16 0.13 0.00 0.09 0.12 0.21 0.13 0.22 0.12 0.20 0.15
0.10 0.09 0.16 0.21 0.07 0.14 0.17 0.02 0.11 0.03 0.17 0.03 0.10 0.03 0.00 0.02 0.11 0.18 0.15 0.04 0.06 0.06 0.09 0.03 0.10 0.11 0.04 0.14 0.16 0.13 0.20 0.20 0.07 0.16 0.18 0.03 0.08 0.09 0.09 0.07 0.05 0.09 0.00 0.06 0.13 0.05 0.13 0.09 0.12 0.12
0.15 0.13 0.22 0.15 0.13 0.11 0.11 0.07 0.07 0.05 0.23 0.08 0.14 0.09 0.06 0.07 0.14 0.12 0.19 0.08 0.11 0.06 0.04 0.03 0.06 0.14 0.10 0.08 0.20 0.17 0.14 0.23 0.04 0.20 0.13 0.09 0.14 0.13 0.05 0.13 0.07 0.12 0.06 0.00 0.12 0.06 0.19 0.13 0.08 0.16
0.12 0.22 0.19 0.27 0.12 0.05 0.23 0.15 0.04 0.14 0.12 0.11 0.23 0.10 0.13 0.11 0.23 0.24 0.28 0.17 0.17 0.15 0.15 0.12 0.10 0.23 0.10 0.20 0.29 0.26 0.26 0.32 0.13 0.29 0.24 0.12 0.17 0.22 0.10 0.06 0.07 0.21 0.13 0.12 0.00 0.07 0.07 0.22 0.09 0.25
0.10 0.15 0.16 0.21 0.08 0.09 0.17 0.07 0.06 0.06 0.17 0.04 0.15 0.04 0.06 0.03 0.16 0.18 0.20 0.09 0.10 0.07 0.09 0.04 0.04 0.16 0.04 0.14 0.21 0.18 0.20 0.25 0.07 0.21 0.18 0.04 0.10 0.15 0.04 0.07 0.02 0.13 0.05 0.06 0.07 0.00 0.13 0.14 0.07 0.18
0.07 0.19 0.13 0.34 0.06 0.12 0.30 0.12 0.12 0.15 0.07 0.11 0.17 0.10 0.13 0.12 0.17 0.31 0.25 0.15 0.12 0.19 0.22 0.15 0.17 0.21 0.09 0.27 0.23 0.20 0.33 0.27 0.21 0.23 0.32 0.10 0.11 0.16 0.17 0.06 0.11 0.22 0.13 0.19 0.07 0.13 0.00 0.16 0.16 0.20
0.10 0.09 0.12 0.25 0.10 0.23 0.20 0.07 0.20 0.08 0.14 0.11 0.01 0.12 0.09 0.11 0.04 0.22 0.15 0.05 0.04 0.10 0.14 0.10 0.18 0.11 0.12 0.17 0.07 0.05 0.23 0.11 0.11 0.07 0.22 0.10 0.05 0.00 0.17 0.16 0.14 0.12 0.09 0.13 0.22 0.14 0.16 0.00 0.21 0.04
0.12 0.21 0.19 0.18 0.11 0.04 0.14 0.14 0.04 0.13 0.20 0.10 0.21 0.09 0.12 0.10 0.22 0.20 0.27 0.16 0.16 0.14 0.07 0.11 0.02 0.22 0.09 0.15 0.28 0.25 0.19 0.31 0.12 0.28 0.16 0.11 0.16 0.21 0.03 0.10 0.07 0.20 0.12 0.08 0.09 0.07 0.16 0.21 0.00 0.24
0.13 0.12 0.10 0.28 0.14 0.27 0.23 0.11 0.23 0.12 0.13 0.14 0.03 0.15 0.12 0.15 0.07 0.25 0.18 0.09 0.08 0.13 0.17 0.14 0.22 0.14 0.15 0.20 0.04 0.08 0.26 0.07 0.14 0.08 0.25 0.14 0.08 0.03 0.21 0.20 0.18 0.15 0.12 0.16 0.25 0.18 0.20 0.04 0.24 0.00
Team_tasks_times:
Team 0:
1: 0.25 2.00 0.75 0.50 4.00
2: 2.00 1.00 500.00
3: 0.25 2.00 0.75 0.50 4.00
4: 0.25 2.00 0.75 0.50 4.00
5: 0.50
6: 2.00 1.00 500.00
7: 0.25 2.00 0.75 0.50 4.00
8: 0.50
9: 0.50
10: 0.25 2.00 0.75 0.50 4.00
11: 0.50
12: 0.50
13: 0.25 2.00 0.75 0.50 4.00
14: 0.25 2.00 0.75 0.50 4.00
15: 0.50
16: 2.00 1.00 500.00
17: 0.25 2.00 0.75 0.50 4.00
18: 0.50
19: 0.25 2.00 0.75 0.50 4.00
20: 0.50
21: 0.25 2.00 0.75 0.50 4.00
22: 0.50
23: 2.00 1.00 500.00
24: 0.50
25: 0.50
26: 0.50
27: 2.00 1.00 500.00
28: 0.25 2.00 0.75 0.50 4.00
29: 0.50
30: 0.50
31: 2.00 1.00 500.00
32: 2.00 1.00 500.00
33: 0.50
34: 0.50
35: 0.25 2.00 0.75 0.50 4.00
36: 0.50
37: 0.50
38: 0.50
39: 0.50
40: 0.50
41: 0.50
42: 0.25 2.00 0.75 0.50 4.00
43: 0.50
44: 2.00 1.00 500.00
45: 2.00 1.00 500.00
46: 0.50
47: 0.50
48: 0.25 2.00 0.75 0.50 4.00
49: 0.50
Team 1:
1: 0.25 0.50 2.00 0.50 0.50
2: 0.50 2.00 1.50
3: 0.25 0.50 2.00 0.50 0.50
4: 0.25 0.50 2.00 0.50 0.50
5: 2000.00
6: 0.50 2.00 1.50
7: 0.25 0.50 2.00 0.50 0.50
8: 2000.00
9: 2000.00
10: 0.25 0.50 2.00 0.50 0.50
11: 2000.00
12: 2000.00
13: 0.25 0.50 2.00 0.50 0.50
14: 0.25 0.50 2.00 0.50 0.50
15: 2000.00
16: 0.50 2.00 1.50
17: 0.25 0.50 2.00 0.50 0.50
18: 2000.00
19: 0.25 0.50 2.00 0.50 0.50
20: 2000.00
21: 0.25 0.50 2.00 0.50 0.50
22: 2000.00
23: 0.50 2.00 1.50
24: 2000.00
25: 2000.00
26: 2000.00
27: 0.50 2.00 1.50
28: 0.25 0.50 2.00 0.50 0.50
29: 2000.00
30: 2000.00
31: 0.50 2.00 1.50
32: 0.50 2.00 1.50
33: 2000.00
34: 2000.00
35: 0.25 0.50 2.00 0.50 0.50
36: 2000.00
37: 2000.00
38: 2000.00
39: 2000.00
40: 2000.00
41: 2000.00
42: 0.25 0.50 2.00 0.50 0.50
43: 2000.00
44: 0.50 2.00 1.50
45: 0.50 2.00 1.50
46: 2000.00
47: 2000.00
48: 0.25 0.50 2.00 0.50 0.50
49: 2000.00
Team 2:
1: 4.00 2.00 0.50 0.25 0.50
2: 0.25 0.75 1000.00
3: 4.00 2.00 0.50 0.25 0.50
4: 4.00 2.00 0.50 0.25 0.50
5: 500.00
6: 0.25 0.75 1000.00
7: 4.00 2.00 0.50 0.25 0.50
8: 500.00
9: 500.00
10: 4.00 2.00 0.50 0.25 0.50
11: 500.00
12: 500.00
13: 4.00 2.00 0.50 0.25 0.50
14: 4.00 2.00 0.50 0.25 0.50
15: 500.00
16: 0.25 0.75 1000.00
17: 4.00 2.00 0.50 0.25 0.50
18: 500.00
19: 4.00 2.00 0.50 0.25 0.50
20: 500.00
21: 4.00 2.00 0.50 0.25 0.50
22: 500.00
23: 0.25 0.75 1000.00
24: 500.00
25: 500.00
26: 500.00
27: 0.25 0.75 1000.00
28: 4.00 2.00 0.50 0.25 0.50
29: 500.00
30: 500.00
31: 0.25 0.75 1000.00
32: 0.25 0.75 1000.00
33: 500.00
34: 500.00
35: 4.00 2.00 0.50 0.25 0.50
36: 500.00
37: 500.00
38: 500.00
39: 500.00
40: 500.00
41: 500.00
42: 4.00 2.00 0.50 0.25 0.50
43: 500.00
44: 0.25 0.75 1000.00
45: 0.25 0.75 1000.00
46: 500.00
47: 500.00
48: 4.00 2.00 0.50 0.25 0.50
49: 500.00
