Number_of_customers: 50
Number_of_teams: 3
Number_of_services: 3
Customers_requested_services:
1 1 2 1 0 2 1 0 0 2 0 0 0 1 0 0 1 1 0 2 1 0 0 1 2 1 1 1 0 2 0 1 2 0 0 0 2 0 2 2 1 0 2 1 2 0 2 0 0
Daily_available_time: 8
Service 0:
Number_of_tasks: 1
Dependencies:
0: 
Service 1:
Number_of_tasks: 3
Dependencies:
0: 2
1: 2
2: 
Service 2:
Number_of_tasks: 5
Dependencies:
0: 
1: 0 2 3 4
2: 
3: 
4: 
Travel_times:
0.00 0.23 0.23 0.10 0.16 0.25 0.20 0.30 0.24 0.17 0.16 0.27 0.12 0.17 0.08 0.12 0.24 0.35 0.09 0.31 0.22 0.18 0.27 0.17 0.24 0.30 0.19 0.32 0.06 0.14 0.10 0.15 0.28 0.12 0.20 0.33 0.07 0.18 0.21 0.31 0.11 0.18 0.20 0.10 0.10 0.21 0.09 0.19 0.06 0.22
0.23 0.00 0.16 0.13 0.15 0.18 0.03 0.08 0.04 0.05 0.07 0.04 0.14 0.05 0.25 0.11 0.17 0.12 0.28 0.08 0.14 0.06 0.10 0.05 0.09 0.07 0.13 0.09 0.17 0.19 0.25 0.08 0.05 0.11 0.14 0.11 0.28 0.06 0.15 0.08 0.22 0.05 0.12 0.16 0.16 0.07 0.20 0.10 0.29 0.03
0.23 0.16 0.00 0.23 0.32 0.10 0.16 0.10 0.12 0.14 0.23 0.16 0.12 0.15 0.22 0.26 0.03 0.21 0.25 0.21 0.02 0.22 0.07 0.20 0.07 0.23 0.09 0.17 0.18 0.16 0.22 0.17 0.19 0.19 0.09 0.16 0.25 0.11 0.01 0.21 0.19 0.21 0.29 0.32 0.13 0.24 0.17 0.27 0.26 0.20
0.10 0.13 0.23 0.00 0.09 0.25 0.10 0.20 0.14 0.09 0.06 0.17 0.12 0.07 0.12 0.04 0.24 0.25 0.15 0.21 0.20 0.08 0.17 0.07 0.15 0.20 0.19 0.22 0.05 0.14 0.12 0.06 0.18 0.04 0.20 0.23 0.15 0.12 0.21 0.21 0.11 0.08 0.10 0.10 0.10 0.11 0.09 0.09 0.16 0.12
0.16 0.15 0.32 0.09 0.00 0.34 0.16 0.24 0.20 0.18 0.09 0.15 0.21 0.17 0.18 0.06 0.33 0.18 0.21 0.14 0.30 0.10 0.25 0.12 0.25 0.14 0.29 0.16 0.14 0.23 0.19 0.15 0.13 0.13 0.29 0.17 0.21 0.21 0.31 0.14 0.20 0.11 0.04 0.08 0.19 0.08 0.18 0.05 0.22 0.12
0.25 0.18 0.10 0.25 0.34 0.00 0.18 0.20 0.14 0.16 0.25 0.18 0.12 0.17 0.16 0.28 0.12 0.24 0.16 0.23 0.11 0.24 0.16 0.21 0.13 0.25 0.05 0.21 0.20 0.11 0.15 0.19 0.21 0.21 0.05 0.23 0.17 0.12 0.11 0.23 0.14 0.23 0.31 0.34 0.15 0.26 0.15 0.29 0.19 0.21
0.20 0.03 0.16 0.10 0.16 0.18 0.00 0.10 0.04 0.03 0.07 0.07 0.12 0.03 0.22 0.11 0.17 0.14 0.26 0.10 0.14 0.07 0.09 0.04 0.09 0.10 0.12 0.12 0.15 0.16 0.22 0.06 0.07 0.08 0.13 0.13 0.25 0.05 0.15 0.10 0.19 0.05 0.13 0.16 0.13 0.08 0.17 0.11 0.26 0.04
0.30 0.08 0.10 0.20 0.24 0.20 0.10 0.00 0.06 0.12 0.15 0.08 0.21 0.12 0.32 0.18 0.09 0.13 0.35 0.13 0.08 0.14 0.04 0.12 0.06 0.15 0.19 0.09 0.24 0.26 0.32 0.15 0.11 0.18 0.19 0.08 0.35 0.12 0.09 0.12 0.29 0.12 0.21 0.24 0.23 0.15 0.27 0.18 0.36 0.12
0.24 0.04 0.12 0.14 0.20 0.14 0.04 0.06 0.00 0.07 0.11 0.04 0.16 0.07 0.26 0.15 0.13 0.10 0.30 0.09 0.10 0.11 0.05 0.08 0.04 0.11 0.14 0.08 0.18 0.20 0.26 0.10 0.07 0.12 0.14 0.09 0.29 0.06 0.11 0.09 0.23 0.09 0.17 0.20 0.17 0.12 0.21 0.15 0.30 0.08
0.17 0.05 0.14 0.09 0.18 0.16 0.03 0.12 0.07 0.00 0.09 0.10 0.09 0.01 0.19 0.12 0.15 0.17 0.23 0.13 0.12 0.08 0.09 0.06 0.07 0.12 0.11 0.15 0.12 0.14 0.20 0.03 0.10 0.05 0.11 0.16 0.22 0.04 0.13 0.13 0.17 0.07 0.15 0.18 0.11 0.10 0.15 0.12 0.23 0.06
0.16 0.07 0.23 0.06 0.09 0.25 0.07 0.15 0.11 0.09 0.00 0.11 0.12 0.07 0.18 0.04 0.24 0.18 0.21 0.15 0.20 0.02 0.16 0.03 0.15 0.14 0.19 0.16 0.10 0.14 0.18 0.06 0.12 0.04 0.20 0.17 0.21 0.12 0.21 0.15 0.15 0.02 0.06 0.10 0.10 0.04 0.13 0.04 0.22 0.06
0.27 0.04 0.16 0.17 0.15 0.18 0.07 0.08 0.04 0.10 0.11 0.00 0.19 0.10 0.29 0.15 0.17 0.07 0.33 0.05 0.14 0.10 0.10 0.10 0.09 0.07 0.17 0.05 0.21 0.23 0.29 0.12 0.03 0.15 0.17 0.06 0.32 0.09 0.15 0.04 0.26 0.09 0.12 0.19 0.20 0.07 0.25 0.10 0.33 0.05
0.12 0.14 0.12 0.12 0.21 0.12 0.12 0.21 0.16 0.09 0.12 0.19 0.00 0.09 0.10 0.16 0.14 0.26 0.14 0.22 0.13 0.12 0.18 0.09 0.15 0.21 0.07 0.24 0.07 0.04 0.11 0.06 0.19 0.08 0.08 0.25 0.13 0.10 0.12 0.22 0.07 0.10 0.18 0.21 0.03 0.13 0.06 0.16 0.14 0.14
0.17 0.05 0.15 0.07 0.17 0.17 0.03 0.12 0.07 0.01 0.07 0.10 0.09 0.00 0.19 0.11 0.16 0.17 0.23 0.13 0.13 0.07 0.09 0.04 0.08 0.12 0.12 0.15 0.12 0.14 0.20 0.03 0.10 0.05 0.12 0.16 0.22 0.04 0.14 0.13 0.17 0.06 0.14 0.17 0.11 0.09 0.15 0.12 0.23 0.04
0.08 0.25 0.22 0.12 0.18 0.16 0.22 0.32 0.26 0.19 0.18 0.29 0.10 0.19 0.00 0.14 0.25 0.36 0.04 0.32 0.24 0.20 0.28 0.19 0.26 0.32 0.12 0.34 0.07 0.06 0.01 0.17 0.30 0.14 0.12 0.35 0.03 0.20 0.23 0.32 0.03 0.20 0.21 0.18 0.09 0.22 0.04 0.21 0.04 0.24
0.12 0.11 0.26 0.04 0.06 0.28 0.11 0.18 0.15 0.12 0.04 0.15 0.16 0.11 0.14 0.00 0.28 0.23 0.17 0.19 0.24 0.06 0.20 0.07 0.19 0.18 0.23 0.20 0.09 0.17 0.14 0.10 0.16 0.07 0.24 0.21 0.17 0.16 0.25 0.19 0.15 0.06 0.08 0.06 0.13 0.09 0.13 0.07 0.17 0.10
0.24 0.17 0.03 0.24 0.33 0.12 0.17 0.09 0.13 0.15 0.24 0.17 0.14 0.16 0.25 0.28 0.00 0.22 0.28 0.22 0.04 0.24 0.08 0.21 0.09 0.24 0.12 0.18 0.19 0.19 0.25 0.18 0.20 0.20 0.12 0.17 0.28 0.12 0.02 0.22 0.22 0.22 0.30 0.33 0.16 0.25 0.20 0.28 0.29 0.21
0.35 0.12 0.21 0.25 0.18 0.24 0.14 0.13 0.10 0.17 0.18 0.07 0.26 0.17 0.36 0.23 0.22 0.00 0.40 0.04 0.19 0.17 0.15 0.17 0.14 0.04 0.24 0.04 0.29 0.31 0.37 0.20 0.07 0.22 0.24 0.05 0.39 0.17 0.20 0.04 0.34 0.17 0.15 0.27 0.28 0.14 0.32 0.15 0.40 0.12
0.09 0.28 0.25 0.15 0.21 0.16 0.26 0.35 0.30 0.23 0.21 0.33 0.14 0.23 0.04 0.17 0.28 0.40 0.00 0.36 0.27 0.23 0.32 0.23 0.29 0.35 0.16 0.37 0.11 0.09 0.03 0.20 0.33 0.17 0.16 0.39 0.02 0.23 0.26 0.36 0.06 0.23 0.25 0.19 0.12 0.26 0.08 0.24 0.04 0.27
0.31 0.08 0.21 0.21 0.14 0.23 0.10 0.13 0.09 0.13 0.15 0.05 0.22 0.13 0.32 0.19 0.22 0.04 0.36 0.00 0.19 0.13 0.15 0.13 0.14 0.02 0.20 0.04 0.25 0.27 0.33 0.16 0.03 0.18 0.20 0.05 0.35 0.12 0.20 0.01 0.30 0.12 0.11 0.23 0.24 0.10 0.28 0.12 0.36 0.09
0.22 0.14 0.02 0.20 0.30 0.11 0.14 0.08 0.10 0.12 0.20 0.14 0.13 0.13 0.24 0.24 0.04 0.19 0.27 0.19 0.00 0.20 0.05 0.17 0.05 0.21 0.11 0.15 0.16 0.18 0.24 0.15 0.17 0.17 0.11 0.14 0.27 0.08 0.01 0.18 0.21 0.18 0.27 0.30 0.15 0.21 0.19 0.24 0.28 0.17
0.18 0.06 0.22 0.08 0.10 0.24 0.07 0.14 0.11 0.08 0.02 0.10 0.12 0.07 0.20 0.06 0.24 0.17 0.23 0.13 0.20 0.00 0.16 0.03 0.15 0.12 0.19 0.14 0.12 0.14 0.20 0.06 0.10 0.06 0.20 0.15 0.23 0.12 0.21 0.13 0.17 0.02 0.07 0.10 0.11 0.03 0.15 0.04 0.24 0.04
0.27 0.10 0.07 0.17 0.25 0.16 0.09 0.04 0.05 0.09 0.16 0.10 0.18 0.09 0.28 0.20 0.08 0.15 0.32 0.15 0.05 0.16 0.00 0.13 0.03 0.17 0.16 0.11 0.21 0.23 0.29 0.12 0.12 0.14 0.16 0.09 0.31 0.09 0.06 0.14 0.26 0.14 0.22 0.26 0.20 0.17 0.24 0.20 0.32 0.13
0.17 0.05 0.20 0.07 0.12 0.21 0.04 0.12 0.08 0.06 0.03 0.10 0.09 0.04 0.19 0.07 0.21 0.17 0.23 0.13 0.17 0.03 0.13 0.00 0.12 0.12 0.16 0.15 0.12 0.14 0.20 0.03 0.10 0.05 0.17 0.16 0.22 0.09 0.18 0.13 0.17 0.01 0.09 0.12 0.11 0.04 0.15 0.07 0.23 0.04
0.24 0.09 0.07 0.15 0.25 0.13 0.09 0.06 0.04 0.07 0.15 0.09 0.15 0.08 0.26 0.19 0.09 0.14 0.29 0.14 0.05 0.15 0.03 0.12 0.00 0.16 0.13 0.10 0.18 0.20 0.26 0.10 0.12 0.12 0.13 0.10 0.29 0.06 0.06 0.13 0.23 0.13 0.21 0.25 0.17 0.16 0.21 0.19 0.30 0.12
0.30 0.07 0.23 0.20 0.14 0.25 0.10 0.15 0.11 0.12 0.14 0.07 0.21 0.12 0.32 0.18 0.24 0.04 0.35 0.02 0.21 0.12 0.17 0.12 0.16 0.00 0.20 0.06 0.24 0.26 0.32 0.15 0.04 0.18 0.20 0.07 0.35 0.12 0.22 0.03 0.29 0.12 0.10 0.22 0.23 0.10 0.27 0.11 0.36 0.08
0.19 0.13 0.09 0.19 0.29 0.05 0.12 0.19 0.14 0.11 0.19 0.17 0.07 0.12 0.12 0.23 0.12 0.24 0.16 0.20 0.11 0.19 0.16 0.16 0.13 0.20 0.00 0.21 0.15 0.07 0.13 0.14 0.17 0.15 0.01 0.23 0.15 0.07 0.10 0.20 0.10 0.17 0.26 0.29 0.10 0.20 0.10 0.23 0.17 0.16
0.32 0.09 0.17 0.22 0.16 0.21 0.12 0.09 0.08 0.15 0.16 0.05 0.24 0.15 0.34 0.20 0.18 0.04 0.37 0.04 0.15 0.14 0.11 0.15 0.10 0.06 0.21 0.00 0.26 0.28 0.34 0.17 0.04 0.20 0.21 0.01 0.37 0.14 0.16 0.04 0.31 0.14 0.12 0.24 0.25 0.12 0.29 0.13 0.38 0.10
0.06 0.17 0.18 0.05 0.14 0.20 0.15 0.24 0.18 0.12 0.10 0.21 0.07 0.12 0.07 0.09 0.19 0.29 0.11 0.25 0.16 0.12 0.21 0.12 0.18 0.24 0.15 0.26 0.00 0.09 0.08 0.09 0.22 0.07 0.15 0.28 0.11 0.12 0.17 0.25 0.06 0.12 0.14 0.14 0.05 0.15 0.04 0.13 0.12 0.16
0.14 0.19 0.16 0.14 0.23 0.11 0.16 0.26 0.20 0.14 0.14 0.23 0.04 0.14 0.06 0.17 0.19 0.31 0.09 0.27 0.18 0.14 0.23 0.14 0.20 0.26 0.07 0.28 0.09 0.00 0.06 0.11 0.24 0.10 0.07 0.29 0.09 0.14 0.17 0.27 0.03 0.14 0.20 0.23 0.04 0.17 0.04 0.17 0.10 0.18
0.10 0.25 0.22 0.12 0.19 0.15 0.22 0.32 0.26 0.20 0.18 0.29 0.11 0.20 0.01 0.14 0.25 0.37 0.03 0.33 0.24 0.20 0.29 0.20 0.26 0.32 0.13 0.34 0.08 0.06 0.00 0.17 0.30 0.14 0.13 0.35 0.03 0.20 0.23 0.33 0.03 0.20 0.22 0.19 0.09 0.23 0.05 0.21 0.04 0.24
0.15 0.08 0.17 0.06 0.15 0.19 0.06 0.15 0.10 0.03 0.06 0.12 0.06 0.03 0.17 0.10 0.18 0.20 0.20 0.16 0.15 0.06 0.12 0.03 0.10 0.15 0.14 0.17 0.09 0.11 0.17 0.00 0.13 0.03 0.14 0.18 0.20 0.06 0.16 0.16 0.14 0.04 0.12 0.15 0.08 0.07 0.12 0.10 0.21 0.07
0.28 0.05 0.19 0.18 0.13 0.21 0.07 0.11 0.07 0.10 0.12 0.03 0.19 0.10 0.30 0.16 0.20 0.07 0.33 0.03 0.17 0.10 0.12 0.10 0.12 0.04 0.17 0.04 0.22 0.24 0.30 0.13 0.00 0.15 0.17 0.06 0.33 0.10 0.18 0.03 0.27 0.10 0.10 0.20 0.21 0.07 0.25 0.09 0.34 0.06
0.12 0.11 0.19 0.04 0.13 0.21 0.08 0.18 0.12 0.05 0.04 0.15 0.08 0.05 0.14 0.07 0.20 0.22 0.17 0.18 0.17 0.06 0.14 0.05 0.12 0.18 0.15 0.20 0.07 0.10 0.14 0.03 0.15 0.00 0.16 0.21 0.17 0.08 0.18 0.18 0.11 0.06 0.10 0.13 0.06 0.08 0.10 0.08 0.18 0.10
0.20 0.14 0.09 0.20 0.29 0.05 0.13 0.19 0.14 0.11 0.20 0.17 0.08 0.12 0.12 0.24 0.12 0.24 0.16 0.20 0.11 0.20 0.16 0.17 0.13 0.20 0.01 0.21 0.15 0.07 0.13 0.14 0.17 0.16 0.00 0.23 0.15 0.08 0.10 0.20 0.10 0.18 0.26 0.29 0.10 0.21 0.11 0.24 0.17 0.17
0.33 0.11 0.16 0.23 0.17 0.23 0.13 0.08 0.09 0.16 0.17 0.06 0.25 0.16 0.35 0.21 0.17 0.05 0.39 0.05 0.14 0.15 0.09 0.16 0.10 0.07 0.23 0.01 0.28 0.29 0.35 0.18 0.06 0.21 0.23 0.00 0.38 0.15 0.15 0.05 0.32 0.15 0.14 0.25 0.26 0.13 0.31 0.14 0.39 0.11
0.07 0.28 0.25 0.15 0.21 0.17 0.25 0.35 0.29 0.22 0.21 0.32 0.13 0.22 0.03 0.17 0.28 0.39 0.02 0.35 0.27 0.23 0.31 0.22 0.29 0.35 0.15 0.37 0.11 0.09 0.03 0.20 0.33 0.17 0.15 0.38 0.00 0.23 0.26 0.35 0.06 0.23 0.25 0.17 0.12 0.25 0.07 0.24 0.02 0.27
0.18 0.06 0.11 0.12 0.21 0.12 0.05 0.12 0.06 0.04 0.12 0.09 0.10 0.04 0.20 0.16 0.12 0.17 0.23 0.12 0.08 0.12 0.09 0.09 0.06 0.12 0.07 0.14 0.12 0.14 0.20 0.06 0.10 0.08 0.08 0.15 0.23 0.00 0.10 0.12 0.17 0.10 0.18 0.21 0.11 0.13 0.15 0.16 0.24 0.09
0.21 0.15 0.01 0.21 0.31 0.11 0.15 0.09 0.11 0.13 0.21 0.15 0.12 0.14 0.23 0.25 0.02 0.20 0.26 0.20 0.01 0.21 0.06 0.18 0.06 0.22 0.10 0.16 0.17 0.17 0.23 0.16 0.18 0.18 0.10 0.15 0.26 0.10 0.00 0.20 0.20 0.20 0.28 0.31 0.14 0.23 0.18 0.26 0.27 0.18
0.31 0.08 0.21 0.21 0.14 0.23 0.10 0.12 0.09 0.13 0.15 0.04 0.22 0.13 0.32 0.19 0.22 0.04 0.36 0.01 0.18 0.13 0.14 0.13 0.13 0.03 0.20 0.04 0.25 0.27 0.33 0.16 0.03 0.18 0.20 0.05 0.35 0.12 0.20 0.00 0.30 0.12 0.11 0.23 0.24 0.10 0.28 0.12 0.36 0.09
0.11 0.22 0.19 0.11 0.20 0.14 0.19 0.29 0.23 0.17 0.15 0.26 0.07 0.17 0.03 0.15 0.22 0.34 0.06 0.30 0.21 0.17 0.26 0.17 0.23 0.29 0.10 0.31 0.06 0.03 0.03 0.14 0.27 0.11 0.10 0.32 0.06 0.17 0.20 0.30 0.00 0.17 0.19 0.21 0.06 0.20 0.02 0.18 0.07 0.21
0.18 0.05 0.21 0.08 0.11 0.23 0.05 0.12 0.09 0.07 0.02 0.09 0.10 0.06 0.20 0.06 0.22 0.17 0.23 0.12 0.18 0.02 0.14 0.01 0.13 0.12 0.17 0.14 0.12 0.14 0.20 0.04 0.10 0.06 0.18 0.15 0.23 0.10 0.20 0.12 0.17 0.00 0.08 0.12 0.11 0.03 0.15 0.06 0.24 0.04
0.20 0.12 0.29 0.10 0.04 0.31 0.13 0.21 0.17 0.15 0.06 0.12 0.18 0.14 0.21 0.08 0.30 0.15 0.25 0.11 0.27 0.07 0.22 0.09 0.21 0.10 0.26 0.12 0.14 0.20 0.22 0.12 0.10 0.10 0.26 0.14 0.25 0.18 0.28 0.11 0.19 0.08 0.00 0.12 0.16 0.05 0.17 0.02 0.26 0.09
0.10 0.16 0.32 0.10 0.08 0.34 0.16 0.24 0.20 0.18 0.10 0.19 0.21 0.17 0.18 0.06 0.33 0.27 0.19 0.23 0.30 0.10 0.26 0.12 0.25 0.22 0.29 0.24 0.14 0.23 0.19 0.15 0.20 0.13 0.29 0.25 0.17 0.21 0.31 0.23 0.21 0.12 0.12 0.00 0.19 0.12 0.19 0.11 0.15 0.14
0.10 0.16 0.13 0.10 0.19 0.15 0.13 0.23 0.17 0.11 0.10 0.20 0.03 0.11 0.09 0.13 0.16 0.28 0.12 0.24 0.15 0.11 0.20 0.11 0.17 0.23 0.10 0.25 0.05 0.04 0.09 0.08 0.21 0.06 0.10 0.26 0.12 0.11 0.14 0.24 0.06 0.11 0.16 0.19 0.00 0.14 0.04 0.14 0.13 0.15
0.21 0.07 0.24 0.11 0.08 0.26 0.08 0.15 0.12 0.10 0.04 0.07 0.13 0.09 0.22 0.09 0.25 0.14 0.26 0.10 0.21 0.03 0.17 0.04 0.16 0.10 0.20 0.12 0.15 0.17 0.23 0.07 0.07 0.08 0.21 0.13 0.25 0.13 0.23 0.10 0.20 0.03 0.05 0.12 0.14 0.00 0.18 0.03 0.26 0.04
0.09 0.20 0.17 0.09 0.18 0.15 0.17 0.27 0.21 0.15 0.13 0.25 0.06 0.15 0.04 0.13 0.20 0.32 0.08 0.28 0.19 0.15 0.24 0.15 0.21 0.27 0.10 0.29 0.04 0.04 0.05 0.12 0.25 0.10 0.11 0.31 0.07 0.15 0.18 0.28 0.02 0.15 0.17 0.19 0.04 0.18 0.00 0.16 0.09 0.19
0.19 0.10 0.27 0.09 0.05 0.29 0.11 0.18 0.15 0.12 0.04 0.10 0.16 0.12 0.21 0.07 0.28 0.15 0.24 0.12 0.24 0.04 0.20 0.07 0.19 0.11 0.23 0.13 0.13 0.17 0.21 0.10 0.09 0.08 0.24 0.14 0.24 0.16 0.26 0.12 0.18 0.06 0.02 0.11 0.14 0.03 0.16 0.00 0.25 0.07
0.06 0.29 0.26 0.16 0.22 0.19 0.26 0.36 0.30 0.23 0.22 0.33 0.14 0.23 0.04 0.17 0.29 0.40 0.04 0.36 0.28 0.24 0.32 0.23 0.30 0.36 0.17 0.38 0.12 0.10 0.04 0.21 0.34 0.18 0.17 0.39 0.02 0.24 0.27 0.36 0.07 0.24 0.26 0.15 0.13 0.26 0.09 0.25 0.00 0.28
0.22 0.03 0.20 0.12 0.12 0.21 0.04 0.12 0.08 0.06 0.06 0.05 0.14 0.04 0.24 0.10 0.21 0.12 0.27 0.09 0.17 0.04 0.13 0.04 0.12 0.08 0.16 0.10 0.16 0.18 0.24 0.07 0.06 0.10 0.17 0.11 0.27 0.09 0.18 0.09 0.21 0.04 0.09 0.14 0.15 0.04 0.19 0.07 0.28 0.00
Team_tasks_times:
Team 0:
1: 2.00 0.75 2.00
2: 2.00 0.75 2.00
3: 0.50 0.25 0.75 3.00 0.75
4: 2.00 0.75 2.00
5: 0.50
6: 0.50 0.25 0.75 3.00 0.75
7: 2.00 0.75 2.00
8: 0.50
9: 0.50
10: 0.50 0.25 0.75 3.00 0.75
11: 0.50
12: 0.50
13: 0.50
14: 2.00 0.75 2.00
15: 0.50
16: 0.50
17: 2.00 0.75 2.00
18: 2.00 0.75 2.00
19: 0.50
20: 0.50 0.25 0.75 3.00 0.75
21: 2.00 0.75 2.00
22: 0.50
23: 0.50
24: 2.00 0.75 2.00
25: 0.50 0.25 0.75 3.00 0.75
26: 2.00 0.75 2.00
27: 2.00 0.75 2.00
28: 2.00 0.75 2.00
29: 0.50
30: 0.50 0.25 0.75 3.00 0.75
31: 0.50
32: 2.00 0.75 2.00
33: 0.50 0.25 0.75 3.00 0.75
34: 0.50
35: 0.50
36: 0.50
37: 0.50 0.25 0.75 3.00 0.75
38: 0.50
39: 0.50 0.25 0.75 3.00 0.75
40: 0.50 0.25 0.75 3.00 0.75
41: 2.00 0.75 2.00
42: 0.50
43: 0.50 0.25 0.75 3.00 0.75
44: 2.00 0.75 2.00
45: 0.50 0.25 0.75 3.00 0.75
46: 0.50
47: 0.50 0.25 0.75 3.00 0.75
48: 0.50
49: 0.50
Team 1:
1: 1.00 2.00 0.50
2: 1.00 2.00 0.50
3: 1000.00 1.00 3.00 3.00 4.00
4: 1.00 2.00 0.50
5: 2.00
6: 1000.00 1.00 3.00 3.00 4.00
7: 1.00 2.00 0.50
8: 2.00
9: 2.00
10: 1000.00 1.00 3.00 3.00 4.00
11: 2.00
12: 2.00
13: 2.00
14: 1.00 2.00 0.50
15: 2.00
16: 2.00
17: 1.00 2.00 0.50
18: 1.00 2.00 0.50
19: 2.00
20: 1000.00 1.00 3.00 3.00 4.00
21: 1.00 2.00 0.50
22: 2.00
23: 2.00
24: 1.00 2.00 0.50
25: 1000.00 1.00 3.00 3.00 4.00
26: 1.00 2.00 0.50
27: 1.00 2.00 0.50
28: 1.00 2.00 0.50
29: 2.00
30: 1000.00 1.00 3.00 3.00 4.00
31: 2.00
32: 1.00 2.00 0.50
33: 1000.00 1.00 3.00 3.00 4.00
34: 2.00
35: 2.00
36: 2.00
37: 1000.00 1.00 3.00 3.00 4.00
38: 2.00
39: 1000.00 1.00 3.00 3.00 4.00
40: 1000.00 1.00 3.00 3.00 4.00
41: 1.00 2.00 0.50
42: 2.00
43: 1000.00 1.00 3.00 3.00 4.00
44: 1.00 2.00 0.50
45: 1000.00 1.00 3.00 3.00 4.00
46: 2.00
47: 1000.00 1.00 3.00 3.00 4.00
48: 2.00
49: 2.00
Team 2:
1: 1.00 1.50 4.00
2: 1.00 1.50 4.00
3: 1000.00 1.00 1.00 1.00 0.75
4: 1.00 1.50 4.00
5: 1.00
6: 1000.00 1.00 1.00 1.00 0.75
7: 1.00 1.50 4.00
8: 1.00
9: 1.00
10: 1000.00 1.00 1.00 1.00 0.75
11: 1.00
12: 1.00
13: 1.00
14: 1.00 1.50 4.00
15: 1.00
16: 1.00
17: 1.00 1.50 4.00
18: 1.00 1.50 4.00
19: 1.00
20: 1000.00 1.00 1.00 1.00 0.75
21: 1.00 1.50 4.00
22: 1.00
23: 1.00
24: 1.00 1.50 4.00
25: 1000.00 1.00 1.00 1.00 0.75
26: 1.00 1.50 4.00
27: 1.00 1.50 4.00
28: 1.00 1.50 4.00
29: 1.00
30: 1000.00 1.00 1.00 1.00 0.75
31: 1.00
32: 1.00 1.50 4.00
33: 1000.00 1.00 1.00 1.00 0.75
34: 1.00
35: 1.00
36: 1.00
37: 1000.00 1.00 1.00 1.00 0.75
38: 1.00
39: 1000.00 1.00 1.00 1.00 0.75
40: 1000.00 1.00 1.00 1.00 0.75
41: 1.00 1.50 4.00
42: 1.00
43: 1000.00 1.00 1.00 1.00 0.75
44: 1.00 1.50 4.00
45: 1000.00 1.00 1.00 1.00 0.75
46: 1.00
47: 1000.00 1.00 1.00 1.00 0.75
48: 1.00
49: 1.00
