Number_of_customers: 50
Number_of_teams: 3
Number_of_services: 1
Customers_requested_services:
0 0 0 0 0 0 0 0 0 0 0 0 0 0 0 0 0 0 0 0 0 0 0 0 0 0 0 0 0 0 0 0 0 0 0 0 0 0 0 0 0 0 0 0 0 0 0 0 0
Daily_available_time: 8
Service 0:
Number_of_tasks: 3
Dependencies:
0: 1
1: 
2: 1
Travel_times:
0.00 0.24 0.27 0.12 0.19 0.18 0.14 0.33 0.12 0.16 0.25 0.22 0.20 0.18 0.13 0.14 0.02 0.07 0.28 0.08 0.05 0.14 0.21 0.23 0.12 0.11 0.16 0.18 0.03 0.16 0.27 0.14 0.12 0.11 0.23 0.21 0.19 0.27 0.15 0.20 0.12 0.33 0.07 0.11 0.13 0.11 0.09 0.07 0.26 0.16
0.24 0.00 0.02 0.17 0.06 0.27 0.10 0.09 0.19 0.08 0.22 0.19 0.20 0.15 0.11 0.17 0.23 0.17 0.25 0.16 0.29 0.38 0.06 0.20 0.12 0.18 0.20 0.11 0.26 0.21 0.03 0.29 0.26 0.18 0.03 0.13 0.20 0.24 0.39 0.27 0.22 0.09 0.26 0.35 0.24 0.18 0.17 0.28 0.11 0.08
0.27 0.02 0.00 0.19 0.07 0.29 0.12 0.07 0.21 0.10 0.23 0.20 0.23 0.15 0.13 0.20 0.25 0.19 0.26 0.18 0.32 0.40 0.05 0.21 0.15 0.20 0.22 0.11 0.28 0.23 0.01 0.31 0.29 0.21 0.04 0.14 0.22 0.25 0.42 0.29 0.24 0.07 0.29 0.38 0.26 0.20 0.20 0.30 0.12 0.11
0.12 0.17 0.19 0.00 0.20 0.30 0.18 0.26 0.24 0.09 0.36 0.33 0.31 0.29 0.17 0.26 0.12 0.07 0.40 0.06 0.14 0.21 0.14 0.34 0.20 0.23 0.27 0.11 0.09 0.28 0.20 0.25 0.24 0.02 0.17 0.27 0.31 0.38 0.23 0.32 0.24 0.26 0.18 0.18 0.24 0.22 0.21 0.18 0.25 0.09
0.19 0.06 0.07 0.20 0.00 0.22 0.05 0.14 0.14 0.11 0.16 0.14 0.15 0.09 0.06 0.12 0.18 0.13 0.20 0.14 0.24 0.33 0.11 0.14 0.07 0.13 0.15 0.17 0.21 0.15 0.08 0.24 0.21 0.19 0.04 0.07 0.15 0.18 0.34 0.22 0.17 0.14 0.21 0.30 0.18 0.13 0.12 0.23 0.07 0.13
0.18 0.27 0.29 0.30 0.22 0.00 0.17 0.36 0.08 0.21 0.08 0.12 0.07 0.21 0.16 0.10 0.18 0.23 0.15 0.24 0.16 0.11 0.24 0.16 0.15 0.09 0.07 0.27 0.21 0.07 0.30 0.04 0.06 0.29 0.26 0.24 0.07 0.15 0.12 0.02 0.06 0.36 0.11 0.17 0.06 0.09 0.10 0.12 0.29 0.23
0.14 0.10 0.12 0.18 0.05 0.17 0.00 0.19 0.09 0.10 0.17 0.15 0.12 0.11 0.01 0.07 0.12 0.12 0.21 0.13 0.19 0.28 0.10 0.15 0.02 0.08 0.09 0.15 0.15 0.10 0.13 0.18 0.16 0.18 0.09 0.09 0.12 0.20 0.29 0.17 0.12 0.19 0.16 0.25 0.13 0.07 0.07 0.17 0.12 0.12
0.33 0.09 0.07 0.26 0.14 0.36 0.19 0.00 0.28 0.17 0.28 0.24 0.29 0.15 0.20 0.26 0.32 0.26 0.22 0.25 0.38 0.47 0.12 0.20 0.21 0.27 0.28 0.15 0.34 0.29 0.06 0.37 0.35 0.27 0.10 0.12 0.28 0.21 0.48 0.36 0.31 0.00 0.35 0.44 0.32 0.27 0.26 0.37 0.08 0.17
0.12 0.19 0.21 0.24 0.14 0.08 0.09 0.28 0.00 0.15 0.12 0.10 0.07 0.14 0.08 0.02 0.12 0.17 0.16 0.18 0.10 0.18 0.16 0.11 0.07 0.01 0.04 0.21 0.15 0.04 0.22 0.09 0.07 0.23 0.18 0.16 0.07 0.15 0.20 0.08 0.03 0.28 0.07 0.16 0.04 0.02 0.03 0.09 0.21 0.17
0.16 0.08 0.10 0.09 0.11 0.21 0.10 0.17 0.15 0.00 0.27 0.25 0.22 0.20 0.09 0.17 0.15 0.09 0.31 0.08 0.21 0.30 0.05 0.25 0.11 0.14 0.18 0.06 0.17 0.19 0.11 0.21 0.18 0.10 0.09 0.18 0.22 0.30 0.31 0.23 0.15 0.17 0.18 0.27 0.15 0.13 0.12 0.20 0.17 0.02
0.25 0.22 0.23 0.36 0.16 0.08 0.17 0.28 0.12 0.27 0.00 0.04 0.05 0.14 0.19 0.11 0.25 0.29 0.07 0.31 0.23 0.18 0.27 0.09 0.16 0.13 0.09 0.33 0.28 0.08 0.23 0.11 0.12 0.36 0.18 0.16 0.05 0.07 0.20 0.07 0.12 0.28 0.17 0.24 0.12 0.14 0.15 0.18 0.21 0.29
0.22 0.19 0.20 0.33 0.14 0.12 0.15 0.24 0.10 0.25 0.04 0.00 0.05 0.09 0.16 0.08 0.22 0.27 0.06 0.28 0.20 0.23 0.25 0.04 0.13 0.11 0.06 0.30 0.25 0.06 0.21 0.14 0.11 0.33 0.16 0.12 0.04 0.05 0.24 0.12 0.10 0.24 0.15 0.21 0.09 0.11 0.12 0.15 0.17 0.26
0.20 0.20 0.23 0.31 0.15 0.07 0.12 0.29 0.07 0.22 0.05 0.05 0.00 0.15 0.14 0.06 0.20 0.24 0.09 0.26 0.17 0.17 0.22 0.10 0.11 0.08 0.04 0.28 0.23 0.03 0.23 0.08 0.07 0.31 0.19 0.17 0.01 0.08 0.19 0.07 0.07 0.29 0.12 0.18 0.07 0.09 0.10 0.13 0.22 0.24
0.18 0.15 0.15 0.29 0.09 0.21 0.11 0.15 0.14 0.20 0.14 0.09 0.15 0.00 0.12 0.12 0.17 0.22 0.11 0.24 0.24 0.32 0.20 0.05 0.09 0.12 0.14 0.26 0.21 0.15 0.16 0.23 0.21 0.29 0.12 0.03 0.14 0.09 0.34 0.21 0.16 0.15 0.21 0.30 0.18 0.12 0.12 0.22 0.07 0.22
0.13 0.11 0.13 0.17 0.06 0.16 0.01 0.20 0.08 0.09 0.19 0.16 0.14 0.12 0.00 0.08 0.12 0.11 0.22 0.12 0.18 0.27 0.09 0.17 0.03 0.07 0.10 0.14 0.15 0.11 0.14 0.17 0.15 0.17 0.10 0.10 0.14 0.21 0.28 0.16 0.11 0.20 0.15 0.24 0.12 0.07 0.07 0.17 0.12 0.10
0.14 0.17 0.20 0.26 0.12 0.10 0.07 0.26 0.02 0.17 0.11 0.08 0.06 0.12 0.08 0.00 0.14 0.19 0.14 0.20 0.12 0.21 0.17 0.09 0.06 0.03 0.02 0.23 0.17 0.03 0.20 0.11 0.09 0.25 0.16 0.14 0.05 0.13 0.22 0.10 0.04 0.26 0.09 0.18 0.06 0.04 0.05 0.11 0.19 0.18
0.02 0.23 0.25 0.12 0.18 0.18 0.12 0.32 0.12 0.15 0.25 0.22 0.20 0.17 0.12 0.14 0.00 0.06 0.28 0.07 0.07 0.15 0.20 0.23 0.11 0.11 0.16 0.17 0.03 0.16 0.26 0.14 0.12 0.11 0.21 0.20 0.19 0.27 0.17 0.20 0.12 0.32 0.07 0.12 0.13 0.11 0.09 0.07 0.24 0.15
0.07 0.17 0.19 0.07 0.13 0.23 0.12 0.26 0.17 0.09 0.29 0.27 0.24 0.22 0.11 0.19 0.06 0.00 0.33 0.01 0.12 0.21 0.14 0.27 0.13 0.16 0.21 0.11 0.09 0.21 0.20 0.18 0.17 0.06 0.16 0.20 0.24 0.32 0.22 0.25 0.17 0.26 0.12 0.18 0.17 0.15 0.14 0.11 0.18 0.09
0.28 0.25 0.26 0.40 0.20 0.15 0.21 0.22 0.16 0.31 0.07 0.06 0.09 0.11 0.22 0.14 0.28 0.33 0.00 0.34 0.26 0.26 0.31 0.06 0.20 0.17 0.12 0.37 0.31 0.12 0.27 0.16 0.16 0.39 0.22 0.12 0.09 0.01 0.27 0.15 0.16 0.22 0.21 0.27 0.15 0.17 0.19 0.21 0.14 0.33
0.08 0.16 0.18 0.06 0.14 0.24 0.13 0.25 0.18 0.08 0.31 0.28 0.26 0.24 0.12 0.20 0.07 0.01 0.34 0.00 0.13 0.21 0.13 0.29 0.15 0.17 0.22 0.10 0.09 0.22 0.19 0.20 0.18 0.05 0.15 0.21 0.25 0.33 0.23 0.26 0.18 0.25 0.13 0.19 0.19 0.17 0.15 0.12 0.20 0.08
0.05 0.29 0.32 0.14 0.24 0.16 0.19 0.38 0.10 0.21 0.23 0.20 0.17 0.24 0.18 0.12 0.07 0.12 0.26 0.13 0.00 0.09 0.26 0.21 0.17 0.11 0.14 0.23 0.05 0.14 0.32 0.12 0.10 0.13 0.28 0.26 0.17 0.25 0.10 0.18 0.10 0.38 0.05 0.06 0.11 0.12 0.12 0.04 0.31 0.21
0.14 0.38 0.40 0.21 0.33 0.11 0.28 0.47 0.18 0.30 0.18 0.23 0.17 0.32 0.27 0.21 0.15 0.21 0.26 0.21 0.09 0.00 0.35 0.27 0.26 0.20 0.18 0.32 0.12 0.17 0.41 0.09 0.12 0.20 0.37 0.35 0.18 0.26 0.02 0.12 0.16 0.47 0.12 0.07 0.14 0.20 0.20 0.10 0.39 0.30
0.21 0.06 0.05 0.14 0.11 0.24 0.10 0.12 0.16 0.05 0.27 0.25 0.22 0.20 0.09 0.17 0.20 0.14 0.31 0.13 0.26 0.35 0.00 0.25 0.11 0.15 0.18 0.06 0.23 0.19 0.06 0.26 0.23 0.15 0.09 0.18 0.22 0.30 0.36 0.24 0.19 0.12 0.23 0.32 0.21 0.15 0.15 0.25 0.17 0.05
0.23 0.20 0.21 0.34 0.14 0.16 0.15 0.20 0.11 0.25 0.09 0.04 0.10 0.05 0.17 0.09 0.23 0.27 0.06 0.29 0.21 0.27 0.25 0.00 0.14 0.11 0.09 0.31 0.26 0.10 0.21 0.18 0.15 0.34 0.17 0.07 0.09 0.04 0.29 0.16 0.11 0.20 0.15 0.25 0.13 0.12 0.13 0.17 0.12 0.27
0.12 0.12 0.15 0.20 0.07 0.15 0.02 0.21 0.07 0.11 0.16 0.13 0.11 0.09 0.03 0.06 0.11 0.13 0.20 0.15 0.17 0.26 0.11 0.14 0.00 0.06 0.07 0.17 0.13 0.08 0.15 0.16 0.14 0.20 0.11 0.09 0.11 0.18 0.27 0.15 0.10 0.21 0.14 0.23 0.11 0.06 0.05 0.15 0.14 0.13
0.11 0.18 0.20 0.23 0.13 0.09 0.08 0.27 0.01 0.14 0.13 0.11 0.08 0.12 0.07 0.03 0.11 0.16 0.17 0.17 0.11 0.20 0.15 0.11 0.06 0.00 0.04 0.20 0.15 0.05 0.21 0.11 0.08 0.22 0.17 0.15 0.08 0.15 0.21 0.09 0.04 0.27 0.08 0.17 0.06 0.01 0.02 0.10 0.20 0.16
0.16 0.20 0.22 0.27 0.15 0.07 0.09 0.28 0.04 0.18 0.09 0.06 0.04 0.14 0.10 0.02 0.16 0.21 0.12 0.22 0.14 0.18 0.18 0.09 0.07 0.04 0.00 0.24 0.19 0.01 0.23 0.09 0.07 0.27 0.18 0.16 0.04 0.11 0.20 0.07 0.04 0.28 0.09 0.16 0.04 0.05 0.07 0.09 0.21 0.20
0.18 0.11 0.11 0.11 0.17 0.27 0.15 0.15 0.21 0.06 0.33 0.30 0.28 0.26 0.14 0.23 0.17 0.11 0.37 0.10 0.23 0.32 0.06 0.31 0.17 0.20 0.24 0.00 0.19 0.25 0.10 0.22 0.21 0.12 0.15 0.24 0.28 0.35 0.33 0.29 0.21 0.15 0.20 0.29 0.21 0.19 0.18 0.21 0.22 0.04
0.03 0.26 0.28 0.09 0.21 0.21 0.15 0.34 0.15 0.17 0.28 0.25 0.23 0.21 0.15 0.17 0.03 0.09 0.31 0.09 0.05 0.12 0.23 0.26 0.13 0.15 0.19 0.19 0.00 0.20 0.29 0.17 0.15 0.08 0.24 0.22 0.23 0.30 0.14 0.23 0.15 0.34 0.10 0.10 0.16 0.14 0.12 0.10 0.27 0.17
0.16 0.21 0.23 0.28 0.15 0.07 0.10 0.29 0.04 0.19 0.08 0.06 0.03 0.15 0.11 0.03 0.16 0.21 0.12 0.22 0.14 0.17 0.19 0.10 0.08 0.05 0.01 0.25 0.20 0.00 0.24 0.08 0.06 0.27 0.19 0.17 0.03 0.11 0.19 0.06 0.04 0.29 0.09 0.15 0.04 0.06 0.07 0.10 0.22 0.21
0.27 0.03 0.01 0.20 0.08 0.30 0.13 0.06 0.22 0.11 0.23 0.21 0.23 0.16 0.14 0.20 0.26 0.20 0.27 0.19 0.32 0.41 0.06 0.21 0.15 0.21 0.23 0.10 0.29 0.24 0.00 0.32 0.29 0.21 0.05 0.14 0.23 0.26 0.42 0.30 0.25 0.06 0.29 0.38 0.27 0.21 0.21 0.31 0.12 0.11
0.14 0.29 0.31 0.25 0.24 0.04 0.18 0.37 0.09 0.21 0.11 0.14 0.08 0.23 0.17 0.11 0.14 0.18 0.16 0.20 0.12 0.09 0.26 0.18 0.16 0.11 0.09 0.22 0.17 0.08 0.32 0.00 0.02 0.25 0.27 0.25 0.09 0.17 0.11 0.06 0.07 0.37 0.07 0.13 0.05 0.11 0.11 0.07 0.30 0.20
0.12 0.26 0.29 0.24 0.21 0.06 0.16 0.35 0.07 0.18 0.12 0.11 0.07 0.21 0.15 0.09 0.12 0.17 0.16 0.18 0.10 0.12 0.23 0.15 0.14 0.08 0.07 0.21 0.15 0.06 0.29 0.02 0.00 0.23 0.25 0.23 0.07 0.15 0.13 0.08 0.04 0.35 0.05 0.11 0.03 0.09 0.09 0.06 0.28 0.18
0.11 0.18 0.21 0.02 0.19 0.29 0.18 0.27 0.23 0.10 0.36 0.33 0.31 0.29 0.17 0.25 0.11 0.06 0.39 0.05 0.13 0.20 0.15 0.34 0.20 0.22 0.27 0.12 0.08 0.27 0.21 0.25 0.23 0.00 0.17 0.27 0.30 0.38 0.21 0.31 0.23 0.27 0.18 0.17 0.24 0.21 0.20 0.17 0.25 0.10
0.23 0.03 0.04 0.17 0.04 0.26 0.09 0.10 0.18 0.09 0.18 0.16 0.19 0.12 0.10 0.16 0.21 0.16 0.22 0.15 0.28 0.37 0.09 0.17 0.11 0.17 0.18 0.15 0.24 0.19 0.05 0.27 0.25 0.17 0.00 0.10 0.18 0.21 0.38 0.26 0.21 0.10 0.25 0.34 0.22 0.17 0.16 0.27 0.08 0.11
0.21 0.13 0.14 0.27 0.07 0.24 0.09 0.12 0.16 0.18 0.16 0.12 0.17 0.03 0.10 0.14 0.20 0.20 0.12 0.21 0.26 0.35 0.18 0.07 0.09 0.15 0.16 0.24 0.22 0.17 0.14 0.25 0.23 0.27 0.10 0.00 0.16 0.11 0.36 0.24 0.18 0.12 0.23 0.32 0.20 0.15 0.14 0.25 0.05 0.20
0.19 0.20 0.22 0.31 0.15 0.07 0.12 0.28 0.07 0.22 0.05 0.04 0.01 0.14 0.14 0.05 0.19 0.24 0.09 0.25 0.17 0.18 0.22 0.09 0.11 0.08 0.04 0.28 0.23 0.03 0.23 0.09 0.07 0.30 0.18 0.16 0.00 0.07 0.20 0.07 0.07 0.28 0.12 0.18 0.07 0.09 0.10 0.13 0.21 0.24
0.27 0.24 0.25 0.38 0.18 0.15 0.20 0.21 0.15 0.30 0.07 0.05 0.08 0.09 0.21 0.13 0.27 0.32 0.01 0.33 0.25 0.26 0.30 0.04 0.18 0.15 0.11 0.35 0.30 0.11 0.26 0.17 0.15 0.38 0.21 0.11 0.07 0.00 0.27 0.15 0.15 0.21 0.20 0.26 0.14 0.16 0.17 0.20 0.14 0.31
0.15 0.39 0.42 0.23 0.34 0.12 0.29 0.48 0.20 0.31 0.20 0.24 0.19 0.34 0.28 0.22 0.17 0.22 0.27 0.23 0.10 0.02 0.36 0.29 0.27 0.21 0.20 0.33 0.14 0.19 0.42 0.11 0.13 0.21 0.38 0.36 0.20 0.27 0.00 0.12 0.17 0.48 0.13 0.07 0.16 0.21 0.22 0.12 0.41 0.31
0.20 0.27 0.29 0.32 0.22 0.02 0.17 0.36 0.08 0.23 0.07 0.12 0.07 0.21 0.16 0.10 0.20 0.25 0.15 0.26 0.18 0.12 0.24 0.16 0.15 0.09 0.07 0.29 0.23 0.06 0.30 0.06 0.08 0.31 0.26 0.24 0.07 0.15 0.12 0.00 0.08 0.36 0.13 0.19 0.07 0.10 0.11 0.14 0.28 0.25
0.12 0.22 0.24 0.24 0.17 0.06 0.12 0.31 0.03 0.15 0.12 0.10 0.07 0.16 0.11 0.04 0.12 0.17 0.16 0.18 0.10 0.16 0.19 0.11 0.10 0.04 0.04 0.21 0.15 0.04 0.25 0.07 0.04 0.23 0.21 0.18 0.07 0.15 0.17 0.08 0.00 0.31 0.05 0.14 0.02 0.04 0.04 0.06 0.23 0.17
0.33 0.09 0.07 0.26 0.14 0.36 0.19 0.00 0.28 0.17 0.28 0.24 0.29 0.15 0.20 0.26 0.32 0.26 0.22 0.25 0.38 0.47 0.12 0.20 0.21 0.27 0.28 0.15 0.34 0.29 0.06 0.37 0.35 0.27 0.10 0.12 0.28 0.21 0.48 0.36 0.31 0.00 0.35 0.44 0.32 0.27 0.26 0.37 0.08 0.17
0.07 0.26 0.29 0.18 0.21 0.11 0.16 0.35 0.07 0.18 0.17 0.15 0.12 0.21 0.15 0.09 0.07 0.12 0.21 0.13 0.05 0.12 0.23 0.15 0.14 0.08 0.09 0.20 0.10 0.09 0.29 0.07 0.05 0.18 0.25 0.23 0.12 0.20 0.13 0.13 0.05 0.35 0.00 0.09 0.06 0.09 0.09 0.02 0.28 0.18
0.11 0.35 0.38 0.18 0.30 0.17 0.25 0.44 0.16 0.27 0.24 0.21 0.18 0.30 0.24 0.18 0.12 0.18 0.27 0.19 0.06 0.07 0.32 0.25 0.23 0.17 0.16 0.29 0.10 0.15 0.38 0.13 0.11 0.17 0.34 0.32 0.18 0.26 0.07 0.19 0.14 0.44 0.09 0.00 0.12 0.17 0.18 0.07 0.37 0.27
0.13 0.24 0.26 0.24 0.18 0.06 0.13 0.32 0.04 0.15 0.12 0.09 0.07 0.18 0.12 0.06 0.13 0.17 0.15 0.19 0.11 0.14 0.21 0.13 0.11 0.06 0.04 0.21 0.16 0.04 0.27 0.05 0.03 0.24 0.22 0.20 0.07 0.14 0.16 0.07 0.02 0.32 0.06 0.12 0.00 0.06 0.06 0.06 0.25 0.17
0.11 0.18 0.20 0.22 0.13 0.09 0.07 0.27 0.02 0.13 0.14 0.11 0.09 0.12 0.07 0.04 0.11 0.15 0.17 0.17 0.12 0.20 0.15 0.12 0.06 0.01 0.05 0.19 0.14 0.06 0.21 0.11 0.09 0.21 0.17 0.15 0.09 0.16 0.21 0.10 0.04 0.27 0.09 0.17 0.06 0.00 0.01 0.10 0.19 0.15
0.09 0.17 0.20 0.21 0.12 0.10 0.07 0.26 0.03 0.12 0.15 0.12 0.10 0.12 0.07 0.05 0.09 0.14 0.19 0.15 0.12 0.20 0.15 0.13 0.05 0.02 0.07 0.18 0.12 0.07 0.21 0.11 0.09 0.20 0.16 0.14 0.10 0.17 0.22 0.11 0.04 0.26 0.09 0.18 0.06 0.01 0.00 0.10 0.19 0.14
0.07 0.28 0.30 0.18 0.23 0.12 0.17 0.37 0.09 0.20 0.18 0.15 0.13 0.22 0.17 0.11 0.07 0.11 0.21 0.12 0.04 0.10 0.25 0.17 0.15 0.10 0.09 0.21 0.10 0.10 0.31 0.07 0.06 0.17 0.27 0.25 0.13 0.20 0.12 0.14 0.06 0.37 0.02 0.07 0.06 0.10 0.10 0.00 0.29 0.20
0.26 0.11 0.12 0.25 0.07 0.29 0.12 0.08 0.21 0.17 0.21 0.17 0.22 0.07 0.12 0.19 0.24 0.18 0.14 0.20 0.31 0.39 0.17 0.12 0.14 0.20 0.21 0.22 0.27 0.22 0.12 0.30 0.28 0.25 0.08 0.05 0.21 0.14 0.41 0.28 0.23 0.08 0.28 0.37 0.25 0.19 0.19 0.29 0.00 0.18
0.16 0.08 0.11 0.09 0.13 0.23 0.12 0.17 0.17 0.02 0.29 0.26 0.24 0.22 0.10 0.18 0.15 0.09 0.33 0.08 0.21 0.30 0.05 0.27 0.13 0.16 0.20 0.04 0.17 0.21 0.11 0.20 0.18 0.10 0.11 0.20 0.24 0.31 0.31 0.25 0.17 0.17 0.18 0.27 0.17 0.15 0.14 0.20 0.18 0.00
Team_tasks_times:
Team 0:
1: 0.25 1000.00 1000.00
2: 0.25 1000.00 1000.00
3: 0.25 1000.00 1000.00
4: 0.25 1000.00 1000.00
5: 0.25 1000.00 1000.00
6: 0.25 1000.00 1000.00
7: 0.25 1000.00 1000.00
8: 0.25 1000.00 1000.00
9: 0.25 1000.00 1000.00
10: 0.25 1000.00 1000.00
11: 0.25 1000.00 1000.00
12: 0.25 1000.00 1000.00
13: 0.25 1000.00 1000.00
14: 0.25 1000.00 1000.00
15: 0.25 1000.00 1000.00
16: 0.25 1000.00 1000.00
17: 0.25 1000.00 1000.00
18: 0.25 1000.00 1000.00
19: 0.25 1000.00 1000.00
20: 0.25 1000.00 1000.00
21: 0.25 1000.00 1000.00
22: 0.25 1000.00 1000.00
23: 0.25 1000.00 1000.00
24: 0.25 1000.00 1000.00
25: 0.25 1000.00 1000.00
26: 0.25 1000.00 1000.00
27: 0.25 1000.00 1000.00
28: 0.25 1000.00 1000.00
29: 0.25 1000.00 1000.00
30: 0.25 1000.00 1000.00
31: 0.25 1000.00 1000.00
32: 0.25 1000.00 1000.00
33: 0.25 1000.00 1000.00
34: 0.25 1000.00 1000.00
35: 0.25 1000.00 1000.00
36: 0.25 1000.00 1000.00
37: 0.25 1000.00 1000.00
38: 0.25 1000.00 1000.00
39: 0.25 1000.00 1000.00
40: 0.25 1000.00 1000.00
41: 0.25 1000.00 1000.00
42: 0.25 1000.00 1000.00
43: 0.25 1000.00 1000.00
44: 0.25 1000.00 1000.00
45: 0.25 1000.00 1000.00
46: 0.25 1000.00 1000.00
47: 0.25 1000.00 1000.00
48: 0.25 1000.00 1000.00
49: 0.25 1000.00 1000.00
Team 1:
1: 1000.00 2.00 1000.00
2: 1000.00 2.00 1000.00
3: 1000.00 2.00 1000.00
4: 1000.00 2.00 1000.00
5: 1000.00 2.00 1000.00
6: 1000.00 2.00 1000.00
7: 1000.00 2.00 1000.00
8: 1000.00 2.00 1000.00
9: 1000.00 2.00 1000.00
10: 1000.00 2.00 1000.00
11: 1000.00 2.00 1000.00
12: 1000.00 2.00 1000.00
13: 1000.00 2.00 1000.00
14: 1000.00 2.00 1000.00
15: 1000.00 2.00 1000.00
16: 1000.00 2.00 1000.00
17: 1000.00 2.00 1000.00
18: 1000.00 2.00 1000.00
19: 1000.00 2.00 1000.00
20: 1000.00 2.00 1000.00
21: 1000.00 2.00 1000.00
22: 1000.00 2.00 1000.00
23: 1000.00 2.00 1000.00
24: 1000.00 2.00 1000.00
25: 1000.00 2.00 1000.00
26: 1000.00 2.00 1000.00
27: 1000.00 2.00 1000.00
28: 1000.00 2.00 1000.00
29: 1000.00 2.00 1000.00
30: 1000.00 2.00 1000.00
31: 1000.00 2.00 1000.00
32: 1000.00 2.00 1000.00
33: 1000.00 2.00 1000.00
34: 1000.00 2.00 1000.00
35: 1000.00 2.00 1000.00
36: 1000.00 2.00 1000.00
37: 1000.00 2.00 1000.00
38: 1000.00 2.00 1000.00
39: 1000.00 2.00 1000.00
40: 1000.00 2.00 1000.00
41: 1000.00 2.00 1000.00
42: 1000.00 2.00 1000.00
43: 1000.00 2.00 1000.00
44: 1000.00 2.00 1000.00
45: 1000.00 2.00 1000.00
46: 1000.00 2.00 1000.00
47: 1000.00 2.00 1000.00
48: 1000.00 2.00 1000.00
49: 1000.00 2.00 1000.00
Team 2:
1: 1000.00 1000.00 0.50
2: 1000.00 1000.00 0.50
3: 1000.00 1000.00 0.50
4: 1000.00 1000.00 0.50
5: 1000.00 1000.00 0.50
6: 1000.00 1000.00 0.50
7: 1000.00 1000.00 0.50
8: 1000.00 1000.00 0.50
9: 1000.00 1000.00 0.50
10: 1000.00 1000.00 0.50
11: 1000.00 1000.00 0.50
12: 1000.00 1000.00 0.50
13: 1000.00 1000.00 0.50
14: 1000.00 1000.00 0.50
15: 1000.00 1000.00 0.50
16: 1000.00 1000.00 0.50
17: 1000.00 1000.00 0.50
18: 1000.00 1000.00 0.50
19: 1000.00 1000.00 0.50
20: 1000.00 1000.00 0.50
21: 1000.00 1000.00 0.50
22: 1000.00 1000.00 0.50
23: 1000.00 1000.00 0.50
24: 1000.00 1000.00 0.50
25: 1000.00 1000.00 0.50
26: 1000.00 1000.00 0.50
27: 1000.00 1000.00 0.50
28: 1000.00 1000.00 0.50
29: 1000.00 1000.00 0.50
30: 1000.00 1000.00 0.50
31: 1000.00 1000.00 0.50
32: 1000.00 1000.00 0.50
33: 1000.00 1000.00 0.50
34: 1000.00 1000.00 0.50
35: 1000.00 1000.00 0.50
36: 1000.00 1000.00 0.50
37: 1000.00 1000.00 0.50
38: 1000.00 1000.00 0.50
39: 1000.00 1000.00 0.50
40: 1000.00 1000.00 0.50
41: 1000.00 1000.00 0.50
42: 1000.00 1000.00 0.50
43: 1000.00 1000.00 0.50
44: 1000.00 1000.00 0.50
45: 1000.00 1000.00 0.50
46: 1000.00 1000.00 0.50
47: 1000.00 1000.00 0.50
48: 1000.00 1000.00 0.50
49: 1000.00 1000.00 0.50
