Number_of_customers: 60
Number_of_teams: 3
Number_of_services: 3
Customers_requested_services:
2 1 0 1 1 0 2 0 1 0 0 1 0 2 0 1 1 1 0 0 1 1 2 1 0 1 2 1 2 1 1 2 1 0 0 0 0 0 0 2 0 0 1 2 0 1 1 0 0 1 2 1 2 2 1 0 2 2 2
Daily_available_time: 8
Service 0:
Number_of_tasks: 1
Dependencies:
0: 
Service 1:
Number_of_tasks: 3
Dependencies:
0: 
1: 0
2: 1
Service 2:
Number_of_tasks: 5
Dependencies:
0: 
1: 
2: 4
3: 
4: 0 1 3
Travel_times:
0.00 0.21 0.10 0.21 0.28 0.29 0.09 0.12 0.27 0.27 0.16 0.10 0.07 0.20 0.08 0.20 0.16 0.11 0.02 0.16 0.32 0.03 0.05 0.19 0.23 0.19 0.31 0.04 0.20 0.27 0.08 0.30 0.07 0.15 0.01 0.17 0.09 0.07 0.20 0.16 0.03 0.00 0.06 0.29 0.23 0.26 0.04 0.08 0.19 0.17 0.34 0.06 0.16 0.12 0.05 0.02 0.08 0.11 0.18 0.08
0.21 0.00 0.17 0.10 0.07 0.10 0.20 0.22 0.07 0.18 0.05 0.21 0.14 0.01 0.20 0.11 0.06 0.24 0.23 0.29 0.11 0.18 0.18 0.20 0.10 0.09 0.10 0.17 0.04 0.21 0.18 0.15 0.25 0.05 0.20 0.12 0.20 0.28 0.07 0.06 0.18 0.21 0.18 0.17 0.22 0.07 0.16 0.29 0.07 0.29 0.13 0.27 0.12 0.19 0.26 0.19 0.19 0.23 0.14 0.21
0.10 0.17 0.00 0.11 0.19 0.19 0.13 0.16 0.18 0.17 0.20 0.04 0.08 0.18 0.03 0.24 0.12 0.07 0.12 0.12 0.22 0.07 0.04 0.10 0.27 0.10 0.21 0.06 0.14 0.17 0.12 0.21 0.14 0.18 0.09 0.08 0.03 0.16 0.11 0.20 0.07 0.09 0.07 0.20 0.13 0.16 0.05 0.17 0.24 0.12 0.24 0.15 0.20 0.02 0.15 0.08 0.13 0.12 0.09 0.12
0.21 0.10 0.11 0.00 0.07 0.08 0.20 0.22 0.07 0.08 0.13 0.11 0.14 0.11 0.12 0.17 0.05 0.14 0.23 0.19 0.11 0.18 0.15 0.10 0.20 0.02 0.10 0.17 0.06 0.11 0.18 0.10 0.25 0.11 0.20 0.04 0.12 0.28 0.03 0.13 0.18 0.21 0.18 0.08 0.12 0.05 0.16 0.29 0.17 0.19 0.13 0.27 0.13 0.09 0.26 0.19 0.19 0.23 0.04 0.21
0.28 0.07 0.19 0.07 0.00 0.04 0.27 0.29 0.01 0.12 0.12 0.18 0.21 0.09 0.20 0.18 0.12 0.20 0.31 0.23 0.05 0.26 0.23 0.14 0.17 0.09 0.03 0.25 0.09 0.15 0.26 0.09 0.33 0.13 0.28 0.11 0.20 0.35 0.08 0.14 0.26 0.28 0.26 0.11 0.16 0.03 0.24 0.36 0.15 0.23 0.07 0.34 0.20 0.17 0.34 0.27 0.27 0.30 0.10 0.29
0.29 0.10 0.19 0.08 0.04 0.00 0.28 0.30 0.03 0.08 0.12 0.18 0.22 0.11 0.20 0.18 0.13 0.21 0.31 0.19 0.03 0.26 0.23 0.10 0.20 0.09 0.03 0.25 0.09 0.11 0.26 0.05 0.33 0.13 0.28 0.11 0.20 0.35 0.08 0.14 0.26 0.28 0.26 0.07 0.12 0.03 0.24 0.37 0.16 0.19 0.05 0.35 0.20 0.17 0.34 0.27 0.27 0.31 0.11 0.29
0.09 0.20 0.13 0.20 0.27 0.28 0.00 0.03 0.26 0.26 0.15 0.17 0.06 0.18 0.16 0.11 0.15 0.20 0.09 0.25 0.31 0.11 0.14 0.18 0.14 0.18 0.30 0.11 0.18 0.26 0.02 0.29 0.06 0.15 0.09 0.16 0.15 0.08 0.19 0.14 0.11 0.08 0.14 0.28 0.21 0.25 0.11 0.09 0.13 0.25 0.33 0.07 0.07 0.15 0.10 0.07 0.01 0.19 0.17 0.02
0.12 0.22 0.16 0.22 0.29 0.30 0.03 0.00 0.28 0.28 0.17 0.20 0.08 0.21 0.19 0.11 0.17 0.23 0.12 0.28 0.33 0.14 0.17 0.20 0.12 0.20 0.32 0.14 0.21 0.28 0.04 0.31 0.04 0.17 0.12 0.18 0.18 0.11 0.21 0.16 0.14 0.11 0.17 0.30 0.24 0.27 0.14 0.12 0.15 0.28 0.35 0.08 0.09 0.17 0.13 0.10 0.03 0.22 0.19 0.04
0.27 0.07 0.18 0.07 0.01 0.03 0.26 0.28 0.00 0.11 0.11 0.17 0.21 0.08 0.19 0.17 0.12 0.19 0.30 0.22 0.04 0.25 0.22 0.13 0.17 0.08 0.04 0.24 0.08 0.14 0.25 0.08 0.32 0.12 0.27 0.10 0.19 0.34 0.07 0.12 0.25 0.27 0.25 0.10 0.15 0.02 0.23 0.35 0.14 0.22 0.06 0.33 0.19 0.16 0.33 0.26 0.26 0.29 0.09 0.28
0.27 0.18 0.17 0.08 0.12 0.08 0.26 0.28 0.11 0.00 0.21 0.17 0.20 0.19 0.19 0.25 0.12 0.19 0.29 0.11 0.07 0.25 0.22 0.08 0.28 0.09 0.09 0.23 0.14 0.03 0.25 0.03 0.32 0.19 0.27 0.10 0.18 0.34 0.10 0.21 0.24 0.27 0.25 0.02 0.04 0.11 0.23 0.35 0.24 0.11 0.07 0.33 0.21 0.15 0.32 0.25 0.25 0.29 0.09 0.28
0.16 0.05 0.20 0.13 0.12 0.12 0.15 0.17 0.11 0.21 0.00 0.24 0.12 0.04 0.23 0.06 0.08 0.27 0.18 0.32 0.15 0.17 0.21 0.23 0.07 0.12 0.15 0.18 0.07 0.24 0.14 0.18 0.21 0.02 0.15 0.15 0.23 0.23 0.10 0.01 0.18 0.16 0.21 0.20 0.25 0.10 0.18 0.24 0.04 0.32 0.17 0.22 0.08 0.21 0.21 0.14 0.14 0.26 0.17 0.17
0.10 0.21 0.04 0.11 0.18 0.18 0.17 0.20 0.17 0.17 0.24 0.00 0.11 0.22 0.02 0.28 0.15 0.03 0.12 0.08 0.21 0.07 0.05 0.09 0.31 0.12 0.21 0.06 0.17 0.17 0.16 0.20 0.15 0.22 0.10 0.08 0.02 0.17 0.13 0.24 0.07 0.10 0.08 0.19 0.12 0.15 0.06 0.18 0.27 0.08 0.24 0.16 0.24 0.02 0.15 0.09 0.16 0.12 0.08 0.16
0.07 0.14 0.08 0.14 0.21 0.22 0.06 0.08 0.21 0.20 0.12 0.11 0.00 0.13 0.11 0.16 0.09 0.14 0.09 0.20 0.25 0.05 0.09 0.12 0.19 0.12 0.24 0.06 0.13 0.20 0.05 0.24 0.11 0.11 0.06 0.11 0.10 0.14 0.14 0.12 0.06 0.07 0.09 0.22 0.16 0.19 0.06 0.15 0.16 0.19 0.27 0.13 0.12 0.09 0.12 0.05 0.05 0.14 0.11 0.07
0.20 0.01 0.18 0.11 0.09 0.11 0.18 0.21 0.08 0.19 0.04 0.22 0.13 0.00 0.21 0.10 0.07 0.25 0.22 0.30 0.12 0.17 0.19 0.21 0.09 0.10 0.12 0.16 0.05 0.22 0.17 0.16 0.24 0.04 0.19 0.14 0.21 0.26 0.09 0.05 0.17 0.19 0.20 0.18 0.23 0.09 0.17 0.28 0.06 0.30 0.14 0.26 0.11 0.20 0.25 0.18 0.18 0.25 0.15 0.20
0.08 0.20 0.03 0.12 0.20 0.20 0.16 0.19 0.19 0.19 0.23 0.02 0.11 0.21 0.00 0.27 0.15 0.04 0.11 0.09 0.23 0.06 0.03 0.11 0.30 0.11 0.23 0.05 0.16 0.18 0.15 0.22 0.14 0.21 0.08 0.09 0.00 0.15 0.12 0.23 0.06 0.08 0.06 0.21 0.14 0.17 0.05 0.16 0.27 0.09 0.25 0.14 0.23 0.03 0.14 0.09 0.15 0.10 0.10 0.15
0.20 0.11 0.24 0.17 0.18 0.18 0.11 0.11 0.17 0.25 0.06 0.28 0.16 0.10 0.27 0.00 0.12 0.31 0.20 0.36 0.21 0.21 0.25 0.27 0.03 0.16 0.21 0.22 0.11 0.28 0.12 0.22 0.15 0.06 0.20 0.19 0.27 0.19 0.14 0.05 0.22 0.19 0.25 0.24 0.29 0.15 0.22 0.20 0.04 0.36 0.24 0.16 0.04 0.26 0.21 0.18 0.11 0.30 0.21 0.12
0.16 0.06 0.12 0.05 0.12 0.13 0.15 0.17 0.12 0.12 0.08 0.15 0.09 0.07 0.15 0.12 0.00 0.18 0.18 0.24 0.16 0.13 0.12 0.15 0.15 0.04 0.15 0.12 0.04 0.15 0.13 0.15 0.20 0.07 0.15 0.07 0.14 0.23 0.04 0.09 0.13 0.15 0.14 0.13 0.16 0.10 0.11 0.24 0.12 0.23 0.18 0.22 0.09 0.13 0.21 0.14 0.14 0.18 0.08 0.16
0.11 0.24 0.07 0.14 0.20 0.21 0.20 0.23 0.19 0.19 0.27 0.03 0.14 0.25 0.04 0.31 0.18 0.00 0.10 0.08 0.24 0.09 0.06 0.11 0.34 0.15 0.23 0.09 0.20 0.18 0.19 0.22 0.18 0.25 0.11 0.11 0.04 0.15 0.16 0.27 0.08 0.11 0.06 0.21 0.15 0.17 0.09 0.16 0.30 0.09 0.26 0.15 0.27 0.05 0.13 0.12 0.19 0.10 0.10 0.19
0.02 0.23 0.12 0.23 0.31 0.31 0.09 0.12 0.30 0.29 0.18 0.12 0.09 0.22 0.11 0.20 0.18 0.10 0.00 0.18 0.34 0.05 0.07 0.21 0.23 0.21 0.33 0.06 0.22 0.29 0.09 0.33 0.08 0.18 0.03 0.20 0.11 0.04 0.23 0.17 0.05 0.03 0.05 0.31 0.25 0.28 0.07 0.06 0.20 0.19 0.36 0.04 0.17 0.14 0.03 0.04 0.09 0.10 0.20 0.09
0.16 0.29 0.12 0.19 0.23 0.19 0.25 0.28 0.22 0.11 0.32 0.08 0.20 0.30 0.09 0.36 0.24 0.08 0.18 0.00 0.18 0.14 0.11 0.09 0.39 0.20 0.20 0.14 0.25 0.10 0.24 0.14 0.23 0.30 0.16 0.17 0.09 0.23 0.21 0.32 0.14 0.17 0.14 0.13 0.07 0.22 0.14 0.24 0.36 0.01 0.17 0.22 0.32 0.10 0.21 0.17 0.25 0.18 0.15 0.24
0.32 0.11 0.22 0.11 0.05 0.03 0.31 0.33 0.04 0.07 0.15 0.21 0.25 0.12 0.23 0.21 0.16 0.24 0.34 0.18 0.00 0.29 0.26 0.12 0.21 0.12 0.02 0.28 0.12 0.10 0.29 0.04 0.36 0.16 0.31 0.14 0.23 0.38 0.11 0.17 0.29 0.31 0.29 0.06 0.11 0.06 0.27 0.40 0.18 0.18 0.02 0.38 0.23 0.20 0.37 0.30 0.30 0.34 0.14 0.32
0.03 0.18 0.07 0.18 0.26 0.26 0.11 0.14 0.25 0.25 0.17 0.07 0.05 0.17 0.06 0.21 0.13 0.09 0.05 0.14 0.29 0.00 0.03 0.17 0.25 0.17 0.29 0.01 0.17 0.24 0.10 0.28 0.09 0.16 0.02 0.15 0.06 0.09 0.18 0.18 0.01 0.02 0.04 0.27 0.20 0.23 0.02 0.11 0.21 0.15 0.31 0.09 0.18 0.09 0.08 0.03 0.10 0.09 0.15 0.10
0.05 0.18 0.04 0.15 0.23 0.23 0.14 0.17 0.22 0.22 0.21 0.05 0.09 0.19 0.03 0.25 0.12 0.06 0.07 0.11 0.26 0.03 0.00 0.14 0.28 0.14 0.26 0.03 0.14 0.21 0.13 0.25 0.12 0.19 0.05 0.12 0.03 0.12 0.15 0.21 0.03 0.06 0.03 0.24 0.17 0.20 0.03 0.13 0.25 0.12 0.28 0.11 0.21 0.06 0.11 0.07 0.14 0.07 0.13 0.13
0.19 0.20 0.10 0.10 0.14 0.10 0.18 0.20 0.13 0.08 0.23 0.09 0.12 0.21 0.11 0.27 0.15 0.11 0.21 0.09 0.12 0.17 0.14 0.00 0.30 0.11 0.12 0.15 0.16 0.07 0.17 0.11 0.24 0.21 0.19 0.07 0.11 0.26 0.12 0.23 0.17 0.19 0.17 0.10 0.03 0.13 0.15 0.27 0.27 0.09 0.14 0.25 0.23 0.08 0.25 0.17 0.17 0.21 0.06 0.20
0.23 0.10 0.27 0.20 0.17 0.20 0.14 0.12 0.17 0.28 0.07 0.31 0.19 0.09 0.30 0.03 0.15 0.34 0.23 0.39 0.21 0.25 0.28 0.30 0.00 0.19 0.20 0.25 0.14 0.31 0.15 0.25 0.16 0.09 0.23 0.22 0.30 0.22 0.17 0.07 0.25 0.22 0.28 0.27 0.32 0.17 0.25 0.23 0.03 0.39 0.23 0.19 0.07 0.29 0.24 0.21 0.14 0.33 0.24 0.15
0.19 0.09 0.10 0.02 0.09 0.09 0.18 0.20 0.08 0.09 0.12 0.12 0.12 0.10 0.11 0.16 0.04 0.15 0.21 0.20 0.12 0.17 0.14 0.11 0.19 0.00 0.12 0.15 0.05 0.12 0.17 0.11 0.24 0.10 0.19 0.04 0.11 0.26 0.02 0.12 0.17 0.19 0.17 0.10 0.13 0.06 0.15 0.27 0.15 0.20 0.14 0.25 0.12 0.10 0.25 0.17 0.17 0.21 0.05 0.20
0.31 0.10 0.21 0.10 0.03 0.03 0.30 0.32 0.04 0.09 0.15 0.21 0.24 0.12 0.23 0.21 0.15 0.23 0.33 0.20 0.02 0.29 0.26 0.12 0.20 0.12 0.00 0.27 0.12 0.12 0.29 0.06 0.36 0.15 0.31 0.14 0.23 0.38 0.11 0.16 0.28 0.31 0.29 0.07 0.12 0.06 0.27 0.39 0.17 0.20 0.04 0.37 0.23 0.20 0.36 0.29 0.29 0.33 0.13 0.32
0.04 0.17 0.06 0.17 0.25 0.25 0.11 0.14 0.24 0.23 0.18 0.06 0.06 0.16 0.05 0.22 0.12 0.09 0.06 0.14 0.28 0.01 0.03 0.15 0.25 0.15 0.27 0.00 0.16 0.23 0.10 0.27 0.09 0.16 0.03 0.14 0.05 0.11 0.17 0.18 0.01 0.04 0.04 0.25 0.19 0.22 0.01 0.12 0.21 0.14 0.30 0.10 0.18 0.08 0.09 0.04 0.11 0.08 0.14 0.10
0.20 0.04 0.14 0.06 0.09 0.09 0.18 0.21 0.08 0.14 0.07 0.17 0.13 0.05 0.16 0.11 0.04 0.20 0.22 0.25 0.12 0.17 0.14 0.16 0.14 0.05 0.12 0.16 0.00 0.17 0.17 0.11 0.24 0.05 0.19 0.09 0.16 0.26 0.04 0.07 0.17 0.19 0.17 0.13 0.18 0.06 0.15 0.28 0.10 0.25 0.14 0.26 0.11 0.15 0.25 0.18 0.18 0.21 0.10 0.20
0.27 0.21 0.17 0.11 0.15 0.11 0.26 0.28 0.14 0.03 0.24 0.17 0.20 0.22 0.18 0.28 0.15 0.18 0.29 0.10 0.10 0.24 0.21 0.07 0.31 0.12 0.12 0.23 0.17 0.00 0.24 0.06 0.31 0.22 0.26 0.09 0.18 0.33 0.13 0.24 0.24 0.26 0.24 0.04 0.04 0.14 0.22 0.35 0.27 0.10 0.08 0.33 0.24 0.15 0.32 0.25 0.25 0.29 0.09 0.27
0.08 0.18 0.12 0.18 0.26 0.26 0.02 0.04 0.25 0.25 0.14 0.16 0.05 0.17 0.15 0.12 0.13 0.19 0.09 0.24 0.29 0.10 0.13 0.17 0.15 0.17 0.29 0.10 0.17 0.24 0.00 0.28 0.07 0.13 0.08 0.15 0.15 0.09 0.18 0.12 0.11 0.08 0.14 0.27 0.20 0.23 0.11 0.11 0.11 0.24 0.31 0.09 0.08 0.14 0.09 0.07 0.01 0.18 0.15 0.03
0.30 0.15 0.21 0.10 0.09 0.05 0.29 0.31 0.08 0.03 0.18 0.20 0.24 0.16 0.22 0.22 0.15 0.22 0.33 0.14 0.04 0.28 0.25 0.11 0.25 0.11 0.06 0.27 0.11 0.06 0.28 0.00 0.35 0.16 0.30 0.13 0.22 0.37 0.10 0.18 0.28 0.30 0.28 0.02 0.08 0.08 0.26 0.38 0.21 0.14 0.03 0.36 0.22 0.19 0.36 0.29 0.29 0.32 0.12 0.31
0.07 0.25 0.14 0.25 0.33 0.33 0.06 0.04 0.32 0.32 0.21 0.15 0.11 0.24 0.14 0.15 0.20 0.18 0.08 0.23 0.36 0.09 0.12 0.24 0.16 0.24 0.36 0.09 0.24 0.31 0.07 0.35 0.00 0.20 0.07 0.22 0.14 0.07 0.25 0.19 0.10 0.07 0.13 0.34 0.27 0.30 0.10 0.07 0.18 0.23 0.38 0.04 0.13 0.16 0.08 0.06 0.06 0.17 0.23 0.04
0.15 0.05 0.18 0.11 0.13 0.13 0.15 0.17 0.12 0.19 0.02 0.22 0.11 0.04 0.21 0.06 0.07 0.25 0.18 0.30 0.16 0.16 0.19 0.21 0.09 0.10 0.15 0.16 0.05 0.22 0.13 0.16 0.20 0.00 0.15 0.14 0.21 0.22 0.09 0.02 0.17 0.15 0.20 0.18 0.23 0.10 0.17 0.24 0.05 0.30 0.18 0.21 0.07 0.20 0.21 0.14 0.14 0.25 0.15 0.16
0.01 0.20 0.09 0.20 0.28 0.28 0.09 0.12 0.27 0.27 0.15 0.10 0.06 0.19 0.08 0.20 0.15 0.11 0.03 0.16 0.31 0.02 0.05 0.19 0.23 0.19 0.31 0.03 0.19 0.26 0.08 0.30 0.07 0.15 0.00 0.17 0.08 0.07 0.20 0.16 0.03 0.00 0.06 0.29 0.22 0.25 0.04 0.09 0.19 0.17 0.33 0.07 0.16 0.11 0.06 0.01 0.08 0.11 0.17 0.08
0.17 0.12 0.08 0.04 0.11 0.11 0.16 0.18 0.10 0.10 0.15 0.08 0.11 0.14 0.09 0.19 0.07 0.11 0.20 0.17 0.14 0.15 0.12 0.07 0.22 0.04 0.14 0.14 0.09 0.09 0.15 0.13 0.22 0.14 0.17 0.00 0.09 0.24 0.05 0.15 0.15 0.17 0.15 0.12 0.09 0.08 0.13 0.25 0.19 0.16 0.16 0.23 0.15 0.06 0.23 0.15 0.15 0.19 0.01 0.18
0.09 0.20 0.03 0.12 0.20 0.20 0.15 0.18 0.19 0.18 0.23 0.02 0.10 0.21 0.00 0.27 0.14 0.04 0.11 0.09 0.23 0.06 0.03 0.11 0.30 0.11 0.23 0.05 0.16 0.18 0.15 0.22 0.14 0.21 0.08 0.09 0.00 0.15 0.12 0.23 0.06 0.08 0.06 0.21 0.14 0.17 0.04 0.17 0.26 0.09 0.25 0.15 0.23 0.03 0.14 0.08 0.15 0.11 0.10 0.15
0.07 0.28 0.16 0.28 0.35 0.35 0.08 0.11 0.34 0.34 0.23 0.17 0.14 0.26 0.15 0.19 0.23 0.15 0.04 0.23 0.38 0.09 0.12 0.26 0.22 0.26 0.38 0.11 0.26 0.33 0.09 0.37 0.07 0.22 0.07 0.24 0.15 0.00 0.27 0.21 0.10 0.07 0.09 0.36 0.29 0.32 0.11 0.01 0.21 0.24 0.40 0.03 0.15 0.18 0.02 0.09 0.09 0.11 0.25 0.08
0.20 0.07 0.11 0.03 0.08 0.08 0.19 0.21 0.07 0.10 0.10 0.13 0.14 0.09 0.12 0.14 0.04 0.16 0.23 0.21 0.11 0.18 0.15 0.12 0.17 0.02 0.11 0.17 0.04 0.13 0.18 0.10 0.25 0.09 0.20 0.05 0.12 0.27 0.00 0.11 0.17 0.20 0.18 0.09 0.14 0.05 0.16 0.28 0.14 0.21 0.13 0.26 0.12 0.11 0.26 0.18 0.18 0.22 0.06 0.21
0.16 0.06 0.20 0.13 0.14 0.14 0.14 0.16 0.12 0.21 0.01 0.24 0.12 0.05 0.23 0.05 0.09 0.27 0.17 0.32 0.17 0.18 0.21 0.23 0.07 0.12 0.16 0.18 0.07 0.24 0.12 0.18 0.19 0.02 0.16 0.15 0.23 0.21 0.11 0.00 0.18 0.15 0.21 0.20 0.25 0.11 0.18 0.23 0.04 0.32 0.19 0.21 0.07 0.22 0.20 0.15 0.13 0.26 0.17 0.15
0.03 0.18 0.07 0.18 0.26 0.26 0.11 0.14 0.25 0.24 0.18 0.07 0.06 0.17 0.06 0.22 0.13 0.08 0.05 0.14 0.29 0.01 0.03 0.17 0.25 0.17 0.28 0.01 0.17 0.24 0.11 0.28 0.10 0.17 0.03 0.15 0.06 0.10 0.17 0.18 0.00 0.03 0.03 0.26 0.20 0.23 0.02 0.11 0.22 0.14 0.31 0.09 0.18 0.09 0.08 0.04 0.11 0.08 0.15 0.11
0.00 0.21 0.09 0.21 0.28 0.28 0.08 0.11 0.27 0.27 0.16 0.10 0.07 0.19 0.08 0.19 0.15 0.11 0.03 0.17 0.31 0.02 0.06 0.19 0.22 0.19 0.31 0.04 0.19 0.26 0.08 0.30 0.07 0.15 0.00 0.17 0.08 0.07 0.20 0.15 0.03 0.00 0.06 0.29 0.22 0.25 0.04 0.08 0.19 0.17 0.33 0.06 0.15 0.11 0.06 0.02 0.08 0.11 0.18 0.08
0.06 0.18 0.07 0.18 0.26 0.26 0.14 0.17 0.25 0.25 0.21 0.08 0.09 0.20 0.06 0.25 0.14 0.06 0.05 0.14 0.29 0.04 0.03 0.17 0.28 0.17 0.29 0.04 0.17 0.24 0.14 0.28 0.13 0.20 0.06 0.15 0.06 0.09 0.18 0.21 0.03 0.06 0.00 0.27 0.20 0.23 0.03 0.10 0.25 0.15 0.31 0.09 0.21 0.09 0.07 0.07 0.14 0.05 0.16 0.14
0.29 0.17 0.20 0.08 0.11 0.07 0.28 0.30 0.10 0.02 0.20 0.19 0.22 0.18 0.21 0.24 0.13 0.21 0.31 0.13 0.06 0.27 0.24 0.10 0.27 0.10 0.07 0.25 0.13 0.04 0.27 0.02 0.34 0.18 0.29 0.12 0.21 0.36 0.09 0.20 0.26 0.29 0.27 0.00 0.07 0.10 0.25 0.37 0.23 0.12 0.04 0.35 0.21 0.17 0.34 0.27 0.27 0.31 0.11 0.30
0.23 0.22 0.13 0.12 0.16 0.12 0.21 0.24 0.15 0.04 0.25 0.12 0.16 0.23 0.14 0.29 0.16 0.15 0.25 0.07 0.11 0.20 0.17 0.03 0.32 0.13 0.12 0.19 0.18 0.04 0.20 0.08 0.27 0.23 0.22 0.09 0.14 0.29 0.14 0.25 0.20 0.22 0.20 0.07 0.00 0.15 0.18 0.31 0.28 0.07 0.11 0.29 0.25 0.11 0.28 0.21 0.21 0.25 0.08 0.23
0.26 0.07 0.16 0.05 0.03 0.03 0.25 0.27 0.02 0.11 0.10 0.15 0.19 0.09 0.17 0.15 0.10 0.17 0.28 0.22 0.06 0.23 0.20 0.13 0.17 0.06 0.06 0.22 0.06 0.14 0.23 0.08 0.30 0.10 0.25 0.08 0.17 0.32 0.05 0.11 0.23 0.25 0.23 0.10 0.15 0.00 0.21 0.34 0.14 0.21 0.08 0.32 0.17 0.14 0.31 0.24 0.24 0.28 0.07 0.26
0.04 0.16 0.05 0.16 0.24 0.24 0.11 0.14 0.23 0.23 0.18 0.06 0.06 0.17 0.05 0.22 0.11 0.09 0.07 0.14 0.27 0.02 0.03 0.15 0.25 0.15 0.27 0.01 0.15 0.22 0.11 0.26 0.10 0.17 0.04 0.13 0.04 0.11 0.16 0.18 0.02 0.04 0.03 0.25 0.18 0.21 0.00 0.12 0.22 0.14 0.29 0.11 0.18 0.07 0.10 0.04 0.11 0.08 0.14 0.11
0.08 0.29 0.17 0.29 0.36 0.37 0.09 0.12 0.35 0.35 0.24 0.18 0.15 0.28 0.16 0.20 0.24 0.16 0.06 0.24 0.40 0.11 0.13 0.27 0.23 0.27 0.39 0.12 0.28 0.35 0.11 0.38 0.07 0.24 0.09 0.25 0.17 0.01 0.28 0.23 0.11 0.08 0.10 0.37 0.31 0.34 0.12 0.00 0.22 0.25 0.42 0.04 0.16 0.20 0.03 0.10 0.10 0.10 0.26 0.09
0.19 0.07 0.24 0.17 0.15 0.16 0.13 0.15 0.14 0.24 0.04 0.27 0.16 0.06 0.27 0.04 0.12 0.30 0.20 0.36 0.18 0.21 0.25 0.27 0.03 0.15 0.17 0.21 0.10 0.27 0.11 0.21 0.18 0.05 0.19 0.19 0.26 0.21 0.14 0.04 0.22 0.19 0.25 0.23 0.28 0.14 0.22 0.22 0.00 0.35 0.20 0.20 0.06 0.25 0.21 0.18 0.12 0.30 0.20 0.14
0.17 0.29 0.12 0.19 0.23 0.19 0.25 0.28 0.22 0.11 0.32 0.08 0.19 0.30 0.09 0.36 0.23 0.09 0.19 0.01 0.18 0.15 0.12 0.09 0.39 0.20 0.20 0.14 0.25 0.10 0.24 0.14 0.23 0.30 0.17 0.16 0.09 0.24 0.21 0.32 0.14 0.17 0.15 0.12 0.07 0.21 0.14 0.25 0.35 0.00 0.17 0.23 0.32 0.10 0.22 0.17 0.24 0.19 0.15 0.24
0.34 0.13 0.24 0.13 0.07 0.05 0.33 0.35 0.06 0.07 0.17 0.24 0.27 0.14 0.25 0.24 0.18 0.26 0.36 0.17 0.02 0.31 0.28 0.14 0.23 0.14 0.04 0.30 0.14 0.08 0.31 0.03 0.38 0.18 0.33 0.16 0.25 0.40 0.13 0.19 0.31 0.33 0.31 0.04 0.11 0.08 0.29 0.42 0.20 0.17 0.00 0.40 0.25 0.22 0.39 0.32 0.32 0.36 0.15 0.34
0.06 0.27 0.15 0.27 0.34 0.35 0.07 0.08 0.33 0.33 0.22 0.16 0.13 0.26 0.14 0.16 0.22 0.15 0.04 0.22 0.38 0.09 0.11 0.25 0.19 0.25 0.37 0.10 0.26 0.33 0.09 0.36 0.04 0.21 0.07 0.23 0.15 0.03 0.26 0.21 0.09 0.06 0.09 0.35 0.29 0.32 0.11 0.04 0.20 0.23 0.40 0.00 0.14 0.17 0.05 0.08 0.08 0.14 0.24 0.06
0.16 0.12 0.20 0.13 0.20 0.20 0.07 0.09 0.19 0.21 0.08 0.24 0.12 0.11 0.23 0.04 0.09 0.27 0.17 0.32 0.23 0.18 0.21 0.23 0.07 0.12 0.23 0.18 0.11 0.24 0.08 0.22 0.13 0.07 0.16 0.15 0.23 0.15 0.12 0.07 0.18 0.15 0.21 0.21 0.25 0.17 0.18 0.16 0.06 0.32 0.25 0.14 0.00 0.22 0.17 0.15 0.07 0.26 0.17 0.09
0.12 0.19 0.02 0.09 0.17 0.17 0.15 0.17 0.16 0.15 0.21 0.02 0.09 0.20 0.03 0.26 0.13 0.05 0.14 0.10 0.20 0.09 0.06 0.08 0.29 0.10 0.20 0.08 0.15 0.15 0.14 0.19 0.16 0.20 0.11 0.06 0.03 0.18 0.11 0.22 0.09 0.11 0.09 0.17 0.11 0.14 0.07 0.20 0.25 0.10 0.22 0.17 0.22 0.00 0.17 0.10 0.14 0.14 0.07 0.14
0.05 0.26 0.15 0.26 0.34 0.34 0.10 0.13 0.33 0.32 0.21 0.15 0.12 0.25 0.14 0.21 0.21 0.13 0.03 0.21 0.37 0.08 0.11 0.25 0.24 0.25 0.36 0.09 0.25 0.32 0.09 0.36 0.08 0.21 0.06 0.23 0.14 0.02 0.26 0.20 0.08 0.06 0.07 0.34 0.28 0.31 0.10 0.03 0.21 0.22 0.39 0.05 0.17 0.17 0.00 0.07 0.10 0.09 0.23 0.09
0.02 0.19 0.08 0.19 0.27 0.27 0.07 0.10 0.26 0.25 0.14 0.09 0.05 0.18 0.09 0.18 0.14 0.12 0.04 0.17 0.30 0.03 0.07 0.17 0.21 0.17 0.29 0.04 0.18 0.25 0.07 0.29 0.06 0.14 0.01 0.15 0.08 0.09 0.18 0.15 0.04 0.02 0.07 0.27 0.21 0.24 0.04 0.10 0.18 0.17 0.32 0.08 0.15 0.10 0.07 0.00 0.07 0.12 0.16 0.07
0.08 0.19 0.13 0.19 0.27 0.27 0.01 0.03 0.26 0.25 0.14 0.16 0.05 0.18 0.15 0.11 0.14 0.19 0.09 0.25 0.30 0.10 0.14 0.17 0.14 0.17 0.29 0.11 0.18 0.25 0.01 0.29 0.06 0.14 0.08 0.15 0.15 0.09 0.18 0.13 0.11 0.08 0.14 0.27 0.21 0.24 0.11 0.10 0.12 0.24 0.32 0.08 0.07 0.14 0.10 0.07 0.00 0.19 0.16 0.02
0.11 0.23 0.12 0.23 0.30 0.31 0.19 0.22 0.29 0.29 0.26 0.12 0.14 0.25 0.10 0.30 0.18 0.10 0.10 0.18 0.34 0.09 0.07 0.21 0.33 0.21 0.33 0.08 0.21 0.29 0.18 0.32 0.17 0.25 0.11 0.19 0.11 0.11 0.22 0.26 0.08 0.11 0.05 0.31 0.25 0.28 0.08 0.10 0.30 0.19 0.36 0.14 0.26 0.14 0.09 0.12 0.19 0.00 0.20 0.18
0.18 0.14 0.09 0.04 0.10 0.11 0.17 0.19 0.09 0.09 0.17 0.08 0.11 0.15 0.10 0.21 0.08 0.10 0.20 0.15 0.14 0.15 0.13 0.06 0.24 0.05 0.13 0.14 0.10 0.09 0.15 0.12 0.23 0.15 0.17 0.01 0.10 0.25 0.06 0.17 0.15 0.18 0.16 0.11 0.08 0.07 0.14 0.26 0.20 0.15 0.15 0.24 0.17 0.07 0.23 0.16 0.16 0.20 0.00 0.18
0.08 0.21 0.12 0.21 0.29 0.29 0.02 0.04 0.28 0.28 0.17 0.16 0.07 0.20 0.15 0.12 0.16 0.19 0.09 0.24 0.32 0.10 0.13 0.20 0.15 0.20 0.32 0.10 0.20 0.27 0.03 0.31 0.04 0.16 0.08 0.18 0.15 0.08 0.21 0.15 0.11 0.08 0.14 0.30 0.23 0.26 0.11 0.09 0.14 0.24 0.34 0.06 0.09 0.14 0.09 0.07 0.02 0.18 0.18 0.00
Team_tasks_times:
Team 0:
1: 0.50 4.00 2.00 0.25 4.00
2: 2.00 2.00 4.00
3: 0.25
4: 2.00 2.00 4.00
5: 2.00 2.00 4.00
6: 0.25
7: 0.50 4.00 2.00 0.25 4.00
8: 0.25
9: 2.00 2.00 4.00
10: 0.25
11: 0.25
12: 2.00 2.00 4.00
13: 0.25
14: 0.50 4.00 2.00 0.25 4.00
15: 0.25
16: 2.00 2.00 4.00
17: 2.00 2.00 4.00
18: 2.00 2.00 4.00
19: 0.25
20: 0.25
21: 2.00 2.00 4.00
22: 2.00 2.00 4.00
23: 0.50 4.00 2.00 0.25 4.00
24: 2.00 2.00 4.00
25: 0.25
26: 2.00 2.00 4.00
27: 0.50 4.00 2.00 0.25 4.00
28: 2.00 2.00 4.00
29: 0.50 4.00 2.00 0.25 4.00
30: 2.00 2.00 4.00
31: 2.00 2.00 4.00
32: 0.50 4.00 2.00 0.25 4.00
33: 2.00 2.00 4.00
34: 0.25
35: 0.25
36: 0.25
37: 0.25
38: 0.25
39: 0.25
40: 0.50 4.00 2.00 0.25 4.00
41: 0.25
42: 0.25
43: 2.00 2.00 4.00
44: 0.50 4.00 2.00 0.25 4.00
45: 0.25
46: 2.00 2.00 4.00
47: 2.00 2.00 4.00
48: 0.25
49: 0.25
50: 2.00 2.00 4.00
51: 0.50 4.00 2.00 0.25 4.00
52: 2.00 2.00 4.00
53: 0.50 4.00 2.00 0.25 4.00
54: 0.50 4.00 2.00 0.25 4.00
55: 2.00 2.00 4.00
56: 0.25
57: 0.50 4.00 2.00 0.25 4.00
58: 0.50 4.00 2.00 0.25 4.00
59: 0.50 4.00 2.00 0.25 4.00
Team 1:
1: 4.00 1.00 4.00 0.25 4.00
2: 1.00 2000.00 2.00
3: 3.00
4: 1.00 2000.00 2.00
5: 1.00 2000.00 2.00
6: 3.00
7: 4.00 1.00 4.00 0.25 4.00
8: 3.00
9: 1.00 2000.00 2.00
10: 3.00
11: 3.00
12: 1.00 2000.00 2.00
13: 3.00
14: 4.00 1.00 4.00 0.25 4.00
15: 3.00
16: 1.00 2000.00 2.00
17: 1.00 2000.00 2.00
18: 1.00 2000.00 2.00
19: 3.00
20: 3.00
21: 1.00 2000.00 2.00
22: 1.00 2000.00 2.00
23: 4.00 1.00 4.00 0.25 4.00
24: 1.00 2000.00 2.00
25: 3.00
26: 1.00 2000.00 2.00
27: 4.00 1.00 4.00 0.25 4.00
28: 1.00 2000.00 2.00
29: 4.00 1.00 4.00 0.25 4.00
30: 1.00 2000.00 2.00
31: 1.00 2000.00 2.00
32: 4.00 1.00 4.00 0.25 4.00
33: 1.00 2000.00 2.00
34: 3.00
35: 3.00
36: 3.00
37: 3.00
38: 3.00
39: 3.00
40: 4.00 1.00 4.00 0.25 4.00
41: 3.00
42: 3.00
43: 1.00 2000.00 2.00
44: 4.00 1.00 4.00 0.25 4.00
45: 3.00
46: 1.00 2000.00 2.00
47: 1.00 2000.00 2.00
48: 3.00
49: 3.00
50: 1.00 2000.00 2.00
51: 4.00 1.00 4.00 0.25 4.00
52: 1.00 2000.00 2.00
53: 4.00 1.00 4.00 0.25 4.00
54: 4.00 1.00 4.00 0.25 4.00
55: 1.00 2000.00 2.00
56: 3.00
57: 4.00 1.00 4.00 0.25 4.00
58: 4.00 1.00 4.00 0.25 4.00
59: 4.00 1.00 4.00 0.25 4.00
Team 2:
1: 4.00 3.00 2.00 1.00 0.75
2: 1.00 2000.00 4.00
3: 0.50
4: 1.00 2000.00 4.00
5: 1.00 2000.00 4.00
6: 0.50
7: 4.00 3.00 2.00 1.00 0.75
8: 0.50
9: 1.00 2000.00 4.00
10: 0.50
11: 0.50
12: 1.00 2000.00 4.00
13: 0.50
14: 4.00 3.00 2.00 1.00 0.75
15: 0.50
16: 1.00 2000.00 4.00
17: 1.00 2000.00 4.00
18: 1.00 2000.00 4.00
19: 0.50
20: 0.50
21: 1.00 2000.00 4.00
22: 1.00 2000.00 4.00
23: 4.00 3.00 2.00 1.00 0.75
24: 1.00 2000.00 4.00
25: 0.50
26: 1.00 2000.00 4.00
27: 4.00 3.00 2.00 1.00 0.75
28: 1.00 2000.00 4.00
29: 4.00 3.00 2.00 1.00 0.75
30: 1.00 2000.00 4.00
31: 1.00 2000.00 4.00
32: 4.00 3.00 2.00 1.00 0.75
33: 1.00 2000.00 4.00
34: 0.50
35: 0.50
36: 0.50
37: 0.50
38: 0.50
39: 0.50
40: 4.00 3.00 2.00 1.00 0.75
41: 0.50
42: 0.50
43: 1.00 2000.00 4.00
44: 4.00 3.00 2.00 1.00 0.75
45: 0.50
46: 1.00 2000.00 4.00
47: 1.00 2000.00 4.00
48: 0.50
49: 0.50
50: 1.00 2000.00 4.00
51: 4.00 3.00 2.00 1.00 0.75
52: 1.00 2000.00 4.00
53: 4.00 3.00 2.00 1.00 0.75
54: 4.00 3.00 2.00 1.00 0.75
55: 1.00 2000.00 4.00
56: 0.50
57: 4.00 3.00 2.00 1.00 0.75
58: 4.00 3.00 2.00 1.00 0.75
59: 4.00 3.00 2.00 1.00 0.75
