Number_of_customers: 60
Number_of_teams: 3
Number_of_services: 3
Customers_requested_services:
2 2 1 0 1 1 2 2 0 1 2 1 1 0 0 2 0 2 2 1 1 0 2 0 0 2 2 1 0 0 2 2 1 1 1 2 1 0 0 2 0 1 1 0 0 2 2 0 2 1 0 0 1 1 0 0 1 1 0
Daily_available_time: 8
Service 0:
Number_of_tasks: 1
Dependencies:
0: 
Service 1:
Number_of_tasks: 3
Dependencies:
0: 
1: 0 2
2: 
Service 2:
Number_of_tasks: 5
Dependencies:
0: 4
1: 4
2: 4
3: 4
4: 
Travel_times:
0.00 0.11 0.26 0.06 0.15 0.13 0.20 0.20 0.10 0.15 0.12 0.07 0.15 0.13 0.21 0.18 0.13 0.11 0.15 0.24 0.20 0.29 0.07 0.18 0.16 0.31 0.12 0.11 0.11 0.09 0.18 0.12 0.34 0.20 0.26 0.13 0.21 0.10 0.23 0.21 0.10 0.20 0.07 0.15 0.08 0.16 0.12 0.18 0.14 0.07 0.21 0.15 0.08 0.07 0.17 0.20 0.25 0.18 0.21 0.18
0.11 0.00 0.36 0.04 0.26 0.24 0.29 0.30 0.19 0.25 0.22 0.11 0.25 0.15 0.30 0.28 0.05 0.22 0.25 0.33 0.30 0.18 0.17 0.27 0.07 0.41 0.22 0.11 0.11 0.18 0.28 0.21 0.43 0.29 0.36 0.04 0.31 0.21 0.32 0.31 0.20 0.30 0.12 0.11 0.07 0.26 0.21 0.14 0.25 0.17 0.31 0.24 0.18 0.17 0.27 0.30 0.34 0.28 0.30 0.28
0.26 0.36 0.00 0.32 0.28 0.25 0.15 0.06 0.17 0.11 0.14 0.25 0.27 0.21 0.06 0.23 0.31 0.24 0.11 0.03 0.10 0.17 0.28 0.14 0.29 0.06 0.21 0.37 0.25 0.18 0.16 0.22 0.08 0.22 0.03 0.40 0.07 0.22 0.09 0.05 0.26 0.09 0.24 0.25 0.29 0.12 0.19 0.22 0.26 0.19 0.05 0.26 0.28 0.30 0.14 0.12 0.02 0.20 0.06 0.08
0.06 0.04 0.32 0.00 0.22 0.19 0.26 0.26 0.15 0.21 0.18 0.07 0.21 0.12 0.26 0.24 0.07 0.17 0.21 0.29 0.26 0.22 0.13 0.24 0.10 0.37 0.18 0.07 0.07 0.14 0.24 0.17 0.40 0.26 0.32 0.07 0.27 0.16 0.28 0.27 0.16 0.26 0.08 0.09 0.04 0.22 0.17 0.12 0.20 0.13 0.27 0.21 0.14 0.13 0.23 0.26 0.31 0.24 0.27 0.24
0.15 0.26 0.28 0.22 0.00 0.04 0.13 0.30 0.25 0.17 0.22 0.22 0.03 0.28 0.22 0.07 0.28 0.06 0.28 0.27 0.18 0.44 0.13 0.14 0.32 0.22 0.07 0.22 0.27 0.23 0.12 0.06 0.23 0.09 0.25 0.24 0.21 0.06 0.19 0.26 0.11 0.18 0.23 0.31 0.24 0.15 0.09 0.34 0.08 0.17 0.26 0.04 0.12 0.15 0.14 0.15 0.27 0.08 0.28 0.23
0.13 0.24 0.25 0.19 0.04 0.00 0.13 0.27 0.23 0.14 0.20 0.20 0.02 0.26 0.20 0.12 0.26 0.02 0.25 0.25 0.15 0.42 0.09 0.11 0.29 0.25 0.06 0.17 0.24 0.20 0.12 0.05 0.27 0.13 0.23 0.20 0.18 0.03 0.17 0.23 0.07 0.16 0.20 0.28 0.21 0.13 0.07 0.32 0.04 0.15 0.24 0.08 0.08 0.11 0.11 0.14 0.25 0.12 0.25 0.21
0.20 0.29 0.15 0.26 0.13 0.13 0.00 0.17 0.12 0.05 0.10 0.18 0.12 0.15 0.09 0.08 0.24 0.15 0.15 0.14 0.05 0.31 0.22 0.02 0.23 0.12 0.07 0.31 0.19 0.11 0.02 0.08 0.14 0.07 0.12 0.33 0.08 0.11 0.06 0.13 0.20 0.06 0.18 0.18 0.22 0.04 0.08 0.21 0.17 0.13 0.14 0.11 0.21 0.24 0.03 0.03 0.15 0.04 0.15 0.10
0.20 0.30 0.06 0.26 0.30 0.27 0.17 0.00 0.11 0.13 0.08 0.19 0.29 0.15 0.08 0.25 0.25 0.26 0.05 0.03 0.12 0.14 0.22 0.16 0.23 0.11 0.23 0.31 0.19 0.12 0.18 0.24 0.14 0.24 0.06 0.34 0.09 0.24 0.11 0.04 0.24 0.11 0.18 0.19 0.23 0.15 0.21 0.16 0.28 0.13 0.04 0.28 0.22 0.24 0.16 0.15 0.04 0.21 0.02 0.07
0.10 0.19 0.17 0.15 0.25 0.23 0.12 0.11 0.00 0.09 0.03 0.08 0.24 0.04 0.11 0.20 0.14 0.21 0.06 0.14 0.11 0.19 0.17 0.12 0.12 0.22 0.18 0.20 0.08 0.03 0.13 0.20 0.25 0.20 0.17 0.23 0.12 0.20 0.13 0.12 0.19 0.11 0.07 0.08 0.12 0.10 0.16 0.09 0.24 0.08 0.12 0.24 0.17 0.17 0.12 0.11 0.15 0.17 0.12 0.09
0.15 0.25 0.11 0.21 0.17 0.14 0.05 0.13 0.09 0.00 0.06 0.14 0.15 0.12 0.06 0.12 0.19 0.12 0.11 0.11 0.05 0.28 0.17 0.03 0.18 0.16 0.10 0.26 0.14 0.07 0.04 0.11 0.19 0.11 0.11 0.28 0.07 0.11 0.07 0.09 0.15 0.05 0.13 0.14 0.17 0.01 0.07 0.17 0.15 0.08 0.10 0.15 0.16 0.19 0.03 0.05 0.11 0.08 0.11 0.07
0.12 0.22 0.14 0.18 0.22 0.20 0.10 0.08 0.03 0.06 0.00 0.11 0.21 0.07 0.08 0.17 0.17 0.18 0.05 0.11 0.08 0.22 0.14 0.09 0.15 0.19 0.15 0.23 0.11 0.04 0.10 0.17 0.21 0.17 0.14 0.26 0.09 0.17 0.10 0.09 0.16 0.08 0.10 0.11 0.15 0.07 0.13 0.12 0.21 0.05 0.09 0.21 0.15 0.16 0.09 0.08 0.12 0.14 0.09 0.06
0.07 0.11 0.25 0.07 0.22 0.20 0.18 0.19 0.08 0.14 0.11 0.00 0.21 0.06 0.19 0.17 0.06 0.18 0.14 0.22 0.19 0.22 0.14 0.16 0.10 0.30 0.15 0.12 0.04 0.07 0.17 0.17 0.32 0.18 0.25 0.15 0.20 0.17 0.21 0.20 0.16 0.18 0.01 0.09 0.04 0.15 0.13 0.12 0.21 0.06 0.20 0.20 0.14 0.14 0.15 0.19 0.23 0.17 0.19 0.17
0.15 0.25 0.27 0.21 0.03 0.02 0.12 0.29 0.24 0.15 0.21 0.21 0.00 0.27 0.21 0.10 0.27 0.04 0.27 0.26 0.17 0.43 0.11 0.13 0.31 0.23 0.06 0.19 0.26 0.21 0.11 0.04 0.25 0.11 0.24 0.22 0.20 0.04 0.18 0.25 0.09 0.17 0.21 0.30 0.23 0.14 0.08 0.33 0.06 0.17 0.25 0.06 0.10 0.12 0.12 0.14 0.26 0.10 0.27 0.22
0.13 0.15 0.21 0.12 0.28 0.26 0.15 0.15 0.04 0.12 0.07 0.06 0.27 0.00 0.15 0.23 0.10 0.24 0.10 0.18 0.15 0.16 0.20 0.15 0.09 0.26 0.21 0.17 0.05 0.06 0.16 0.23 0.28 0.23 0.21 0.19 0.16 0.23 0.17 0.15 0.22 0.14 0.06 0.04 0.08 0.13 0.19 0.06 0.27 0.11 0.15 0.27 0.21 0.20 0.15 0.15 0.19 0.20 0.15 0.12
0.21 0.30 0.06 0.26 0.22 0.20 0.09 0.08 0.11 0.06 0.08 0.19 0.21 0.15 0.00 0.17 0.25 0.18 0.06 0.05 0.04 0.22 0.23 0.08 0.24 0.11 0.15 0.31 0.20 0.12 0.10 0.17 0.13 0.16 0.06 0.34 0.01 0.17 0.03 0.04 0.21 0.04 0.18 0.19 0.23 0.07 0.13 0.17 0.21 0.14 0.04 0.20 0.22 0.25 0.09 0.07 0.05 0.14 0.06 0.03
0.18 0.28 0.23 0.24 0.07 0.12 0.08 0.25 0.20 0.12 0.17 0.17 0.10 0.23 0.17 0.00 0.23 0.14 0.23 0.22 0.13 0.39 0.21 0.09 0.27 0.17 0.06 0.29 0.21 0.17 0.07 0.07 0.15 0.01 0.20 0.32 0.16 0.10 0.14 0.21 0.18 0.14 0.17 0.26 0.21 0.10 0.07 0.29 0.15 0.12 0.21 0.04 0.20 0.23 0.09 0.10 0.22 0.03 0.23 0.18
0.13 0.05 0.31 0.07 0.28 0.26 0.24 0.25 0.14 0.19 0.17 0.06 0.27 0.10 0.25 0.23 0.00 0.24 0.20 0.28 0.25 0.16 0.20 0.22 0.03 0.36 0.21 0.14 0.05 0.13 0.22 0.23 0.38 0.24 0.31 0.09 0.26 0.23 0.27 0.25 0.22 0.24 0.06 0.06 0.04 0.21 0.19 0.08 0.27 0.11 0.26 0.27 0.21 0.20 0.21 0.25 0.29 0.23 0.25 0.22
0.11 0.22 0.24 0.17 0.06 0.02 0.15 0.26 0.21 0.12 0.18 0.18 0.04 0.24 0.18 0.14 0.24 0.00 0.23 0.23 0.15 0.40 0.07 0.13 0.27 0.27 0.07 0.15 0.22 0.18 0.13 0.07 0.29 0.15 0.21 0.18 0.17 0.04 0.18 0.21 0.05 0.15 0.18 0.26 0.20 0.12 0.07 0.30 0.03 0.13 0.22 0.10 0.06 0.09 0.12 0.15 0.23 0.14 0.24 0.19
0.15 0.25 0.11 0.21 0.28 0.25 0.15 0.05 0.06 0.11 0.05 0.14 0.27 0.10 0.06 0.23 0.20 0.23 0.00 0.08 0.10 0.17 0.19 0.14 0.18 0.16 0.21 0.26 0.15 0.07 0.15 0.22 0.18 0.22 0.11 0.29 0.07 0.22 0.09 0.06 0.21 0.09 0.14 0.14 0.18 0.12 0.18 0.12 0.26 0.10 0.06 0.26 0.20 0.20 0.14 0.12 0.09 0.19 0.05 0.04
0.24 0.33 0.03 0.29 0.27 0.25 0.14 0.03 0.14 0.11 0.11 0.22 0.26 0.18 0.05 0.22 0.28 0.23 0.08 0.00 0.09 0.17 0.26 0.13 0.27 0.08 0.20 0.34 0.23 0.15 0.15 0.21 0.10 0.21 0.03 0.37 0.06 0.21 0.08 0.03 0.24 0.09 0.21 0.22 0.26 0.12 0.18 0.20 0.26 0.17 0.02 0.25 0.25 0.28 0.14 0.12 0.01 0.19 0.03 0.06
0.20 0.30 0.10 0.26 0.18 0.15 0.05 0.12 0.11 0.05 0.08 0.19 0.17 0.15 0.04 0.13 0.25 0.15 0.10 0.09 0.00 0.26 0.22 0.04 0.23 0.11 0.11 0.31 0.19 0.12 0.06 0.12 0.14 0.12 0.07 0.34 0.03 0.12 0.02 0.08 0.20 0.01 0.18 0.19 0.23 0.04 0.09 0.16 0.17 0.13 0.09 0.16 0.21 0.24 0.04 0.03 0.10 0.10 0.10 0.05
0.29 0.18 0.17 0.22 0.44 0.42 0.31 0.14 0.19 0.28 0.22 0.22 0.43 0.16 0.22 0.39 0.16 0.40 0.17 0.17 0.26 0.00 0.36 0.30 0.12 0.22 0.37 0.29 0.17 0.21 0.32 0.39 0.25 0.38 0.19 0.22 0.23 0.39 0.25 0.18 0.38 0.26 0.21 0.14 0.20 0.29 0.35 0.10 0.42 0.27 0.18 0.42 0.36 0.36 0.31 0.29 0.17 0.36 0.16 0.21
0.07 0.17 0.28 0.13 0.13 0.09 0.22 0.22 0.17 0.17 0.14 0.14 0.11 0.20 0.23 0.21 0.20 0.07 0.19 0.26 0.22 0.36 0.00 0.20 0.23 0.33 0.14 0.09 0.18 0.14 0.20 0.14 0.36 0.22 0.28 0.14 0.24 0.11 0.25 0.23 0.03 0.22 0.14 0.22 0.15 0.18 0.14 0.26 0.07 0.09 0.23 0.17 0.01 0.02 0.19 0.22 0.27 0.20 0.23 0.20
0.18 0.27 0.14 0.24 0.14 0.11 0.02 0.16 0.12 0.03 0.09 0.16 0.13 0.15 0.08 0.09 0.22 0.13 0.14 0.13 0.04 0.30 0.20 0.00 0.21 0.14 0.07 0.29 0.17 0.09 0.02 0.08 0.16 0.08 0.12 0.31 0.07 0.09 0.05 0.12 0.18 0.05 0.16 0.17 0.20 0.02 0.06 0.20 0.15 0.11 0.12 0.12 0.19 0.22 0.01 0.03 0.14 0.06 0.14 0.09
0.16 0.07 0.29 0.10 0.32 0.29 0.23 0.23 0.12 0.18 0.15 0.10 0.31 0.09 0.24 0.27 0.03 0.27 0.18 0.27 0.23 0.12 0.23 0.21 0.00 0.34 0.25 0.17 0.05 0.12 0.21 0.26 0.37 0.26 0.29 0.10 0.25 0.26 0.26 0.24 0.26 0.23 0.09 0.04 0.08 0.19 0.23 0.07 0.30 0.14 0.24 0.30 0.24 0.23 0.20 0.23 0.28 0.23 0.24 0.21
0.31 0.41 0.06 0.37 0.22 0.25 0.12 0.11 0.22 0.16 0.19 0.30 0.23 0.26 0.11 0.17 0.36 0.27 0.16 0.08 0.11 0.22 0.33 0.14 0.34 0.00 0.19 0.42 0.30 0.23 0.13 0.20 0.03 0.16 0.05 0.45 0.10 0.22 0.09 0.10 0.31 0.11 0.29 0.30 0.34 0.15 0.20 0.27 0.28 0.24 0.10 0.20 0.33 0.35 0.14 0.11 0.07 0.14 0.11 0.13
0.12 0.22 0.21 0.18 0.07 0.06 0.07 0.23 0.18 0.10 0.15 0.15 0.06 0.21 0.15 0.06 0.21 0.07 0.21 0.20 0.11 0.37 0.14 0.07 0.25 0.19 0.00 0.23 0.20 0.16 0.06 0.01 0.21 0.07 0.18 0.26 0.14 0.03 0.12 0.19 0.12 0.12 0.16 0.24 0.17 0.09 0.02 0.27 0.09 0.11 0.20 0.05 0.14 0.16 0.07 0.09 0.21 0.06 0.21 0.16
0.11 0.11 0.37 0.07 0.22 0.17 0.31 0.31 0.20 0.26 0.23 0.12 0.19 0.17 0.31 0.29 0.14 0.15 0.26 0.34 0.31 0.29 0.09 0.29 0.17 0.42 0.23 0.00 0.12 0.19 0.29 0.22 0.45 0.31 0.37 0.07 0.32 0.20 0.33 0.32 0.11 0.31 0.13 0.16 0.09 0.27 0.22 0.19 0.14 0.18 0.32 0.26 0.10 0.07 0.28 0.31 0.36 0.29 0.32 0.29
0.11 0.11 0.25 0.07 0.27 0.24 0.19 0.19 0.08 0.14 0.11 0.04 0.26 0.05 0.20 0.21 0.05 0.22 0.15 0.23 0.19 0.17 0.18 0.17 0.05 0.30 0.20 0.12 0.00 0.07 0.17 0.21 0.33 0.21 0.25 0.14 0.21 0.21 0.21 0.20 0.21 0.19 0.04 0.04 0.03 0.15 0.17 0.07 0.25 0.09 0.20 0.25 0.19 0.18 0.16 0.19 0.24 0.18 0.20 0.17
0.09 0.18 0.18 0.14 0.23 0.20 0.11 0.12 0.03 0.07 0.04 0.07 0.21 0.06 0.12 0.17 0.13 0.18 0.07 0.15 0.12 0.21 0.14 0.09 0.12 0.23 0.16 0.19 0.07 0.00 0.11 0.17 0.25 0.17 0.18 0.22 0.13 0.17 0.14 0.12 0.17 0.12 0.07 0.08 0.11 0.08 0.14 0.12 0.21 0.05 0.13 0.21 0.15 0.14 0.09 0.12 0.16 0.14 0.12 0.10
0.18 0.28 0.16 0.24 0.12 0.12 0.02 0.18 0.13 0.04 0.10 0.17 0.11 0.16 0.10 0.07 0.22 0.13 0.15 0.15 0.06 0.32 0.20 0.02 0.21 0.13 0.06 0.29 0.17 0.11 0.00 0.07 0.16 0.06 0.13 0.31 0.09 0.09 0.07 0.14 0.18 0.07 0.16 0.18 0.20 0.03 0.07 0.22 0.15 0.11 0.14 0.10 0.19 0.22 0.02 0.03 0.15 0.04 0.16 0.11
0.12 0.21 0.22 0.17 0.06 0.05 0.08 0.24 0.20 0.11 0.17 0.17 0.04 0.23 0.17 0.07 0.23 0.07 0.22 0.21 0.12 0.39 0.14 0.08 0.26 0.20 0.01 0.22 0.21 0.17 0.07 0.00 0.22 0.08 0.20 0.25 0.15 0.03 0.14 0.20 0.12 0.13 0.17 0.25 0.18 0.10 0.04 0.29 0.09 0.12 0.21 0.04 0.13 0.15 0.08 0.10 0.22 0.07 0.22 0.17
0.34 0.43 0.08 0.40 0.23 0.27 0.14 0.14 0.25 0.19 0.21 0.32 0.25 0.28 0.13 0.15 0.38 0.29 0.18 0.10 0.14 0.25 0.36 0.16 0.37 0.03 0.21 0.45 0.33 0.25 0.16 0.22 0.00 0.14 0.07 0.47 0.12 0.25 0.11 0.13 0.34 0.14 0.32 0.32 0.36 0.17 0.22 0.30 0.31 0.27 0.12 0.19 0.35 0.38 0.17 0.14 0.09 0.15 0.13 0.16
0.20 0.29 0.22 0.26 0.09 0.13 0.07 0.24 0.20 0.11 0.17 0.18 0.11 0.23 0.16 0.01 0.24 0.15 0.22 0.21 0.12 0.38 0.22 0.08 0.26 0.16 0.07 0.31 0.21 0.17 0.06 0.08 0.14 0.00 0.20 0.33 0.15 0.11 0.13 0.20 0.20 0.13 0.18 0.25 0.22 0.10 0.08 0.28 0.17 0.13 0.21 0.05 0.21 0.24 0.08 0.10 0.21 0.03 0.22 0.17
0.26 0.36 0.03 0.32 0.25 0.23 0.12 0.06 0.17 0.11 0.14 0.25 0.24 0.21 0.06 0.20 0.31 0.21 0.11 0.03 0.07 0.19 0.28 0.12 0.29 0.05 0.18 0.37 0.25 0.18 0.13 0.20 0.07 0.20 0.00 0.40 0.05 0.20 0.06 0.05 0.26 0.07 0.24 0.25 0.29 0.10 0.16 0.22 0.24 0.19 0.05 0.24 0.28 0.30 0.12 0.10 0.02 0.17 0.06 0.08
0.13 0.04 0.40 0.07 0.24 0.20 0.33 0.34 0.23 0.28 0.26 0.15 0.22 0.19 0.34 0.32 0.09 0.18 0.29 0.37 0.34 0.22 0.14 0.31 0.10 0.45 0.26 0.07 0.14 0.22 0.31 0.25 0.47 0.33 0.40 0.00 0.35 0.22 0.36 0.34 0.16 0.33 0.15 0.15 0.11 0.30 0.25 0.17 0.21 0.20 0.35 0.28 0.15 0.14 0.30 0.34 0.38 0.32 0.34 0.31
0.21 0.31 0.07 0.27 0.21 0.18 0.08 0.09 0.12 0.07 0.09 0.20 0.20 0.16 0.01 0.16 0.26 0.17 0.07 0.06 0.03 0.23 0.24 0.07 0.25 0.10 0.14 0.32 0.21 0.13 0.09 0.15 0.12 0.15 0.05 0.35 0.00 0.15 0.02 0.04 0.21 0.03 0.20 0.20 0.24 0.06 0.12 0.17 0.20 0.15 0.05 0.19 0.23 0.26 0.07 0.06 0.06 0.13 0.07 0.04
0.10 0.21 0.22 0.16 0.06 0.03 0.11 0.24 0.20 0.11 0.17 0.17 0.04 0.23 0.17 0.10 0.23 0.04 0.22 0.21 0.12 0.39 0.11 0.09 0.26 0.22 0.03 0.20 0.21 0.17 0.09 0.03 0.25 0.11 0.20 0.22 0.15 0.00 0.14 0.20 0.09 0.13 0.17 0.25 0.18 0.10 0.04 0.29 0.06 0.12 0.21 0.06 0.10 0.13 0.08 0.11 0.22 0.09 0.22 0.17
0.23 0.32 0.09 0.28 0.19 0.17 0.06 0.11 0.13 0.07 0.10 0.21 0.18 0.17 0.03 0.14 0.27 0.18 0.09 0.08 0.02 0.25 0.25 0.05 0.26 0.09 0.12 0.33 0.21 0.14 0.07 0.14 0.11 0.13 0.06 0.36 0.02 0.14 0.00 0.07 0.23 0.03 0.21 0.21 0.25 0.06 0.11 0.18 0.20 0.15 0.07 0.17 0.24 0.27 0.06 0.04 0.08 0.11 0.09 0.04
0.21 0.31 0.05 0.27 0.26 0.23 0.13 0.04 0.12 0.09 0.09 0.20 0.25 0.15 0.04 0.21 0.25 0.21 0.06 0.03 0.08 0.18 0.23 0.12 0.24 0.10 0.19 0.32 0.20 0.12 0.14 0.20 0.13 0.20 0.05 0.34 0.04 0.20 0.07 0.00 0.21 0.07 0.19 0.20 0.23 0.10 0.17 0.17 0.24 0.14 0.01 0.24 0.22 0.25 0.12 0.10 0.04 0.17 0.02 0.03
0.10 0.20 0.26 0.16 0.11 0.07 0.20 0.24 0.19 0.15 0.16 0.16 0.09 0.22 0.21 0.18 0.22 0.05 0.21 0.24 0.20 0.38 0.03 0.18 0.26 0.31 0.12 0.11 0.21 0.17 0.18 0.12 0.34 0.20 0.26 0.16 0.21 0.09 0.23 0.21 0.00 0.20 0.17 0.25 0.18 0.16 0.12 0.28 0.04 0.12 0.21 0.15 0.02 0.04 0.17 0.20 0.25 0.18 0.22 0.18
0.20 0.30 0.09 0.26 0.18 0.16 0.06 0.11 0.11 0.05 0.08 0.18 0.17 0.14 0.04 0.14 0.24 0.15 0.09 0.09 0.01 0.26 0.22 0.05 0.23 0.11 0.12 0.31 0.19 0.12 0.07 0.13 0.14 0.13 0.07 0.33 0.03 0.13 0.03 0.07 0.20 0.00 0.18 0.18 0.22 0.04 0.10 0.16 0.17 0.13 0.08 0.17 0.21 0.24 0.05 0.03 0.09 0.10 0.09 0.04
0.07 0.12 0.24 0.08 0.23 0.20 0.18 0.18 0.07 0.13 0.10 0.01 0.21 0.06 0.18 0.17 0.06 0.18 0.14 0.21 0.18 0.21 0.14 0.16 0.09 0.29 0.16 0.13 0.04 0.07 0.16 0.17 0.32 0.18 0.24 0.15 0.20 0.17 0.21 0.19 0.17 0.18 0.00 0.08 0.04 0.14 0.14 0.12 0.21 0.05 0.19 0.21 0.15 0.14 0.15 0.18 0.23 0.16 0.19 0.16
0.15 0.11 0.25 0.09 0.31 0.28 0.18 0.19 0.08 0.14 0.11 0.09 0.30 0.04 0.19 0.26 0.06 0.26 0.14 0.22 0.19 0.14 0.22 0.17 0.04 0.30 0.24 0.16 0.04 0.08 0.18 0.25 0.32 0.25 0.25 0.15 0.20 0.25 0.21 0.20 0.25 0.18 0.08 0.00 0.07 0.15 0.21 0.04 0.29 0.13 0.20 0.29 0.23 0.22 0.17 0.19 0.23 0.22 0.19 0.17
0.08 0.07 0.29 0.04 0.24 0.21 0.22 0.23 0.12 0.17 0.15 0.04 0.23 0.08 0.23 0.21 0.04 0.20 0.18 0.26 0.23 0.20 0.15 0.20 0.08 0.34 0.17 0.09 0.03 0.11 0.20 0.18 0.36 0.22 0.29 0.11 0.24 0.18 0.25 0.23 0.18 0.22 0.04 0.07 0.00 0.18 0.15 0.10 0.22 0.09 0.24 0.22 0.16 0.15 0.19 0.23 0.27 0.21 0.23 0.20
0.16 0.26 0.12 0.22 0.15 0.13 0.04 0.15 0.10 0.01 0.07 0.15 0.14 0.13 0.07 0.10 0.21 0.12 0.12 0.12 0.04 0.29 0.18 0.02 0.19 0.15 0.09 0.27 0.15 0.08 0.03 0.10 0.17 0.10 0.10 0.30 0.06 0.10 0.06 0.10 0.16 0.04 0.14 0.15 0.18 0.00 0.06 0.19 0.14 0.09 0.11 0.14 0.17 0.20 0.02 0.04 0.12 0.07 0.12 0.08
0.12 0.21 0.19 0.17 0.09 0.07 0.08 0.21 0.16 0.07 0.13 0.13 0.08 0.19 0.13 0.07 0.19 0.07 0.18 0.18 0.09 0.35 0.14 0.06 0.23 0.20 0.02 0.22 0.17 0.14 0.07 0.04 0.22 0.08 0.16 0.25 0.12 0.04 0.11 0.17 0.12 0.10 0.14 0.21 0.15 0.06 0.00 0.25 0.09 0.09 0.17 0.07 0.13 0.15 0.06 0.09 0.18 0.07 0.19 0.14
0.18 0.14 0.22 0.12 0.34 0.32 0.21 0.16 0.09 0.17 0.12 0.12 0.33 0.06 0.17 0.29 0.08 0.30 0.12 0.20 0.16 0.10 0.26 0.20 0.07 0.27 0.27 0.19 0.07 0.12 0.22 0.29 0.30 0.28 0.22 0.17 0.17 0.29 0.18 0.17 0.28 0.16 0.12 0.04 0.10 0.19 0.25 0.00 0.33 0.17 0.17 0.32 0.26 0.26 0.21 0.19 0.21 0.26 0.17 0.14
0.14 0.25 0.26 0.20 0.08 0.04 0.17 0.28 0.24 0.15 0.21 0.21 0.06 0.27 0.21 0.15 0.27 0.03 0.26 0.26 0.17 0.42 0.07 0.15 0.30 0.28 0.09 0.14 0.25 0.21 0.15 0.09 0.31 0.17 0.24 0.21 0.20 0.06 0.20 0.24 0.04 0.17 0.21 0.29 0.22 0.14 0.09 0.33 0.00 0.16 0.25 0.12 0.06 0.07 0.14 0.17 0.26 0.15 0.26 0.21
0.07 0.17 0.19 0.13 0.17 0.15 0.13 0.13 0.08 0.08 0.05 0.06 0.17 0.11 0.14 0.12 0.11 0.13 0.10 0.17 0.13 0.27 0.09 0.11 0.14 0.24 0.11 0.18 0.09 0.05 0.11 0.12 0.27 0.13 0.19 0.20 0.15 0.12 0.15 0.14 0.12 0.13 0.05 0.13 0.09 0.09 0.09 0.17 0.16 0.00 0.14 0.16 0.10 0.11 0.10 0.13 0.18 0.11 0.14 0.11
0.21 0.31 0.05 0.27 0.26 0.24 0.14 0.04 0.12 0.10 0.09 0.20 0.25 0.15 0.04 0.21 0.26 0.22 0.06 0.02 0.09 0.18 0.23 0.12 0.24 0.10 0.20 0.32 0.20 0.13 0.14 0.21 0.12 0.21 0.05 0.35 0.05 0.21 0.07 0.01 0.21 0.08 0.19 0.20 0.24 0.11 0.17 0.17 0.25 0.14 0.00 0.25 0.23 0.25 0.13 0.11 0.04 0.18 0.02 0.03
0.15 0.24 0.26 0.21 0.04 0.08 0.11 0.28 0.24 0.15 0.21 0.20 0.06 0.27 0.20 0.04 0.27 0.10 0.26 0.25 0.16 0.42 0.17 0.12 0.30 0.20 0.05 0.26 0.25 0.21 0.10 0.04 0.19 0.05 0.24 0.28 0.19 0.06 0.17 0.24 0.15 0.17 0.21 0.29 0.22 0.14 0.07 0.32 0.12 0.16 0.25 0.00 0.16 0.19 0.12 0.14 0.26 0.07 0.26 0.21
0.08 0.18 0.28 0.14 0.12 0.08 0.21 0.22 0.17 0.16 0.15 0.14 0.10 0.21 0.22 0.20 0.21 0.06 0.20 0.25 0.21 0.36 0.01 0.19 0.24 0.33 0.14 0.10 0.19 0.15 0.19 0.13 0.35 0.21 0.28 0.15 0.23 0.10 0.24 0.22 0.02 0.21 0.15 0.23 0.16 0.17 0.13 0.26 0.06 0.10 0.23 0.16 0.00 0.03 0.18 0.21 0.26 0.20 0.22 0.19
0.07 0.17 0.30 0.13 0.15 0.11 0.24 0.24 0.17 0.19 0.16 0.14 0.12 0.20 0.25 0.23 0.20 0.09 0.20 0.28 0.24 0.36 0.02 0.22 0.23 0.35 0.16 0.07 0.18 0.14 0.22 0.15 0.38 0.24 0.30 0.14 0.26 0.13 0.27 0.25 0.04 0.24 0.14 0.22 0.15 0.20 0.15 0.26 0.07 0.11 0.25 0.19 0.03 0.00 0.21 0.24 0.29 0.22 0.25 0.22
0.17 0.27 0.14 0.23 0.14 0.11 0.03 0.16 0.12 0.03 0.09 0.15 0.12 0.15 0.09 0.09 0.21 0.12 0.14 0.14 0.04 0.31 0.19 0.01 0.20 0.14 0.07 0.28 0.16 0.09 0.02 0.08 0.17 0.08 0.12 0.30 0.07 0.08 0.06 0.12 0.17 0.05 0.15 0.17 0.19 0.02 0.06 0.21 0.14 0.10 0.13 0.12 0.18 0.21 0.00 0.03 0.14 0.05 0.14 0.10
0.20 0.30 0.12 0.26 0.15 0.14 0.03 0.15 0.11 0.05 0.08 0.19 0.14 0.15 0.07 0.10 0.25 0.15 0.12 0.12 0.03 0.29 0.22 0.03 0.23 0.11 0.09 0.31 0.19 0.12 0.03 0.10 0.14 0.10 0.10 0.34 0.06 0.11 0.04 0.10 0.20 0.03 0.18 0.19 0.23 0.04 0.09 0.19 0.17 0.13 0.11 0.14 0.21 0.24 0.03 0.00 0.12 0.07 0.12 0.08
0.25 0.34 0.02 0.31 0.27 0.25 0.15 0.04 0.15 0.11 0.12 0.23 0.26 0.19 0.05 0.22 0.29 0.23 0.09 0.01 0.10 0.17 0.27 0.14 0.28 0.07 0.21 0.36 0.24 0.16 0.15 0.22 0.09 0.21 0.02 0.38 0.06 0.22 0.08 0.04 0.25 0.09 0.23 0.23 0.27 0.12 0.18 0.21 0.26 0.18 0.04 0.26 0.26 0.29 0.14 0.12 0.00 0.19 0.04 0.07
0.18 0.28 0.20 0.24 0.08 0.12 0.04 0.21 0.17 0.08 0.14 0.17 0.10 0.20 0.14 0.03 0.23 0.14 0.19 0.19 0.10 0.36 0.20 0.06 0.23 0.14 0.06 0.29 0.18 0.14 0.04 0.07 0.15 0.03 0.17 0.32 0.13 0.09 0.11 0.17 0.18 0.10 0.16 0.22 0.21 0.07 0.07 0.26 0.15 0.11 0.18 0.07 0.20 0.22 0.05 0.07 0.19 0.00 0.20 0.15
0.21 0.30 0.06 0.27 0.28 0.25 0.15 0.02 0.12 0.11 0.09 0.19 0.27 0.15 0.06 0.23 0.25 0.24 0.05 0.03 0.10 0.16 0.23 0.14 0.24 0.11 0.21 0.32 0.20 0.12 0.16 0.22 0.13 0.22 0.06 0.34 0.07 0.22 0.09 0.02 0.22 0.09 0.19 0.19 0.23 0.12 0.19 0.17 0.26 0.14 0.02 0.26 0.22 0.25 0.14 0.12 0.04 0.20 0.00 0.05
0.18 0.28 0.08 0.24 0.23 0.21 0.10 0.07 0.09 0.07 0.06 0.17 0.22 0.12 0.03 0.18 0.22 0.19 0.04 0.06 0.05 0.21 0.20 0.09 0.21 0.13 0.16 0.29 0.17 0.10 0.11 0.17 0.16 0.17 0.08 0.31 0.04 0.17 0.04 0.03 0.18 0.04 0.16 0.17 0.20 0.08 0.14 0.14 0.21 0.11 0.03 0.21 0.19 0.22 0.10 0.08 0.07 0.15 0.05 0.00
Team_tasks_times:
Team 0:
1: 4.00 2.00 0.75 4.00 0.75
2: 4.00 2.00 0.75 4.00 0.75
3: 1000.00 1.00 4.00
4: 2.00
5: 1000.00 1.00 4.00
6: 1000.00 1.00 4.00
7: 4.00 2.00 0.75 4.00 0.75
8: 4.00 2.00 0.75 4.00 0.75
9: 2.00
10: 1000.00 1.00 4.00
11: 4.00 2.00 0.75 4.00 0.75
12: 1000.00 1.00 4.00
13: 1000.00 1.00 4.00
14: 2.00
15: 2.00
16: 4.00 2.00 0.75 4.00 0.75
17: 2.00
18: 4.00 2.00 0.75 4.00 0.75
19: 4.00 2.00 0.75 4.00 0.75
20: 1000.00 1.00 4.00
21: 1000.00 1.00 4.00
22: 2.00
23: 4.00 2.00 0.75 4.00 0.75
24: 2.00
25: 2.00
26: 4.00 2.00 0.75 4.00 0.75
27: 4.00 2.00 0.75 4.00 0.75
28: 1000.00 1.00 4.00
29: 2.00
30: 2.00
31: 4.00 2.00 0.75 4.00 0.75
32: 4.00 2.00 0.75 4.00 0.75
33: 1000.00 1.00 4.00
34: 1000.00 1.00 4.00
35: 1000.00 1.00 4.00
36: 4.00 2.00 0.75 4.00 0.75
37: 1000.00 1.00 4.00
38: 2.00
39: 2.00
40: 4.00 2.00 0.75 4.00 0.75
41: 2.00
42: 1000.00 1.00 4.00
43: 1000.00 1.00 4.00
44: 2.00
45: 2.00
46: 4.00 2.00 0.75 4.00 0.75
47: 4.00 2.00 0.75 4.00 0.75
48: 2.00
49: 4.00 2.00 0.75 4.00 0.75
50: 1000.00 1.00 4.00
51: 2.00
52: 2.00
53: 1000.00 1.00 4.00
54: 1000.00 1.00 4.00
55: 2.00
56: 2.00
57: 1000.00 1.00 4.00
58: 1000.00 1.00 4.00
59: 2.00
Team 1:
1: 3.00 2.00 0.75 3.00 0.75
2: 3.00 2.00 0.75 3.00 0.75
3: 1.50 2.00 2000.00
4: 2.00
5: 1.50 2.00 2000.00
6: 1.50 2.00 2000.00
7: 3.00 2.00 0.75 3.00 0.75
8: 3.00 2.00 0.75 3.00 0.75
9: 2.00
10: 1.50 2.00 2000.00
11: 3.00 2.00 0.75 3.00 0.75
12: 1.50 2.00 2000.00
13: 1.50 2.00 2000.00
14: 2.00
15: 2.00
16: 3.00 2.00 0.75 3.00 0.75
17: 2.00
18: 3.00 2.00 0.75 3.00 0.75
19: 3.00 2.00 0.75 3.00 0.75
20: 1.50 2.00 2000.00
21: 1.50 2.00 2000.00
22: 2.00
23: 3.00 2.00 0.75 3.00 0.75
24: 2.00
25: 2.00
26: 3.00 2.00 0.75 3.00 0.75
27: 3.00 2.00 0.75 3.00 0.75
28: 1.50 2.00 2000.00
29: 2.00
30: 2.00
31: 3.00 2.00 0.75 3.00 0.75
32: 3.00 2.00 0.75 3.00 0.75
33: 1.50 2.00 2000.00
34: 1.50 2.00 2000.00
35: 1.50 2.00 2000.00
36: 3.00 2.00 0.75 3.00 0.75
37: 1.50 2.00 2000.00
38: 2.00
39: 2.00
40: 3.00 2.00 0.75 3.00 0.75
41: 2.00
42: 1.50 2.00 2000.00
43: 1.50 2.00 2000.00
44: 2.00
45: 2.00
46: 3.00 2.00 0.75 3.00 0.75
47: 3.00 2.00 0.75 3.00 0.75
48: 2.00
49: 3.00 2.00 0.75 3.00 0.75
50: 1.50 2.00 2000.00
51: 2.00
52: 2.00
53: 1.50 2.00 2000.00
54: 1.50 2.00 2000.00
55: 2.00
56: 2.00
57: 1.50 2.00 2000.00
58: 1.50 2.00 2000.00
59: 2.00
Team 2:
1: 1.00 1.00 1.50 2.00 1.50
2: 1.00 1.00 1.50 2.00 1.50
3: 2000.00 2.00 500.00
4: 1.50
5: 2000.00 2.00 500.00
6: 2000.00 2.00 500.00
7: 1.00 1.00 1.50 2.00 1.50
8: 1.00 1.00 1.50 2.00 1.50
9: 1.50
10: 2000.00 2.00 500.00
11: 1.00 1.00 1.50 2.00 1.50
12: 2000.00 2.00 500.00
13: 2000.00 2.00 500.00
14: 1.50
15: 1.50
16: 1.00 1.00 1.50 2.00 1.50
17: 1.50
18: 1.00 1.00 1.50 2.00 1.50
19: 1.00 1.00 1.50 2.00 1.50
20: 2000.00 2.00 500.00
21: 2000.00 2.00 500.00
22: 1.50
23: 1.00 1.00 1.50 2.00 1.50
24: 1.50
25: 1.50
26: 1.00 1.00 1.50 2.00 1.50
27: 1.00 1.00 1.50 2.00 1.50
28: 2000.00 2.00 500.00
29: 1.50
30: 1.50
31: 1.00 1.00 1.50 2.00 1.50
32: 1.00 1.00 1.50 2.00 1.50
33: 2000.00 2.00 500.00
34: 2000.00 2.00 500.00
35: 2000.00 2.00 500.00
36: 1.00 1.00 1.50 2.00 1.50
37: 2000.00 2.00 500.00
38: 1.50
39: 1.50
40: 1.00 1.00 1.50 2.00 1.50
41: 1.50
42: 2000.00 2.00 500.00
43: 2000.00 2.00 500.00
44: 1.50
45: 1.50
46: 1.00 1.00 1.50 2.00 1.50
47: 1.00 1.00 1.50 2.00 1.50
48: 1.50
49: 1.00 1.00 1.50 2.00 1.50
50: 2000.00 2.00 500.00
51: 1.50
52: 1.50
53: 2000.00 2.00 500.00
54: 2000.00 2.00 500.00
55: 1.50
56: 1.50
57: 2000.00 2.00 500.00
58: 2000.00 2.00 500.00
59: 1.50
