Number_of_customers: 70
Number_of_teams: 3
Number_of_services: 3
Customers_requested_services:
2 2 1 0 2 1 2 0 2 0 0 0 0 1 1 2 2 0 2 1 1 1 1 0 2 1 0 0 2 0 2 0 0 1 1 1 0 0 0 2 0 1 1 0 1 0 0 2 2 1 2 0 2 1 2 2 0 2 1 2 1 1 1 0 0 0 0 1 0
Daily_available_time: 8
Service 0:
Number_of_tasks: 1
Dependencies:
0: 
Service 1:
Number_of_tasks: 3
Dependencies:
0: 2
1: 2
2: 
Service 2:
Number_of_tasks: 5
Dependencies:
0: 
1: 0 2 3 4
2: 
3: 
4: 
Travel_times:
0.00 0.20 0.02 0.16 0.14 0.13 0.13 0.10 0.23 0.17 0.25 0.21 0.07 0.18 0.11 0.09 0.20 0.23 0.07 0.19 0.16 0.20 0.20 0.29 0.17 0.27 0.19 0.27 0.21 0.13 0.20 0.15 0.25 0.05 0.13 0.30 0.07 0.12 0.19 0.31 0.06 0.29 0.29 0.11 0.18 0.23 0.22 0.33 0.08 0.20 0.18 0.25 0.18 0.10 0.18 0.29 0.16 0.20 0.18 0.15 0.10 0.30 0.07 0.26 0.17 0.04 0.36 0.32 0.24 0.10
0.20 0.00 0.22 0.04 0.15 0.21 0.07 0.10 0.05 0.04 0.06 0.04 0.17 0.04 0.20 0.12 0.17 0.14 0.28 0.14 0.11 0.02 0.05 0.11 0.05 0.08 0.15 0.07 0.17 0.17 0.16 0.06 0.04 0.17 0.16 0.10 0.25 0.08 0.15 0.11 0.24 0.10 0.09 0.15 0.15 0.03 0.18 0.13 0.28 0.03 0.16 0.05 0.14 0.14 0.14 0.08 0.04 0.15 0.07 0.05 0.10 0.09 0.14 0.11 0.13 0.24 0.15 0.12 0.21 0.12
0.02 0.22 0.00 0.17 0.16 0.12 0.14 0.12 0.24 0.18 0.27 0.23 0.06 0.20 0.10 0.10 0.21 0.24 0.06 0.21 0.17 0.21 0.21 0.31 0.18 0.28 0.18 0.28 0.23 0.12 0.19 0.16 0.26 0.06 0.12 0.31 0.06 0.14 0.20 0.33 0.05 0.31 0.30 0.12 0.17 0.25 0.21 0.35 0.07 0.21 0.17 0.26 0.20 0.09 0.17 0.30 0.17 0.21 0.20 0.17 0.12 0.31 0.08 0.27 0.15 0.02 0.37 0.34 0.23 0.12
0.16 0.04 0.17 0.00 0.17 0.17 0.07 0.11 0.07 0.02 0.10 0.06 0.12 0.02 0.15 0.12 0.15 0.16 0.23 0.15 0.09 0.04 0.04 0.13 0.03 0.11 0.14 0.11 0.15 0.12 0.14 0.01 0.09 0.12 0.12 0.14 0.21 0.03 0.13 0.15 0.20 0.14 0.13 0.17 0.12 0.07 0.16 0.17 0.24 0.05 0.12 0.09 0.16 0.09 0.12 0.13 0.04 0.17 0.09 0.03 0.06 0.14 0.09 0.10 0.11 0.19 0.20 0.17 0.18 0.14
0.14 0.15 0.16 0.17 0.00 0.25 0.11 0.06 0.20 0.19 0.21 0.12 0.18 0.19 0.22 0.06 0.32 0.08 0.22 0.05 0.26 0.14 0.20 0.26 0.20 0.12 0.31 0.12 0.32 0.25 0.31 0.17 0.12 0.11 0.25 0.15 0.19 0.18 0.30 0.17 0.18 0.25 0.15 0.08 0.30 0.13 0.33 0.21 0.22 0.12 0.29 0.20 0.04 0.21 0.29 0.18 0.14 0.05 0.08 0.14 0.19 0.21 0.11 0.26 0.28 0.18 0.21 0.21 0.36 0.04
0.13 0.21 0.12 0.17 0.25 0.00 0.14 0.19 0.23 0.17 0.26 0.22 0.06 0.19 0.03 0.20 0.20 0.24 0.07 0.23 0.17 0.21 0.20 0.30 0.18 0.27 0.12 0.28 0.22 0.04 0.09 0.15 0.25 0.18 0.05 0.31 0.06 0.13 0.19 0.32 0.07 0.30 0.30 0.25 0.17 0.24 0.16 0.34 0.10 0.20 0.05 0.25 0.24 0.07 0.12 0.29 0.17 0.25 0.19 0.16 0.11 0.30 0.14 0.27 0.10 0.11 0.36 0.33 0.15 0.21
0.13 0.07 0.14 0.07 0.11 0.14 0.00 0.05 0.10 0.09 0.12 0.09 0.09 0.09 0.12 0.06 0.21 0.10 0.20 0.09 0.15 0.07 0.10 0.16 0.09 0.14 0.20 0.14 0.21 0.14 0.21 0.06 0.12 0.09 0.14 0.17 0.18 0.07 0.20 0.18 0.17 0.17 0.16 0.11 0.19 0.11 0.23 0.21 0.21 0.07 0.19 0.12 0.10 0.11 0.19 0.16 0.03 0.11 0.06 0.04 0.08 0.17 0.06 0.15 0.17 0.16 0.23 0.20 0.25 0.07
0.10 0.10 0.12 0.11 0.06 0.19 0.05 0.00 0.15 0.13 0.15 0.11 0.12 0.14 0.16 0.01 0.26 0.12 0.17 0.09 0.20 0.10 0.15 0.20 0.14 0.17 0.25 0.17 0.26 0.19 0.25 0.11 0.15 0.06 0.19 0.20 0.15 0.12 0.24 0.21 0.14 0.19 0.19 0.06 0.24 0.13 0.27 0.23 0.18 0.10 0.24 0.15 0.09 0.15 0.24 0.18 0.08 0.10 0.09 0.08 0.13 0.20 0.05 0.20 0.22 0.14 0.26 0.22 0.30 0.03
0.23 0.05 0.24 0.07 0.20 0.23 0.10 0.15 0.00 0.06 0.03 0.09 0.19 0.04 0.22 0.16 0.11 0.20 0.30 0.19 0.07 0.07 0.03 0.07 0.06 0.13 0.12 0.09 0.12 0.19 0.14 0.08 0.09 0.19 0.18 0.07 0.28 0.10 0.10 0.09 0.27 0.07 0.06 0.20 0.09 0.07 0.13 0.11 0.31 0.09 0.18 0.02 0.20 0.16 0.11 0.06 0.07 0.21 0.12 0.07 0.12 0.07 0.16 0.05 0.13 0.26 0.13 0.10 0.15 0.17
0.17 0.04 0.18 0.02 0.19 0.17 0.09 0.13 0.06 0.00 0.09 0.07 0.13 0.01 0.16 0.15 0.12 0.18 0.24 0.17 0.07 0.06 0.03 0.12 0.01 0.12 0.12 0.10 0.13 0.13 0.12 0.02 0.08 0.13 0.12 0.13 0.22 0.04 0.11 0.14 0.21 0.12 0.12 0.19 0.11 0.07 0.14 0.17 0.25 0.07 0.12 0.08 0.18 0.10 0.10 0.12 0.06 0.19 0.11 0.05 0.07 0.13 0.10 0.09 0.09 0.20 0.19 0.15 0.17 0.16
0.25 0.06 0.27 0.10 0.21 0.26 0.12 0.15 0.03 0.09 0.00 0.09 0.22 0.07 0.25 0.17 0.11 0.20 0.33 0.19 0.10 0.07 0.06 0.05 0.08 0.13 0.15 0.09 0.11 0.21 0.17 0.11 0.09 0.21 0.21 0.06 0.30 0.13 0.10 0.07 0.29 0.04 0.07 0.21 0.10 0.07 0.12 0.08 0.33 0.09 0.21 0.01 0.20 0.19 0.14 0.03 0.10 0.21 0.12 0.10 0.15 0.04 0.18 0.05 0.16 0.29 0.10 0.07 0.15 0.17
0.21 0.04 0.23 0.06 0.12 0.22 0.09 0.11 0.09 0.07 0.09 0.00 0.18 0.08 0.21 0.12 0.20 0.11 0.29 0.10 0.14 0.02 0.09 0.14 0.08 0.05 0.19 0.06 0.20 0.17 0.20 0.07 0.03 0.17 0.17 0.09 0.26 0.09 0.18 0.10 0.25 0.13 0.07 0.15 0.18 0.02 0.21 0.12 0.29 0.02 0.18 0.09 0.11 0.15 0.18 0.07 0.06 0.12 0.03 0.06 0.11 0.09 0.15 0.14 0.16 0.25 0.14 0.11 0.24 0.11
0.07 0.17 0.06 0.12 0.18 0.06 0.09 0.12 0.19 0.13 0.22 0.18 0.00 0.15 0.04 0.14 0.16 0.19 0.11 0.17 0.12 0.16 0.16 0.26 0.14 0.23 0.12 0.23 0.18 0.06 0.13 0.11 0.21 0.12 0.06 0.26 0.09 0.09 0.15 0.28 0.07 0.26 0.25 0.18 0.12 0.20 0.15 0.30 0.12 0.16 0.11 0.21 0.17 0.03 0.11 0.25 0.12 0.18 0.15 0.12 0.07 0.26 0.07 0.22 0.10 0.07 0.32 0.29 0.17 0.15
0.18 0.04 0.20 0.02 0.19 0.19 0.09 0.14 0.04 0.01 0.07 0.08 0.15 0.00 0.17 0.15 0.12 0.18 0.26 0.18 0.06 0.06 0.02 0.11 0.01 0.12 0.11 0.09 0.12 0.14 0.12 0.04 0.07 0.14 0.14 0.12 0.23 0.06 0.11 0.13 0.22 0.11 0.11 0.19 0.10 0.06 0.14 0.15 0.26 0.07 0.14 0.07 0.18 0.12 0.10 0.11 0.06 0.20 0.11 0.05 0.08 0.12 0.11 0.08 0.09 0.21 0.17 0.14 0.16 0.16
0.11 0.20 0.10 0.15 0.22 0.03 0.12 0.16 0.22 0.16 0.25 0.21 0.04 0.17 0.00 0.17 0.18 0.22 0.08 0.21 0.15 0.19 0.19 0.28 0.16 0.26 0.10 0.26 0.21 0.03 0.09 0.14 0.24 0.15 0.04 0.29 0.06 0.12 0.17 0.30 0.05 0.29 0.28 0.22 0.15 0.23 0.15 0.33 0.09 0.19 0.07 0.24 0.21 0.06 0.11 0.28 0.15 0.22 0.18 0.15 0.09 0.29 0.11 0.25 0.09 0.09 0.35 0.32 0.14 0.19
0.09 0.12 0.10 0.12 0.06 0.20 0.06 0.01 0.16 0.15 0.17 0.12 0.14 0.15 0.17 0.00 0.27 0.14 0.16 0.11 0.21 0.11 0.16 0.21 0.15 0.18 0.26 0.18 0.27 0.20 0.27 0.12 0.16 0.05 0.20 0.21 0.14 0.13 0.26 0.22 0.13 0.21 0.20 0.04 0.25 0.15 0.29 0.25 0.17 0.11 0.25 0.16 0.10 0.17 0.25 0.20 0.09 0.11 0.10 0.10 0.14 0.21 0.07 0.21 0.23 0.12 0.27 0.24 0.31 0.02
0.20 0.17 0.21 0.15 0.32 0.20 0.21 0.26 0.11 0.12 0.11 0.20 0.16 0.12 0.18 0.27 0.00 0.31 0.27 0.30 0.06 0.18 0.11 0.10 0.12 0.24 0.09 0.20 0.02 0.15 0.11 0.15 0.20 0.25 0.15 0.17 0.24 0.14 0.02 0.18 0.23 0.10 0.17 0.32 0.04 0.18 0.04 0.14 0.27 0.20 0.15 0.11 0.31 0.13 0.08 0.13 0.18 0.32 0.23 0.17 0.13 0.11 0.21 0.07 0.10 0.23 0.18 0.13 0.04 0.29
0.23 0.14 0.24 0.16 0.08 0.24 0.10 0.12 0.20 0.18 0.20 0.11 0.19 0.18 0.22 0.14 0.31 0.00 0.30 0.03 0.25 0.13 0.20 0.25 0.19 0.07 0.30 0.11 0.31 0.24 0.30 0.16 0.11 0.19 0.24 0.14 0.28 0.17 0.29 0.13 0.27 0.24 0.13 0.16 0.29 0.12 0.32 0.21 0.31 0.11 0.29 0.20 0.04 0.21 0.29 0.17 0.13 0.03 0.07 0.13 0.18 0.20 0.16 0.25 0.27 0.26 0.13 0.20 0.35 0.12
0.07 0.28 0.06 0.23 0.22 0.07 0.20 0.17 0.30 0.24 0.33 0.29 0.11 0.26 0.08 0.16 0.27 0.30 0.00 0.27 0.23 0.27 0.27 0.37 0.25 0.34 0.18 0.34 0.29 0.11 0.16 0.22 0.32 0.12 0.12 0.37 0.03 0.20 0.26 0.39 0.04 0.37 0.36 0.18 0.23 0.31 0.23 0.41 0.04 0.27 0.12 0.32 0.26 0.14 0.19 0.36 0.23 0.27 0.26 0.23 0.17 0.37 0.14 0.33 0.17 0.05 0.43 0.40 0.22 0.18
0.19 0.14 0.21 0.15 0.05 0.23 0.09 0.09 0.19 0.17 0.19 0.10 0.17 0.18 0.21 0.11 0.30 0.03 0.27 0.00 0.24 0.12 0.19 0.24 0.18 0.07 0.29 0.10 0.30 0.23 0.30 0.15 0.10 0.15 0.23 0.13 0.24 0.16 0.29 0.12 0.23 0.23 0.12 0.13 0.28 0.12 0.32 0.20 0.27 0.10 0.28 0.19 0.01 0.20 0.28 0.17 0.12 0.02 0.07 0.12 0.17 0.19 0.12 0.24 0.26 0.23 0.16 0.20 0.34 0.09
0.16 0.11 0.17 0.09 0.26 0.17 0.15 0.20 0.07 0.07 0.10 0.14 0.12 0.06 0.15 0.21 0.06 0.25 0.23 0.24 0.00 0.12 0.05 0.13 0.06 0.18 0.05 0.14 0.06 0.12 0.07 0.09 0.14 0.19 0.12 0.14 0.21 0.08 0.04 0.15 0.20 0.14 0.13 0.26 0.04 0.12 0.07 0.17 0.24 0.14 0.11 0.09 0.25 0.09 0.04 0.13 0.12 0.26 0.17 0.12 0.07 0.14 0.15 0.10 0.06 0.19 0.20 0.17 0.10 0.23
0.20 0.02 0.21 0.04 0.14 0.21 0.07 0.10 0.07 0.06 0.07 0.02 0.16 0.06 0.19 0.11 0.18 0.13 0.27 0.12 0.12 0.00 0.07 0.12 0.06 0.07 0.17 0.07 0.18 0.16 0.17 0.05 0.05 0.16 0.15 0.10 0.25 0.07 0.17 0.11 0.24 0.11 0.09 0.14 0.16 0.04 0.20 0.14 0.28 0.02 0.16 0.07 0.13 0.13 0.16 0.09 0.04 0.14 0.05 0.04 0.10 0.10 0.13 0.12 0.14 0.23 0.16 0.12 0.22 0.11
0.20 0.05 0.21 0.04 0.20 0.20 0.10 0.15 0.03 0.03 0.06 0.09 0.16 0.02 0.19 0.16 0.11 0.20 0.27 0.19 0.05 0.07 0.00 0.10 0.03 0.13 0.10 0.09 0.12 0.16 0.11 0.05 0.09 0.16 0.15 0.10 0.25 0.07 0.10 0.12 0.24 0.10 0.09 0.20 0.09 0.07 0.13 0.14 0.28 0.09 0.15 0.05 0.20 0.13 0.09 0.09 0.07 0.21 0.12 0.06 0.10 0.10 0.13 0.06 0.10 0.23 0.16 0.13 0.15 0.17
0.29 0.11 0.31 0.13 0.26 0.30 0.16 0.20 0.07 0.12 0.05 0.14 0.26 0.11 0.28 0.21 0.10 0.25 0.37 0.24 0.13 0.12 0.10 0.00 0.12 0.18 0.18 0.14 0.07 0.25 0.21 0.15 0.14 0.25 0.25 0.11 0.34 0.17 0.11 0.12 0.33 0.01 0.12 0.26 0.13 0.13 0.14 0.04 0.37 0.14 0.25 0.06 0.25 0.23 0.17 0.07 0.13 0.26 0.17 0.14 0.19 0.05 0.22 0.03 0.20 0.33 0.12 0.05 0.14 0.23
0.17 0.05 0.18 0.03 0.20 0.18 0.09 0.14 0.06 0.01 0.08 0.08 0.14 0.01 0.16 0.15 0.12 0.19 0.25 0.18 0.06 0.06 0.03 0.12 0.00 0.12 0.11 0.10 0.12 0.13 0.11 0.03 0.08 0.13 0.13 0.13 0.22 0.04 0.10 0.14 0.21 0.12 0.12 0.20 0.10 0.07 0.13 0.16 0.25 0.08 0.12 0.07 0.19 0.11 0.10 0.12 0.06 0.20 0.12 0.06 0.07 0.12 0.10 0.09 0.08 0.21 0.18 0.15 0.16 0.17
0.27 0.08 0.28 0.11 0.12 0.27 0.14 0.17 0.13 0.12 0.13 0.05 0.23 0.12 0.26 0.18 0.24 0.07 0.34 0.07 0.18 0.07 0.13 0.18 0.12 0.00 0.23 0.04 0.25 0.23 0.24 0.12 0.04 0.23 0.22 0.07 0.32 0.14 0.23 0.07 0.31 0.17 0.07 0.20 0.22 0.06 0.26 0.14 0.35 0.07 0.22 0.13 0.08 0.20 0.22 0.11 0.11 0.07 0.08 0.11 0.17 0.14 0.20 0.18 0.21 0.30 0.09 0.14 0.28 0.16
0.19 0.15 0.18 0.14 0.31 0.12 0.20 0.25 0.12 0.12 0.15 0.19 0.12 0.11 0.10 0.26 0.09 0.30 0.18 0.29 0.05 0.17 0.10 0.18 0.11 0.23 0.00 0.19 0.11 0.07 0.03 0.14 0.19 0.24 0.07 0.19 0.16 0.13 0.07 0.20 0.15 0.18 0.18 0.31 0.05 0.17 0.04 0.23 0.19 0.19 0.06 0.14 0.30 0.09 0.01 0.18 0.17 0.31 0.22 0.17 0.12 0.19 0.20 0.15 0.03 0.17 0.25 0.21 0.05 0.28
0.27 0.07 0.28 0.11 0.12 0.28 0.14 0.17 0.09 0.10 0.09 0.06 0.23 0.09 0.26 0.18 0.20 0.11 0.34 0.10 0.14 0.07 0.09 0.14 0.10 0.04 0.19 0.00 0.20 0.23 0.20 0.12 0.02 0.23 0.23 0.03 0.32 0.14 0.18 0.04 0.31 0.13 0.03 0.21 0.18 0.04 0.21 0.10 0.35 0.07 0.22 0.09 0.11 0.20 0.18 0.07 0.11 0.12 0.08 0.12 0.17 0.09 0.20 0.14 0.17 0.30 0.09 0.10 0.24 0.17
0.21 0.17 0.23 0.15 0.32 0.22 0.21 0.26 0.12 0.13 0.11 0.20 0.18 0.12 0.21 0.27 0.02 0.31 0.29 0.30 0.06 0.18 0.12 0.07 0.12 0.25 0.11 0.20 0.00 0.18 0.13 0.15 0.20 0.25 0.17 0.17 0.27 0.14 0.03 0.18 0.26 0.08 0.18 0.32 0.06 0.19 0.06 0.12 0.30 0.20 0.17 0.12 0.31 0.15 0.10 0.14 0.18 0.32 0.24 0.18 0.13 0.11 0.21 0.06 0.12 0.25 0.18 0.11 0.07 0.29
0.13 0.17 0.12 0.12 0.25 0.04 0.14 0.19 0.19 0.13 0.21 0.17 0.06 0.14 0.03 0.20 0.15 0.24 0.11 0.23 0.12 0.16 0.16 0.25 0.13 0.23 0.07 0.23 0.18 0.00 0.07 0.11 0.21 0.18 0.01 0.26 0.09 0.09 0.15 0.27 0.08 0.26 0.25 0.25 0.12 0.20 0.12 0.30 0.12 0.16 0.05 0.21 0.24 0.03 0.08 0.25 0.12 0.25 0.16 0.12 0.06 0.26 0.14 0.22 0.06 0.11 0.32 0.29 0.11 0.21
0.20 0.16 0.19 0.14 0.31 0.09 0.21 0.25 0.14 0.12 0.17 0.20 0.13 0.12 0.09 0.27 0.11 0.30 0.16 0.30 0.07 0.17 0.11 0.21 0.11 0.24 0.03 0.20 0.13 0.07 0.00 0.14 0.19 0.25 0.07 0.21 0.13 0.13 0.10 0.23 0.14 0.21 0.21 0.31 0.07 0.18 0.07 0.25 0.16 0.19 0.04 0.16 0.30 0.10 0.03 0.20 0.17 0.31 0.23 0.17 0.12 0.21 0.20 0.17 0.03 0.18 0.27 0.24 0.07 0.28
0.15 0.06 0.16 0.01 0.17 0.15 0.06 0.11 0.08 0.02 0.11 0.07 0.11 0.04 0.14 0.12 0.15 0.16 0.22 0.15 0.09 0.05 0.05 0.15 0.03 0.12 0.14 0.12 0.15 0.11 0.14 0.00 0.10 0.11 0.10 0.15 0.20 0.02 0.13 0.17 0.18 0.15 0.14 0.17 0.13 0.09 0.16 0.19 0.23 0.05 0.12 0.10 0.16 0.08 0.12 0.14 0.03 0.17 0.09 0.03 0.04 0.15 0.08 0.11 0.11 0.18 0.21 0.18 0.19 0.14
0.25 0.04 0.26 0.09 0.12 0.25 0.12 0.15 0.09 0.08 0.09 0.03 0.21 0.07 0.24 0.16 0.20 0.11 0.32 0.10 0.14 0.05 0.09 0.14 0.08 0.04 0.19 0.02 0.20 0.21 0.19 0.10 0.00 0.21 0.20 0.05 0.30 0.12 0.18 0.07 0.29 0.13 0.04 0.18 0.18 0.01 0.21 0.10 0.33 0.05 0.20 0.09 0.11 0.18 0.17 0.07 0.09 0.12 0.06 0.09 0.15 0.09 0.18 0.14 0.16 0.28 0.11 0.09 0.24 0.14
0.05 0.17 0.06 0.12 0.11 0.18 0.09 0.06 0.19 0.13 0.21 0.17 0.12 0.14 0.15 0.05 0.25 0.19 0.12 0.15 0.19 0.16 0.16 0.25 0.13 0.23 0.24 0.23 0.25 0.18 0.25 0.11 0.21 0.00 0.18 0.26 0.12 0.11 0.24 0.27 0.11 0.26 0.25 0.07 0.23 0.20 0.27 0.30 0.12 0.16 0.23 0.21 0.15 0.15 0.23 0.25 0.12 0.16 0.15 0.12 0.12 0.26 0.04 0.22 0.21 0.07 0.32 0.29 0.29 0.07
0.13 0.16 0.12 0.12 0.25 0.05 0.14 0.19 0.18 0.12 0.21 0.17 0.06 0.14 0.04 0.20 0.15 0.24 0.12 0.23 0.12 0.15 0.15 0.25 0.13 0.22 0.07 0.23 0.17 0.01 0.07 0.10 0.20 0.18 0.00 0.26 0.09 0.08 0.14 0.27 0.08 0.25 0.25 0.25 0.12 0.19 0.11 0.29 0.12 0.15 0.05 0.20 0.24 0.03 0.07 0.24 0.12 0.25 0.16 0.11 0.06 0.25 0.14 0.21 0.05 0.11 0.31 0.28 0.11 0.21
0.30 0.10 0.31 0.14 0.15 0.31 0.17 0.20 0.07 0.13 0.06 0.09 0.26 0.12 0.29 0.21 0.17 0.14 0.37 0.13 0.14 0.10 0.10 0.11 0.13 0.07 0.19 0.03 0.17 0.26 0.21 0.15 0.05 0.26 0.26 0.00 0.35 0.17 0.15 0.01 0.34 0.10 0.01 0.24 0.15 0.07 0.18 0.07 0.38 0.10 0.25 0.06 0.14 0.23 0.18 0.04 0.14 0.15 0.11 0.15 0.20 0.06 0.23 0.11 0.20 0.33 0.06 0.07 0.21 0.20
0.07 0.25 0.06 0.21 0.19 0.06 0.18 0.15 0.28 0.22 0.30 0.26 0.09 0.23 0.06 0.14 0.24 0.28 0.03 0.24 0.21 0.25 0.25 0.34 0.22 0.32 0.16 0.32 0.27 0.09 0.13 0.20 0.30 0.12 0.09 0.35 0.00 0.17 0.23 0.36 0.01 0.34 0.34 0.18 0.21 0.28 0.20 0.38 0.04 0.25 0.11 0.30 0.24 0.12 0.17 0.34 0.21 0.25 0.24 0.20 0.15 0.35 0.12 0.31 0.15 0.05 0.40 0.37 0.20 0.15
0.12 0.08 0.14 0.03 0.18 0.13 0.07 0.12 0.10 0.04 0.13 0.09 0.09 0.06 0.12 0.13 0.14 0.17 0.20 0.16 0.08 0.07 0.07 0.17 0.04 0.14 0.13 0.14 0.14 0.09 0.13 0.02 0.12 0.11 0.08 0.17 0.17 0.00 0.12 0.18 0.17 0.17 0.16 0.18 0.12 0.11 0.15 0.21 0.21 0.07 0.12 0.12 0.17 0.06 0.12 0.16 0.04 0.18 0.10 0.04 0.03 0.17 0.07 0.13 0.10 0.16 0.23 0.20 0.18 0.15
0.19 0.15 0.20 0.13 0.30 0.19 0.20 0.24 0.10 0.11 0.10 0.18 0.15 0.11 0.17 0.26 0.02 0.29 0.26 0.29 0.04 0.17 0.10 0.11 0.10 0.23 0.07 0.18 0.03 0.15 0.10 0.13 0.18 0.24 0.14 0.15 0.23 0.12 0.00 0.16 0.22 0.11 0.16 0.30 0.03 0.17 0.03 0.15 0.26 0.18 0.14 0.10 0.29 0.12 0.07 0.12 0.17 0.30 0.22 0.16 0.11 0.11 0.19 0.07 0.09 0.22 0.17 0.14 0.06 0.27
0.31 0.11 0.33 0.15 0.17 0.32 0.18 0.21 0.09 0.14 0.07 0.10 0.28 0.13 0.30 0.22 0.18 0.13 0.39 0.12 0.15 0.11 0.12 0.12 0.14 0.07 0.20 0.04 0.18 0.27 0.23 0.17 0.07 0.27 0.27 0.01 0.36 0.18 0.16 0.00 0.35 0.11 0.02 0.25 0.16 0.08 0.19 0.08 0.39 0.12 0.27 0.07 0.13 0.25 0.20 0.04 0.15 0.14 0.12 0.16 0.21 0.07 0.24 0.12 0.21 0.35 0.04 0.07 0.22 0.21
0.06 0.24 0.05 0.20 0.18 0.07 0.17 0.14 0.27 0.21 0.29 0.25 0.07 0.22 0.05 0.13 0.23 0.27 0.04 0.23 0.20 0.24 0.24 0.33 0.21 0.31 0.15 0.31 0.26 0.08 0.14 0.18 0.29 0.11 0.08 0.34 0.01 0.17 0.22 0.35 0.00 0.33 0.33 0.17 0.20 0.27 0.19 0.37 0.04 0.24 0.12 0.29 0.23 0.11 0.15 0.33 0.20 0.24 0.23 0.19 0.14 0.34 0.11 0.30 0.14 0.04 0.40 0.36 0.19 0.14
0.29 0.10 0.31 0.14 0.25 0.30 0.17 0.19 0.07 0.12 0.04 0.13 0.26 0.11 0.29 0.21 0.10 0.24 0.37 0.23 0.14 0.11 0.10 0.01 0.12 0.17 0.18 0.13 0.08 0.26 0.21 0.15 0.13 0.26 0.25 0.10 0.34 0.17 0.11 0.11 0.33 0.00 0.11 0.25 0.14 0.12 0.14 0.04 0.37 0.13 0.25 0.05 0.24 0.23 0.18 0.06 0.14 0.25 0.16 0.14 0.19 0.04 0.23 0.04 0.20 0.33 0.11 0.04 0.15 0.21
0.29 0.09 0.30 0.13 0.15 0.30 0.16 0.19 0.06 0.12 0.07 0.07 0.25 0.11 0.28 0.20 0.17 0.13 0.36 0.12 0.13 0.09 0.09 0.12 0.12 0.07 0.18 0.03 0.18 0.25 0.21 0.14 0.04 0.25 0.25 0.01 0.34 0.16 0.16 0.02 0.33 0.11 0.00 0.23 0.15 0.06 0.19 0.07 0.37 0.09 0.24 0.06 0.13 0.22 0.17 0.04 0.13 0.14 0.10 0.14 0.19 0.07 0.22 0.12 0.19 0.32 0.07 0.07 0.21 0.18
0.11 0.15 0.12 0.17 0.08 0.25 0.11 0.06 0.20 0.19 0.21 0.15 0.18 0.19 0.22 0.04 0.32 0.16 0.18 0.13 0.26 0.14 0.20 0.26 0.20 0.20 0.31 0.21 0.32 0.25 0.31 0.17 0.18 0.07 0.25 0.24 0.18 0.18 0.30 0.25 0.17 0.25 0.23 0.00 0.30 0.17 0.33 0.27 0.15 0.13 0.29 0.20 0.12 0.21 0.29 0.22 0.14 0.13 0.12 0.14 0.19 0.23 0.11 0.26 0.28 0.13 0.29 0.26 0.36 0.04
0.18 0.15 0.17 0.12 0.30 0.17 0.19 0.24 0.09 0.11 0.10 0.18 0.12 0.10 0.15 0.25 0.04 0.29 0.23 0.28 0.04 0.16 0.09 0.13 0.10 0.22 0.05 0.18 0.06 0.12 0.07 0.13 0.18 0.23 0.12 0.15 0.21 0.12 0.03 0.16 0.20 0.14 0.15 0.30 0.00 0.17 0.04 0.17 0.24 0.18 0.11 0.09 0.29 0.09 0.04 0.13 0.16 0.30 0.21 0.15 0.11 0.14 0.18 0.10 0.06 0.19 0.20 0.17 0.06 0.27
0.23 0.03 0.25 0.07 0.13 0.24 0.11 0.13 0.07 0.07 0.07 0.02 0.20 0.06 0.23 0.15 0.18 0.12 0.31 0.12 0.12 0.04 0.07 0.13 0.07 0.06 0.17 0.04 0.19 0.20 0.18 0.09 0.01 0.20 0.19 0.07 0.28 0.11 0.17 0.08 0.27 0.12 0.06 0.17 0.17 0.00 0.20 0.10 0.31 0.04 0.19 0.07 0.12 0.17 0.16 0.05 0.07 0.13 0.05 0.08 0.13 0.08 0.17 0.12 0.15 0.27 0.12 0.09 0.23 0.13
0.22 0.18 0.21 0.16 0.33 0.16 0.23 0.27 0.13 0.14 0.12 0.21 0.15 0.14 0.15 0.29 0.04 0.32 0.23 0.32 0.07 0.20 0.13 0.14 0.13 0.26 0.04 0.21 0.06 0.12 0.07 0.16 0.21 0.27 0.11 0.18 0.20 0.15 0.03 0.19 0.19 0.14 0.19 0.33 0.04 0.20 0.00 0.18 0.23 0.21 0.11 0.13 0.32 0.12 0.04 0.15 0.20 0.33 0.25 0.19 0.14 0.14 0.22 0.11 0.06 0.20 0.20 0.17 0.03 0.30
0.33 0.13 0.35 0.17 0.21 0.34 0.21 0.23 0.11 0.17 0.08 0.12 0.30 0.15 0.33 0.25 0.14 0.21 0.41 0.20 0.17 0.14 0.14 0.04 0.16 0.14 0.23 0.10 0.12 0.30 0.25 0.19 0.10 0.30 0.29 0.07 0.38 0.21 0.15 0.08 0.37 0.04 0.07 0.27 0.17 0.10 0.18 0.00 0.41 0.14 0.29 0.09 0.21 0.27 0.22 0.05 0.17 0.22 0.15 0.18 0.23 0.04 0.27 0.07 0.24 0.37 0.08 0.01 0.18 0.23
0.08 0.28 0.07 0.24 0.22 0.10 0.21 0.18 0.31 0.25 0.33 0.29 0.12 0.26 0.09 0.17 0.27 0.31 0.04 0.27 0.24 0.28 0.28 0.37 0.25 0.35 0.19 0.35 0.30 0.12 0.16 0.23 0.33 0.12 0.12 0.38 0.04 0.21 0.26 0.39 0.04 0.37 0.37 0.15 0.24 0.31 0.23 0.41 0.00 0.28 0.15 0.33 0.27 0.15 0.20 0.37 0.24 0.28 0.27 0.23 0.18 0.38 0.15 0.34 0.17 0.04 0.44 0.40 0.23 0.18
0.20 0.03 0.21 0.05 0.12 0.20 0.07 0.10 0.09 0.07 0.09 0.02 0.16 0.07 0.19 0.11 0.20 0.11 0.27 0.10 0.14 0.02 0.09 0.14 0.08 0.07 0.19 0.07 0.20 0.16 0.19 0.05 0.05 0.16 0.15 0.10 0.25 0.07 0.18 0.12 0.24 0.13 0.09 0.13 0.18 0.04 0.21 0.14 0.28 0.00 0.17 0.09 0.11 0.13 0.17 0.09 0.04 0.12 0.04 0.04 0.10 0.10 0.13 0.14 0.16 0.23 0.16 0.13 0.24 0.09
0.18 0.16 0.17 0.12 0.29 0.05 0.19 0.24 0.18 0.12 0.21 0.18 0.11 0.14 0.07 0.25 0.15 0.29 0.12 0.28 0.11 0.16 0.15 0.25 0.12 0.22 0.06 0.22 0.17 0.05 0.04 0.12 0.20 0.23 0.05 0.25 0.11 0.12 0.14 0.27 0.12 0.25 0.24 0.29 0.11 0.19 0.11 0.29 0.15 0.17 0.00 0.20 0.29 0.08 0.07 0.24 0.16 0.30 0.21 0.15 0.11 0.25 0.18 0.21 0.05 0.16 0.31 0.28 0.10 0.26
0.25 0.05 0.26 0.09 0.20 0.25 0.12 0.15 0.02 0.08 0.01 0.09 0.21 0.07 0.24 0.16 0.11 0.20 0.32 0.19 0.09 0.07 0.05 0.06 0.07 0.13 0.14 0.09 0.12 0.21 0.16 0.10 0.09 0.21 0.20 0.06 0.30 0.12 0.10 0.07 0.29 0.05 0.06 0.20 0.09 0.07 0.13 0.09 0.33 0.09 0.20 0.00 0.20 0.18 0.13 0.04 0.09 0.21 0.12 0.09 0.15 0.05 0.18 0.05 0.15 0.28 0.11 0.08 0.15 0.17
0.18 0.14 0.20 0.16 0.04 0.24 0.10 0.09 0.20 0.18 0.20 0.11 0.17 0.18 0.21 0.10 0.31 0.04 0.26 0.01 0.25 0.13 0.20 0.25 0.19 0.08 0.30 0.11 0.31 0.24 0.30 0.16 0.11 0.15 0.24 0.14 0.24 0.17 0.29 0.13 0.23 0.24 0.13 0.12 0.29 0.12 0.32 0.21 0.27 0.11 0.29 0.20 0.00 0.21 0.29 0.17 0.13 0.01 0.07 0.13 0.18 0.20 0.12 0.25 0.27 0.22 0.17 0.20 0.35 0.08
0.10 0.14 0.09 0.09 0.21 0.07 0.11 0.15 0.16 0.10 0.19 0.15 0.03 0.12 0.06 0.17 0.13 0.21 0.14 0.20 0.09 0.13 0.13 0.23 0.11 0.20 0.09 0.20 0.15 0.03 0.10 0.08 0.18 0.15 0.03 0.23 0.12 0.06 0.12 0.25 0.11 0.23 0.22 0.21 0.09 0.17 0.12 0.27 0.15 0.13 0.08 0.18 0.21 0.00 0.08 0.22 0.09 0.21 0.13 0.09 0.04 0.23 0.10 0.19 0.07 0.10 0.29 0.26 0.14 0.18
0.18 0.14 0.17 0.12 0.29 0.12 0.19 0.24 0.11 0.10 0.14 0.18 0.11 0.10 0.11 0.25 0.08 0.29 0.19 0.28 0.04 0.16 0.09 0.17 0.10 0.22 0.01 0.18 0.10 0.08 0.03 0.12 0.17 0.23 0.07 0.18 0.17 0.12 0.07 0.20 0.15 0.18 0.17 0.29 0.04 0.16 0.04 0.22 0.20 0.17 0.07 0.13 0.29 0.08 0.00 0.17 0.16 0.30 0.21 0.15 0.11 0.18 0.18 0.14 0.02 0.16 0.24 0.21 0.06 0.26
0.29 0.08 0.30 0.13 0.18 0.29 0.16 0.18 0.06 0.12 0.03 0.07 0.25 0.11 0.28 0.20 0.13 0.17 0.36 0.17 0.13 0.09 0.09 0.07 0.12 0.11 0.18 0.07 0.14 0.25 0.20 0.14 0.07 0.25 0.24 0.04 0.34 0.16 0.12 0.04 0.33 0.06 0.04 0.22 0.13 0.05 0.15 0.05 0.37 0.09 0.24 0.04 0.17 0.22 0.17 0.00 0.13 0.18 0.10 0.13 0.18 0.03 0.22 0.07 0.19 0.32 0.07 0.04 0.17 0.18
0.16 0.04 0.17 0.04 0.14 0.17 0.03 0.08 0.07 0.06 0.10 0.06 0.12 0.06 0.15 0.09 0.18 0.13 0.23 0.12 0.12 0.04 0.07 0.13 0.06 0.11 0.17 0.11 0.18 0.12 0.17 0.03 0.09 0.12 0.12 0.14 0.21 0.04 0.17 0.15 0.20 0.14 0.13 0.14 0.16 0.07 0.20 0.17 0.24 0.04 0.16 0.09 0.13 0.09 0.16 0.13 0.00 0.14 0.05 0.01 0.06 0.14 0.09 0.12 0.14 0.19 0.20 0.17 0.22 0.11
0.20 0.15 0.21 0.17 0.05 0.25 0.11 0.10 0.21 0.19 0.21 0.12 0.18 0.20 0.22 0.11 0.32 0.03 0.27 0.02 0.26 0.14 0.21 0.26 0.20 0.07 0.31 0.12 0.32 0.25 0.31 0.17 0.12 0.16 0.25 0.15 0.25 0.18 0.30 0.14 0.24 0.25 0.14 0.13 0.30 0.13 0.33 0.22 0.28 0.12 0.30 0.21 0.01 0.21 0.30 0.18 0.14 0.00 0.09 0.14 0.19 0.21 0.13 0.26 0.28 0.23 0.16 0.21 0.36 0.09
0.18 0.07 0.20 0.09 0.08 0.19 0.06 0.09 0.12 0.11 0.12 0.03 0.15 0.11 0.18 0.10 0.23 0.07 0.26 0.07 0.17 0.05 0.12 0.17 0.12 0.08 0.22 0.08 0.24 0.16 0.23 0.09 0.06 0.15 0.16 0.11 0.24 0.10 0.22 0.12 0.23 0.16 0.10 0.12 0.21 0.05 0.25 0.15 0.27 0.04 0.21 0.12 0.07 0.13 0.21 0.10 0.05 0.09 0.00 0.06 0.11 0.12 0.12 0.17 0.20 0.22 0.17 0.14 0.27 0.08
0.15 0.05 0.17 0.03 0.14 0.16 0.04 0.08 0.07 0.05 0.10 0.06 0.12 0.05 0.15 0.10 0.17 0.13 0.23 0.12 0.12 0.04 0.06 0.14 0.06 0.11 0.17 0.12 0.18 0.12 0.17 0.03 0.09 0.12 0.11 0.15 0.20 0.04 0.16 0.16 0.19 0.14 0.14 0.14 0.15 0.08 0.19 0.18 0.23 0.04 0.15 0.09 0.13 0.09 0.15 0.13 0.01 0.14 0.06 0.00 0.05 0.14 0.09 0.12 0.14 0.19 0.20 0.17 0.21 0.11
0.10 0.10 0.12 0.06 0.19 0.11 0.08 0.13 0.12 0.07 0.15 0.11 0.07 0.08 0.09 0.14 0.13 0.18 0.17 0.17 0.07 0.10 0.10 0.19 0.07 0.17 0.12 0.17 0.13 0.06 0.12 0.04 0.15 0.12 0.06 0.20 0.15 0.03 0.11 0.21 0.14 0.19 0.19 0.19 0.11 0.13 0.14 0.23 0.18 0.10 0.11 0.15 0.18 0.04 0.11 0.18 0.06 0.19 0.11 0.05 0.00 0.20 0.08 0.16 0.09 0.14 0.26 0.22 0.17 0.16
0.30 0.09 0.31 0.14 0.21 0.30 0.17 0.20 0.07 0.13 0.04 0.09 0.26 0.12 0.29 0.21 0.11 0.20 0.37 0.19 0.14 0.10 0.10 0.05 0.12 0.14 0.19 0.09 0.11 0.26 0.21 0.15 0.09 0.26 0.25 0.06 0.35 0.17 0.11 0.07 0.34 0.04 0.07 0.23 0.14 0.08 0.14 0.04 0.38 0.10 0.25 0.05 0.20 0.23 0.18 0.03 0.14 0.21 0.12 0.14 0.20 0.00 0.23 0.05 0.20 0.33 0.07 0.03 0.15 0.19
0.07 0.14 0.08 0.09 0.11 0.14 0.06 0.05 0.16 0.10 0.18 0.15 0.07 0.11 0.11 0.07 0.21 0.16 0.14 0.12 0.15 0.13 0.13 0.22 0.10 0.20 0.20 0.20 0.21 0.14 0.20 0.08 0.18 0.04 0.14 0.23 0.12 0.07 0.19 0.24 0.11 0.23 0.22 0.11 0.18 0.17 0.22 0.27 0.15 0.13 0.18 0.18 0.12 0.10 0.18 0.22 0.09 0.13 0.12 0.09 0.08 0.23 0.00 0.19 0.17 0.10 0.29 0.26 0.25 0.08
0.26 0.11 0.27 0.10 0.26 0.27 0.15 0.20 0.05 0.09 0.05 0.14 0.22 0.08 0.25 0.21 0.07 0.25 0.33 0.24 0.10 0.12 0.06 0.03 0.09 0.18 0.15 0.14 0.06 0.22 0.17 0.11 0.14 0.22 0.21 0.11 0.31 0.13 0.07 0.12 0.30 0.04 0.12 0.26 0.10 0.12 0.11 0.07 0.34 0.14 0.21 0.05 0.25 0.19 0.14 0.07 0.12 0.26 0.17 0.12 0.16 0.05 0.19 0.00 0.16 0.29 0.12 0.07 0.11 0.23
0.17 0.13 0.15 0.11 0.28 0.10 0.17 0.22 0.13 0.09 0.16 0.16 0.10 0.09 0.09 0.23 0.10 0.27 0.17 0.26 0.06 0.14 0.10 0.20 0.08 0.21 0.03 0.17 0.12 0.06 0.03 0.11 0.16 0.21 0.05 0.20 0.15 0.10 0.09 0.21 0.14 0.20 0.19 0.28 0.06 0.15 0.06 0.24 0.17 0.16 0.05 0.15 0.27 0.07 0.02 0.19 0.14 0.28 0.20 0.14 0.09 0.20 0.17 0.16 0.00 0.15 0.26 0.23 0.08 0.25
0.04 0.24 0.02 0.19 0.18 0.11 0.16 0.14 0.26 0.20 0.29 0.25 0.07 0.21 0.09 0.12 0.23 0.26 0.05 0.23 0.19 0.23 0.23 0.33 0.21 0.30 0.17 0.30 0.25 0.11 0.18 0.18 0.28 0.07 0.11 0.33 0.05 0.16 0.22 0.35 0.04 0.33 0.32 0.13 0.19 0.27 0.20 0.37 0.04 0.23 0.16 0.28 0.22 0.10 0.16 0.32 0.19 0.23 0.22 0.19 0.14 0.33 0.10 0.29 0.15 0.00 0.39 0.36 0.22 0.14
0.36 0.15 0.37 0.20 0.21 0.36 0.23 0.26 0.13 0.19 0.10 0.14 0.32 0.17 0.35 0.27 0.18 0.13 0.43 0.16 0.20 0.16 0.16 0.12 0.18 0.09 0.25 0.09 0.18 0.32 0.27 0.21 0.11 0.32 0.31 0.06 0.40 0.23 0.17 0.04 0.40 0.11 0.07 0.29 0.20 0.12 0.20 0.08 0.44 0.16 0.31 0.11 0.17 0.29 0.24 0.07 0.20 0.16 0.17 0.20 0.26 0.07 0.29 0.12 0.26 0.39 0.00 0.07 0.22 0.25
0.32 0.12 0.34 0.17 0.21 0.33 0.20 0.22 0.10 0.15 0.07 0.11 0.29 0.14 0.32 0.24 0.13 0.20 0.40 0.20 0.17 0.12 0.13 0.05 0.15 0.14 0.21 0.10 0.11 0.29 0.24 0.18 0.09 0.29 0.28 0.07 0.37 0.20 0.14 0.07 0.36 0.04 0.07 0.26 0.17 0.09 0.17 0.01 0.40 0.13 0.28 0.08 0.20 0.26 0.21 0.04 0.17 0.21 0.14 0.17 0.22 0.03 0.26 0.07 0.23 0.36 0.07 0.00 0.17 0.22
0.24 0.21 0.23 0.18 0.36 0.15 0.25 0.30 0.15 0.17 0.15 0.24 0.17 0.16 0.14 0.31 0.04 0.35 0.22 0.34 0.10 0.22 0.15 0.14 0.16 0.28 0.05 0.24 0.07 0.11 0.07 0.19 0.24 0.29 0.11 0.21 0.20 0.18 0.06 0.22 0.19 0.15 0.21 0.36 0.06 0.23 0.03 0.18 0.23 0.24 0.10 0.15 0.35 0.14 0.06 0.17 0.22 0.36 0.27 0.21 0.17 0.15 0.25 0.11 0.08 0.22 0.22 0.17 0.00 0.33
0.10 0.12 0.12 0.14 0.04 0.21 0.07 0.03 0.17 0.16 0.17 0.11 0.15 0.16 0.19 0.02 0.29 0.12 0.18 0.09 0.23 0.11 0.17 0.23 0.17 0.16 0.28 0.17 0.29 0.21 0.28 0.14 0.14 0.07 0.21 0.20 0.15 0.15 0.27 0.21 0.14 0.21 0.18 0.04 0.27 0.13 0.30 0.23 0.18 0.09 0.26 0.17 0.08 0.18 0.26 0.18 0.11 0.09 0.08 0.11 0.16 0.19 0.08 0.23 0.25 0.14 0.25 0.22 0.33 0.00
Team_tasks_times:
Team 0:
1: 500.00 0.25 3.00 1.00 2000.00
2: 500.00 0.25 3.00 1.00 2000.00
3: 0.50 0.25 500.00
4: 4.00
5: 500.00 0.25 3.00 1.00 2000.00
6: 0.50 0.25 500.00
7: 500.00 0.25 3.00 1.00 2000.00
8: 4.00
9: 500.00 0.25 3.00 1.00 2000.00
10: 4.00
11: 4.00
12: 4.00
13: 4.00
14: 0.50 0.25 500.00
15: 0.50 0.25 500.00
16: 500.00 0.25 3.00 1.00 2000.00
17: 500.00 0.25 3.00 1.00 2000.00
18: 4.00
19: 500.00 0.25 3.00 1.00 2000.00
20: 0.50 0.25 500.00
21: 0.50 0.25 500.00
22: 0.50 0.25 500.00
23: 0.50 0.25 500.00
24: 4.00
25: 500.00 0.25 3.00 1.00 2000.00
26: 0.50 0.25 500.00
27: 4.00
28: 4.00
29: 500.00 0.25 3.00 1.00 2000.00
30: 4.00
31: 500.00 0.25 3.00 1.00 2000.00
32: 4.00
33: 4.00
34: 0.50 0.25 500.00
35: 0.50 0.25 500.00
36: 0.50 0.25 500.00
37: 4.00
38: 4.00
39: 4.00
40: 500.00 0.25 3.00 1.00 2000.00
41: 4.00
42: 0.50 0.25 500.00
43: 0.50 0.25 500.00
44: 4.00
45: 0.50 0.25 500.00
46: 4.00
47: 4.00
48: 500.00 0.25 3.00 1.00 2000.00
49: 500.00 0.25 3.00 1.00 2000.00
50: 0.50 0.25 500.00
51: 500.00 0.25 3.00 1.00 2000.00
52: 4.00
53: 500.00 0.25 3.00 1.00 2000.00
54: 0.50 0.25 500.00
55: 500.00 0.25 3.00 1.00 2000.00
56: 500.00 0.25 3.00 1.00 2000.00
57: 4.00
58: 500.00 0.25 3.00 1.00 2000.00
59: 0.50 0.25 500.00
60: 500.00 0.25 3.00 1.00 2000.00
61: 0.50 0.25 500.00
62: 0.50 0.25 500.00
63: 0.50 0.25 500.00
64: 4.00
65: 4.00
66: 4.00
67: 4.00
68: 0.50 0.25 500.00
69: 4.00
Team 1:
1: 1.50 0.25 4.00 3.00 1000.00
2: 1.50 0.25 4.00 3.00 1000.00
3: 3.00 1.50 500.00
4: 0.50
5: 1.50 0.25 4.00 3.00 1000.00
6: 3.00 1.50 500.00
7: 1.50 0.25 4.00 3.00 1000.00
8: 0.50
9: 1.50 0.25 4.00 3.00 1000.00
10: 0.50
11: 0.50
12: 0.50
13: 0.50
14: 3.00 1.50 500.00
15: 3.00 1.50 500.00
16: 1.50 0.25 4.00 3.00 1000.00
17: 1.50 0.25 4.00 3.00 1000.00
18: 0.50
19: 1.50 0.25 4.00 3.00 1000.00
20: 3.00 1.50 500.00
21: 3.00 1.50 500.00
22: 3.00 1.50 500.00
23: 3.00 1.50 500.00
24: 0.50
25: 1.50 0.25 4.00 3.00 1000.00
26: 3.00 1.50 500.00
27: 0.50
28: 0.50
29: 1.50 0.25 4.00 3.00 1000.00
30: 0.50
31: 1.50 0.25 4.00 3.00 1000.00
32: 0.50
33: 0.50
34: 3.00 1.50 500.00
35: 3.00 1.50 500.00
36: 3.00 1.50 500.00
37: 0.50
38: 0.50
39: 0.50
40: 1.50 0.25 4.00 3.00 1000.00
41: 0.50
42: 3.00 1.50 500.00
43: 3.00 1.50 500.00
44: 0.50
45: 3.00 1.50 500.00
46: 0.50
47: 0.50
48: 1.50 0.25 4.00 3.00 1000.00
49: 1.50 0.25 4.00 3.00 1000.00
50: 3.00 1.50 500.00
51: 1.50 0.25 4.00 3.00 1000.00
52: 0.50
53: 1.50 0.25 4.00 3.00 1000.00
54: 3.00 1.50 500.00
55: 1.50 0.25 4.00 3.00 1000.00
56: 1.50 0.25 4.00 3.00 1000.00
57: 0.50
58: 1.50 0.25 4.00 3.00 1000.00
59: 3.00 1.50 500.00
60: 1.50 0.25 4.00 3.00 1000.00
61: 3.00 1.50 500.00
62: 3.00 1.50 500.00
63: 3.00 1.50 500.00
64: 0.50
65: 0.50
66: 0.50
67: 0.50
68: 3.00 1.50 500.00
69: 0.50
Team 2:
1: 1000.00 0.75 3.00 1.00 3.00
2: 1000.00 0.75 3.00 1.00 3.00
3: 1.00 1.00 0.25
4: 0.25
5: 1000.00 0.75 3.00 1.00 3.00
6: 1.00 1.00 0.25
7: 1000.00 0.75 3.00 1.00 3.00
8: 0.25
9: 1000.00 0.75 3.00 1.00 3.00
10: 0.25
11: 0.25
12: 0.25
13: 0.25
14: 1.00 1.00 0.25
15: 1.00 1.00 0.25
16: 1000.00 0.75 3.00 1.00 3.00
17: 1000.00 0.75 3.00 1.00 3.00
18: 0.25
19: 1000.00 0.75 3.00 1.00 3.00
20: 1.00 1.00 0.25
21: 1.00 1.00 0.25
22: 1.00 1.00 0.25
23: 1.00 1.00 0.25
24: 0.25
25: 1000.00 0.75 3.00 1.00 3.00
26: 1.00 1.00 0.25
27: 0.25
28: 0.25
29: 1000.00 0.75 3.00 1.00 3.00
30: 0.25
31: 1000.00 0.75 3.00 1.00 3.00
32: 0.25
33: 0.25
34: 1.00 1.00 0.25
35: 1.00 1.00 0.25
36: 1.00 1.00 0.25
37: 0.25
38: 0.25
39: 0.25
40: 1000.00 0.75 3.00 1.00 3.00
41: 0.25
42: 1.00 1.00 0.25
43: 1.00 1.00 0.25
44: 0.25
45: 1.00 1.00 0.25
46: 0.25
47: 0.25
48: 1000.00 0.75 3.00 1.00 3.00
49: 1000.00 0.75 3.00 1.00 3.00
50: 1.00 1.00 0.25
51: 1000.00 0.75 3.00 1.00 3.00
52: 0.25
53: 1000.00 0.75 3.00 1.00 3.00
54: 1.00 1.00 0.25
55: 1000.00 0.75 3.00 1.00 3.00
56: 1000.00 0.75 3.00 1.00 3.00
57: 0.25
58: 1000.00 0.75 3.00 1.00 3.00
59: 1.00 1.00 0.25
60: 1000.00 0.75 3.00 1.00 3.00
61: 1.00 1.00 0.25
62: 1.00 1.00 0.25
63: 1.00 1.00 0.25
64: 0.25
65: 0.25
66: 0.25
67: 0.25
68: 1.00 1.00 0.25
69: 0.25
