Number_of_customers: 80
Number_of_teams: 3
Number_of_services: 3
Customers_requested_services:
0 1 1 0 0 2 2 0 2 1 0 0 1 1 0 0 1 1 0 1 2 0 2 1 1 2 2 1 1 1 1 1 1 0 0 1 2 0 2 1 1 0 0 1 1 2 2 2 1 0 1 2 2 2 0 1 1 2 2 2 1 1 1 2 2 1 1 2 0 2 0 1 2 1 1 2 1 1 1
Daily_available_time: 8
Service 0:
Number_of_tasks: 1
Dependencies:
0: 
Service 1:
Number_of_tasks: 3
Dependencies:
0: 
1: 0 2
2: 
Service 2:
Number_of_tasks: 5
Dependencies:
0: 4
1: 4
2: 4
3: 4
4: 
Travel_times:
0.00 0.17 0.23 0.09 0.18 0.17 0.21 0.20 0.06 0.11 0.07 0.13 0.19 0.10 0.14 0.29 0.11 0.20 0.04 0.10 0.25 0.10 0.09 0.13 0.18 0.16 0.19 0.05 0.22 0.07 0.15 0.21 0.31 0.32 0.12 0.11 0.15 0.15 0.15 0.07 0.07 0.17 0.14 0.10 0.09 0.11 0.10 0.21 0.18 0.08 0.07 0.28 0.05 0.03 0.12 0.16 0.18 0.16 0.19 0.19 0.06 0.11 0.18 0.19 0.13 0.13 0.15 0.22 0.10 0.11 0.06 0.16 0.18 0.08 0.09 0.07 0.13 0.13 0.13 0.19
0.17 0.00 0.40 0.15 0.36 0.20 0.38 0.38 0.23 0.28 0.24 0.26 0.22 0.20 0.18 0.47 0.07 0.37 0.17 0.19 0.42 0.07 0.27 0.30 0.16 0.33 0.37 0.12 0.29 0.25 0.24 0.39 0.48 0.49 0.30 0.09 0.18 0.33 0.22 0.21 0.25 0.34 0.27 0.14 0.09 0.29 0.27 0.25 0.35 0.15 0.25 0.45 0.23 0.21 0.25 0.22 0.36 0.27 0.37 0.37 0.15 0.21 0.29 0.28 0.04 0.04 0.33 0.39 0.27 0.14 0.22 0.33 0.21 0.25 0.27 0.24 0.30 0.15 0.23 0.24
0.23 0.40 0.00 0.26 0.17 0.26 0.11 0.05 0.18 0.12 0.16 0.15 0.28 0.20 0.23 0.09 0.34 0.05 0.23 0.21 0.02 0.33 0.14 0.15 0.24 0.18 0.11 0.28 0.13 0.15 0.24 0.09 0.08 0.09 0.13 0.32 0.24 0.12 0.24 0.19 0.15 0.09 0.14 0.26 0.32 0.14 0.17 0.16 0.08 0.26 0.16 0.09 0.17 0.20 0.21 0.25 0.04 0.25 0.04 0.04 0.26 0.20 0.27 0.12 0.36 0.36 0.08 0.12 0.13 0.26 0.18 0.08 0.19 0.15 0.18 0.17 0.10 0.25 0.21 0.28
0.09 0.15 0.26 0.00 0.21 0.27 0.24 0.23 0.08 0.13 0.10 0.11 0.29 0.06 0.23 0.32 0.08 0.23 0.13 0.20 0.28 0.07 0.12 0.16 0.09 0.18 0.22 0.04 0.15 0.10 0.25 0.24 0.33 0.34 0.15 0.06 0.24 0.18 0.24 0.16 0.11 0.20 0.12 0.01 0.07 0.15 0.17 0.12 0.21 0.17 0.13 0.31 0.11 0.09 0.21 0.25 0.21 0.25 0.22 0.22 0.03 0.06 0.27 0.14 0.11 0.11 0.18 0.25 0.12 0.20 0.15 0.18 0.09 0.11 0.18 0.09 0.15 0.04 0.22 0.29
0.18 0.36 0.17 0.21 0.00 0.16 0.07 0.23 0.14 0.07 0.11 0.21 0.14 0.18 0.18 0.11 0.29 0.12 0.18 0.16 0.15 0.28 0.13 0.05 0.26 0.02 0.07 0.23 0.30 0.15 0.12 0.09 0.12 0.14 0.06 0.27 0.17 0.05 0.14 0.14 0.11 0.08 0.23 0.21 0.27 0.07 0.08 0.30 0.09 0.21 0.11 0.10 0.13 0.15 0.11 0.13 0.14 0.09 0.19 0.17 0.21 0.20 0.09 0.28 0.31 0.31 0.15 0.05 0.08 0.21 0.14 0.25 0.27 0.10 0.09 0.15 0.21 0.21 0.12 0.11
0.17 0.20 0.26 0.27 0.16 0.00 0.18 0.31 0.23 0.14 0.18 0.30 0.02 0.27 0.04 0.27 0.24 0.21 0.14 0.07 0.24 0.27 0.21 0.11 0.35 0.14 0.17 0.22 0.39 0.23 0.04 0.19 0.28 0.29 0.13 0.29 0.02 0.14 0.03 0.10 0.15 0.17 0.31 0.28 0.19 0.12 0.09 0.39 0.18 0.10 0.14 0.26 0.16 0.17 0.05 0.03 0.23 0.07 0.28 0.26 0.24 0.29 0.10 0.37 0.17 0.20 0.24 0.20 0.17 0.07 0.12 0.33 0.36 0.15 0.08 0.24 0.30 0.30 0.04 0.04
0.21 0.38 0.11 0.24 0.07 0.18 0.00 0.16 0.16 0.10 0.14 0.15 0.17 0.18 0.21 0.08 0.32 0.06 0.21 0.19 0.09 0.31 0.12 0.08 0.22 0.07 0.02 0.26 0.24 0.13 0.15 0.02 0.10 0.11 0.09 0.30 0.20 0.06 0.17 0.17 0.13 0.04 0.16 0.24 0.30 0.10 0.11 0.23 0.03 0.24 0.14 0.07 0.15 0.17 0.14 0.16 0.07 0.14 0.12 0.11 0.24 0.17 0.16 0.21 0.34 0.34 0.09 0.02 0.11 0.24 0.16 0.18 0.20 0.13 0.12 0.15 0.15 0.23 0.15 0.17
0.20 0.38 0.05 0.23 0.23 0.31 0.16 0.00 0.15 0.17 0.13 0.12 0.33 0.17 0.28 0.14 0.31 0.10 0.20 0.24 0.07 0.30 0.11 0.21 0.21 0.23 0.16 0.25 0.08 0.12 0.30 0.14 0.13 0.12 0.18 0.29 0.29 0.18 0.29 0.21 0.16 0.14 0.11 0.23 0.29 0.20 0.22 0.13 0.13 0.23 0.17 0.15 0.15 0.17 0.26 0.30 0.09 0.30 0.03 0.05 0.23 0.17 0.32 0.09 0.33 0.33 0.07 0.18 0.14 0.25 0.20 0.05 0.17 0.16 0.23 0.14 0.07 0.23 0.27 0.33
0.06 0.23 0.18 0.08 0.14 0.23 0.16 0.15 0.00 0.09 0.04 0.07 0.25 0.04 0.19 0.24 0.16 0.15 0.09 0.16 0.20 0.15 0.04 0.12 0.12 0.15 0.14 0.10 0.16 0.03 0.21 0.17 0.26 0.27 0.10 0.14 0.21 0.10 0.20 0.12 0.07 0.12 0.09 0.08 0.14 0.11 0.14 0.16 0.13 0.13 0.09 0.23 0.07 0.05 0.17 0.21 0.14 0.21 0.14 0.14 0.08 0.06 0.23 0.14 0.18 0.18 0.10 0.17 0.06 0.16 0.11 0.11 0.13 0.07 0.15 0.02 0.07 0.07 0.18 0.25
0.11 0.28 0.12 0.13 0.07 0.14 0.10 0.17 0.09 0.00 0.05 0.17 0.16 0.13 0.10 0.18 0.21 0.09 0.11 0.09 0.15 0.21 0.08 0.03 0.21 0.06 0.09 0.15 0.25 0.10 0.12 0.11 0.20 0.21 0.02 0.19 0.12 0.05 0.11 0.07 0.03 0.06 0.17 0.14 0.19 0.02 0.05 0.25 0.07 0.13 0.04 0.17 0.05 0.07 0.09 0.12 0.09 0.12 0.14 0.12 0.13 0.15 0.14 0.23 0.24 0.24 0.11 0.11 0.03 0.14 0.06 0.20 0.22 0.03 0.06 0.11 0.17 0.17 0.09 0.16
0.07 0.24 0.16 0.10 0.11 0.18 0.14 0.13 0.04 0.05 0.00 0.12 0.21 0.09 0.15 0.22 0.17 0.13 0.07 0.12 0.18 0.17 0.03 0.08 0.17 0.11 0.12 0.12 0.21 0.05 0.17 0.15 0.24 0.25 0.06 0.15 0.16 0.09 0.16 0.08 0.03 0.10 0.13 0.10 0.15 0.07 0.10 0.20 0.11 0.10 0.05 0.21 0.03 0.04 0.13 0.17 0.12 0.17 0.12 0.12 0.10 0.10 0.19 0.18 0.20 0.20 0.08 0.15 0.03 0.12 0.07 0.15 0.17 0.03 0.10 0.06 0.12 0.12 0.14 0.21
0.13 0.26 0.15 0.11 0.21 0.30 0.15 0.12 0.07 0.17 0.12 0.00 0.32 0.05 0.27 0.21 0.19 0.12 0.17 0.23 0.17 0.18 0.09 0.20 0.09 0.22 0.15 0.13 0.09 0.07 0.29 0.14 0.23 0.24 0.17 0.17 0.28 0.17 0.28 0.20 0.15 0.13 0.01 0.11 0.17 0.18 0.21 0.09 0.12 0.21 0.17 0.20 0.14 0.13 0.25 0.29 0.11 0.29 0.11 0.11 0.11 0.05 0.31 0.06 0.21 0.21 0.07 0.17 0.13 0.24 0.18 0.07 0.06 0.15 0.22 0.06 0.04 0.11 0.26 0.32
0.19 0.22 0.28 0.29 0.14 0.02 0.17 0.33 0.25 0.16 0.21 0.32 0.00 0.29 0.06 0.25 0.26 0.23 0.16 0.09 0.26 0.29 0.24 0.12 0.37 0.12 0.17 0.24 0.41 0.25 0.04 0.19 0.27 0.28 0.15 0.31 0.04 0.15 0.04 0.12 0.17 0.19 0.33 0.30 0.21 0.14 0.11 0.41 0.20 0.12 0.16 0.24 0.18 0.20 0.07 0.04 0.25 0.06 0.30 0.28 0.26 0.31 0.08 0.39 0.20 0.21 0.26 0.18 0.19 0.09 0.14 0.35 0.38 0.17 0.10 0.26 0.32 0.32 0.07 0.03
0.10 0.20 0.20 0.06 0.18 0.27 0.18 0.17 0.04 0.13 0.09 0.05 0.29 0.00 0.24 0.26 0.14 0.17 0.13 0.20 0.22 0.13 0.07 0.17 0.08 0.19 0.17 0.08 0.12 0.05 0.25 0.19 0.28 0.29 0.14 0.12 0.25 0.14 0.25 0.17 0.12 0.14 0.06 0.06 0.12 0.15 0.18 0.12 0.15 0.17 0.13 0.25 0.11 0.10 0.22 0.26 0.16 0.26 0.17 0.17 0.06 0.02 0.28 0.10 0.16 0.16 0.12 0.19 0.10 0.20 0.15 0.12 0.09 0.12 0.19 0.03 0.10 0.05 0.23 0.29
0.14 0.18 0.23 0.23 0.18 0.04 0.21 0.28 0.19 0.10 0.15 0.27 0.06 0.24 0.00 0.29 0.20 0.20 0.10 0.04 0.25 0.23 0.18 0.12 0.32 0.15 0.19 0.19 0.36 0.20 0.06 0.21 0.30 0.31 0.12 0.25 0.01 0.15 0.04 0.07 0.12 0.17 0.28 0.24 0.15 0.11 0.10 0.35 0.17 0.06 0.10 0.28 0.12 0.14 0.07 0.04 0.19 0.09 0.25 0.23 0.20 0.25 0.12 0.33 0.14 0.16 0.21 0.21 0.14 0.04 0.08 0.30 0.32 0.12 0.09 0.21 0.27 0.27 0.06 0.07
0.29 0.47 0.09 0.32 0.11 0.27 0.08 0.14 0.24 0.18 0.22 0.21 0.25 0.26 0.29 0.00 0.40 0.09 0.29 0.27 0.07 0.39 0.20 0.16 0.30 0.13 0.10 0.34 0.22 0.21 0.23 0.07 0.02 0.03 0.17 0.38 0.28 0.14 0.25 0.25 0.21 0.12 0.20 0.32 0.38 0.18 0.19 0.22 0.11 0.32 0.22 0.01 0.24 0.26 0.22 0.24 0.11 0.20 0.11 0.10 0.32 0.26 0.18 0.19 0.42 0.42 0.14 0.07 0.19 0.33 0.25 0.16 0.26 0.21 0.20 0.23 0.17 0.32 0.23 0.22
0.11 0.07 0.34 0.08 0.29 0.24 0.32 0.31 0.16 0.21 0.17 0.19 0.26 0.14 0.20 0.40 0.00 0.31 0.11 0.17 0.36 0.03 0.20 0.24 0.12 0.27 0.30 0.06 0.23 0.18 0.22 0.32 0.41 0.42 0.23 0.05 0.21 0.26 0.21 0.15 0.18 0.28 0.20 0.07 0.04 0.22 0.21 0.18 0.29 0.14 0.18 0.39 0.16 0.14 0.18 0.22 0.29 0.22 0.30 0.30 0.08 0.14 0.24 0.21 0.06 0.04 0.26 0.33 0.21 0.17 0.15 0.26 0.14 0.18 0.20 0.17 0.23 0.08 0.19 0.26
0.20 0.37 0.05 0.23 0.12 0.21 0.06 0.10 0.15 0.09 0.13 0.12 0.23 0.17 0.20 0.09 0.31 0.00 0.20 0.18 0.05 0.30 0.11 0.11 0.21 0.13 0.06 0.25 0.18 0.12 0.19 0.04 0.11 0.12 0.08 0.29 0.19 0.07 0.18 0.16 0.12 0.04 0.11 0.23 0.29 0.09 0.12 0.18 0.03 0.23 0.13 0.08 0.15 0.17 0.16 0.20 0.02 0.20 0.07 0.05 0.23 0.17 0.21 0.15 0.33 0.33 0.05 0.07 0.10 0.23 0.15 0.12 0.16 0.12 0.13 0.14 0.09 0.22 0.17 0.23
0.04 0.17 0.23 0.13 0.18 0.14 0.21 0.20 0.09 0.11 0.07 0.17 0.16 0.13 0.10 0.29 0.11 0.20 0.00 0.07 0.25 0.13 0.09 0.13 0.21 0.16 0.19 0.09 0.25 0.10 0.12 0.21 0.31 0.32 0.12 0.15 0.12 0.15 0.11 0.04 0.07 0.17 0.17 0.14 0.09 0.11 0.10 0.25 0.18 0.04 0.07 0.28 0.05 0.04 0.09 0.12 0.18 0.12 0.19 0.19 0.10 0.15 0.14 0.23 0.13 0.13 0.15 0.22 0.10 0.07 0.04 0.20 0.22 0.08 0.09 0.11 0.17 0.17 0.09 0.16
0.10 0.19 0.21 0.20 0.16 0.07 0.19 0.24 0.16 0.09 0.12 0.23 0.09 0.20 0.04 0.27 0.17 0.18 0.07 0.00 0.23 0.20 0.15 0.11 0.28 0.14 0.17 0.15 0.32 0.16 0.05 0.20 0.29 0.30 0.10 0.21 0.05 0.14 0.04 0.03 0.08 0.15 0.24 0.21 0.12 0.09 0.08 0.32 0.16 0.04 0.07 0.26 0.09 0.11 0.05 0.06 0.17 0.08 0.21 0.19 0.17 0.21 0.10 0.30 0.15 0.15 0.17 0.20 0.10 0.05 0.05 0.26 0.29 0.09 0.07 0.17 0.23 0.23 0.04 0.09
0.25 0.42 0.02 0.28 0.15 0.24 0.09 0.07 0.20 0.15 0.18 0.17 0.26 0.22 0.25 0.07 0.36 0.05 0.25 0.23 0.00 0.35 0.16 0.14 0.26 0.16 0.09 0.30 0.15 0.17 0.23 0.07 0.06 0.07 0.13 0.34 0.24 0.11 0.22 0.21 0.17 0.08 0.16 0.28 0.34 0.14 0.15 0.18 0.07 0.28 0.18 0.07 0.20 0.22 0.19 0.23 0.07 0.23 0.06 0.06 0.28 0.22 0.25 0.14 0.38 0.38 0.10 0.11 0.15 0.29 0.21 0.10 0.21 0.17 0.16 0.19 0.12 0.28 0.20 0.26
0.10 0.07 0.33 0.07 0.28 0.27 0.31 0.30 0.15 0.21 0.17 0.18 0.29 0.13 0.23 0.39 0.03 0.30 0.13 0.20 0.35 0.00 0.19 0.23 0.09 0.26 0.29 0.05 0.22 0.17 0.25 0.32 0.40 0.42 0.22 0.02 0.25 0.25 0.24 0.17 0.17 0.27 0.19 0.07 0.08 0.21 0.20 0.17 0.28 0.17 0.17 0.38 0.15 0.13 0.21 0.25 0.29 0.26 0.29 0.29 0.07 0.13 0.27 0.21 0.09 0.07 0.25 0.32 0.20 0.20 0.15 0.25 0.14 0.18 0.19 0.16 0.23 0.07 0.22 0.29
0.09 0.27 0.14 0.12 0.13 0.21 0.12 0.11 0.04 0.08 0.03 0.09 0.24 0.07 0.18 0.20 0.20 0.11 0.09 0.15 0.16 0.19 0.00 0.11 0.14 0.14 0.10 0.14 0.17 0.02 0.20 0.12 0.21 0.22 0.09 0.18 0.19 0.08 0.19 0.11 0.06 0.07 0.10 0.12 0.18 0.10 0.12 0.17 0.09 0.12 0.08 0.19 0.06 0.06 0.16 0.20 0.09 0.20 0.10 0.10 0.12 0.07 0.22 0.15 0.23 0.23 0.06 0.12 0.04 0.15 0.10 0.12 0.14 0.06 0.13 0.03 0.09 0.12 0.17 0.24
0.13 0.30 0.15 0.16 0.05 0.11 0.08 0.21 0.12 0.03 0.08 0.20 0.12 0.17 0.12 0.16 0.24 0.11 0.13 0.11 0.14 0.23 0.11 0.00 0.25 0.03 0.07 0.18 0.29 0.13 0.09 0.09 0.18 0.19 0.02 0.21 0.12 0.03 0.09 0.09 0.05 0.07 0.21 0.17 0.21 0.02 0.03 0.28 0.07 0.15 0.06 0.15 0.07 0.10 0.06 0.09 0.12 0.09 0.17 0.15 0.15 0.18 0.11 0.26 0.26 0.26 0.14 0.09 0.07 0.16 0.08 0.23 0.25 0.05 0.04 0.14 0.20 0.20 0.07 0.12
0.18 0.16 0.24 0.09 0.26 0.35 0.22 0.21 0.12 0.21 0.17 0.09 0.37 0.08 0.32 0.30 0.12 0.21 0.21 0.28 0.26 0.09 0.14 0.25 0.00 0.27 0.21 0.13 0.13 0.12 0.33 0.23 0.32 0.33 0.22 0.07 0.33 0.21 0.33 0.25 0.20 0.18 0.10 0.07 0.16 0.23 0.26 0.08 0.19 0.26 0.21 0.29 0.19 0.17 0.30 0.34 0.20 0.34 0.21 0.21 0.12 0.07 0.36 0.12 0.17 0.15 0.16 0.23 0.18 0.28 0.23 0.16 0.05 0.20 0.27 0.11 0.14 0.05 0.31 0.37
0.16 0.33 0.18 0.18 0.02 0.14 0.07 0.23 0.15 0.06 0.11 0.22 0.12 0.19 0.15 0.13 0.27 0.13 0.16 0.14 0.16 0.26 0.14 0.03 0.27 0.00 0.07 0.21 0.31 0.15 0.10 0.09 0.15 0.16 0.05 0.25 0.15 0.06 0.12 0.12 0.08 0.09 0.23 0.20 0.25 0.05 0.06 0.31 0.10 0.18 0.09 0.12 0.11 0.12 0.09 0.11 0.15 0.07 0.20 0.18 0.18 0.21 0.09 0.29 0.29 0.29 0.16 0.06 0.09 0.19 0.11 0.25 0.28 0.08 0.07 0.16 0.22 0.22 0.10 0.10
0.19 0.37 0.11 0.22 0.07 0.17 0.02 0.16 0.14 0.09 0.12 0.15 0.17 0.17 0.19 0.10 0.30 0.06 0.19 0.17 0.09 0.29 0.10 0.07 0.21 0.07 0.00 0.24 0.24 0.12 0.14 0.02 0.11 0.12 0.07 0.28 0.18 0.04 0.15 0.15 0.12 0.03 0.16 0.23 0.28 0.08 0.10 0.23 0.03 0.22 0.12 0.09 0.14 0.16 0.12 0.15 0.07 0.14 0.12 0.11 0.22 0.16 0.16 0.21 0.33 0.33 0.09 0.03 0.10 0.23 0.15 0.18 0.20 0.12 0.10 0.13 0.15 0.22 0.14 0.17
0.05 0.12 0.28 0.04 0.23 0.22 0.26 0.25 0.10 0.15 0.12 0.13 0.24 0.08 0.19 0.34 0.06 0.25 0.09 0.15 0.30 0.05 0.14 0.18 0.13 0.21 0.24 0.00 0.17 0.12 0.21 0.27 0.36 0.37 0.17 0.06 0.20 0.20 0.20 0.12 0.12 0.22 0.14 0.05 0.04 0.16 0.15 0.17 0.23 0.13 0.12 0.33 0.10 0.08 0.17 0.21 0.24 0.21 0.24 0.24 0.02 0.08 0.23 0.16 0.08 0.08 0.20 0.27 0.15 0.15 0.11 0.20 0.14 0.13 0.14 0.11 0.17 0.08 0.18 0.24
0.22 0.29 0.13 0.15 0.30 0.39 0.24 0.08 0.16 0.25 0.21 0.09 0.41 0.12 0.36 0.22 0.23 0.18 0.25 0.32 0.15 0.22 0.17 0.29 0.13 0.31 0.24 0.17 0.00 0.16 0.37 0.22 0.21 0.20 0.26 0.21 0.37 0.26 0.37 0.29 0.24 0.22 0.08 0.15 0.21 0.27 0.30 0.05 0.21 0.30 0.25 0.22 0.23 0.21 0.34 0.38 0.16 0.38 0.11 0.13 0.15 0.11 0.40 0.03 0.25 0.25 0.15 0.26 0.22 0.32 0.27 0.06 0.08 0.24 0.31 0.15 0.09 0.14 0.35 0.41
0.07 0.25 0.15 0.10 0.15 0.23 0.13 0.12 0.03 0.10 0.05 0.07 0.25 0.05 0.20 0.21 0.18 0.12 0.10 0.16 0.17 0.17 0.02 0.13 0.12 0.15 0.12 0.12 0.16 0.00 0.21 0.14 0.23 0.24 0.11 0.16 0.21 0.10 0.21 0.13 0.08 0.09 0.08 0.11 0.16 0.12 0.14 0.15 0.10 0.14 0.10 0.21 0.07 0.06 0.18 0.22 0.11 0.22 0.12 0.12 0.10 0.05 0.24 0.13 0.21 0.21 0.07 0.14 0.06 0.17 0.12 0.10 0.12 0.08 0.15 0.02 0.07 0.10 0.19 0.25
0.15 0.24 0.24 0.25 0.12 0.04 0.15 0.30 0.21 0.12 0.17 0.29 0.04 0.25 0.06 0.23 0.22 0.19 0.12 0.05 0.23 0.25 0.20 0.09 0.33 0.10 0.14 0.21 0.37 0.21 0.00 0.15 0.25 0.26 0.11 0.27 0.05 0.12 0.02 0.09 0.14 0.15 0.30 0.26 0.17 0.10 0.07 0.37 0.16 0.09 0.12 0.22 0.14 0.16 0.04 0.01 0.21 0.04 0.26 0.24 0.22 0.27 0.06 0.35 0.19 0.19 0.23 0.16 0.15 0.10 0.10 0.32 0.34 0.14 0.07 0.23 0.29 0.29 0.03 0.04
0.21 0.39 0.09 0.24 0.09 0.19 0.02 0.14 0.17 0.11 0.15 0.14 0.19 0.19 0.21 0.07 0.32 0.04 0.21 0.20 0.07 0.32 0.12 0.09 0.23 0.09 0.02 0.27 0.22 0.14 0.15 0.00 0.09 0.10 0.10 0.30 0.21 0.06 0.17 0.17 0.14 0.05 0.14 0.25 0.30 0.11 0.12 0.21 0.04 0.24 0.15 0.07 0.16 0.18 0.15 0.17 0.06 0.16 0.11 0.09 0.24 0.18 0.18 0.19 0.35 0.35 0.07 0.04 0.12 0.25 0.17 0.16 0.18 0.14 0.12 0.15 0.13 0.24 0.16 0.19
0.31 0.48 0.08 0.33 0.12 0.28 0.10 0.13 0.26 0.20 0.24 0.23 0.27 0.28 0.30 0.02 0.41 0.11 0.31 0.29 0.06 0.40 0.21 0.18 0.32 0.15 0.11 0.36 0.21 0.23 0.25 0.09 0.00 0.01 0.18 0.39 0.30 0.15 0.26 0.27 0.23 0.14 0.21 0.34 0.39 0.20 0.21 0.24 0.13 0.33 0.24 0.03 0.25 0.27 0.24 0.26 0.12 0.21 0.11 0.11 0.33 0.27 0.19 0.20 0.44 0.44 0.15 0.09 0.21 0.34 0.26 0.15 0.27 0.23 0.21 0.25 0.18 0.33 0.25 0.24
0.32 0.49 0.09 0.34 0.14 0.29 0.11 0.12 0.27 0.21 0.25 0.24 0.28 0.29 0.31 0.03 0.42 0.12 0.32 0.30 0.07 0.42 0.22 0.19 0.33 0.16 0.12 0.37 0.20 0.24 0.26 0.10 0.01 0.00 0.20 0.40 0.31 0.16 0.27 0.28 0.24 0.15 0.23 0.35 0.40 0.21 0.22 0.25 0.14 0.34 0.25 0.04 0.26 0.28 0.25 0.27 0.13 0.22 0.12 0.12 0.34 0.28 0.20 0.21 0.45 0.45 0.17 0.10 0.22 0.35 0.27 0.17 0.28 0.24 0.23 0.26 0.19 0.34 0.26 0.25
0.12 0.30 0.13 0.15 0.06 0.13 0.09 0.18 0.10 0.02 0.06 0.17 0.15 0.14 0.12 0.17 0.23 0.08 0.12 0.10 0.13 0.22 0.09 0.02 0.22 0.05 0.07 0.17 0.26 0.11 0.11 0.10 0.18 0.20 0.00 0.21 0.11 0.03 0.10 0.08 0.04 0.05 0.18 0.15 0.21 0.01 0.04 0.26 0.06 0.15 0.05 0.16 0.07 0.09 0.07 0.11 0.10 0.12 0.15 0.13 0.15 0.16 0.13 0.24 0.25 0.25 0.12 0.10 0.04 0.15 0.07 0.21 0.23 0.04 0.04 0.12 0.17 0.17 0.08 0.15
0.11 0.09 0.32 0.06 0.27 0.29 0.30 0.29 0.14 0.19 0.15 0.17 0.31 0.12 0.25 0.38 0.05 0.29 0.15 0.21 0.34 0.02 0.18 0.21 0.07 0.25 0.28 0.06 0.21 0.16 0.27 0.30 0.39 0.40 0.21 0.00 0.26 0.24 0.26 0.18 0.16 0.26 0.18 0.06 0.10 0.20 0.20 0.16 0.27 0.19 0.16 0.37 0.14 0.12 0.23 0.27 0.27 0.27 0.28 0.28 0.06 0.12 0.29 0.20 0.11 0.09 0.24 0.31 0.18 0.22 0.17 0.24 0.12 0.17 0.20 0.15 0.21 0.06 0.24 0.31
0.15 0.18 0.24 0.24 0.17 0.02 0.20 0.29 0.21 0.12 0.16 0.28 0.04 0.25 0.01 0.28 0.21 0.19 0.12 0.05 0.24 0.25 0.19 0.12 0.33 0.15 0.18 0.20 0.37 0.21 0.05 0.21 0.30 0.31 0.11 0.26 0.00 0.14 0.03 0.08 0.13 0.16 0.29 0.25 0.17 0.10 0.09 0.37 0.17 0.07 0.12 0.27 0.14 0.15 0.06 0.04 0.21 0.09 0.26 0.24 0.21 0.26 0.11 0.34 0.15 0.17 0.22 0.21 0.15 0.04 0.10 0.31 0.34 0.13 0.08 0.22 0.28 0.28 0.05 0.06
0.15 0.33 0.12 0.18 0.05 0.14 0.06 0.18 0.10 0.05 0.09 0.17 0.15 0.14 0.15 0.14 0.26 0.07 0.15 0.14 0.11 0.25 0.08 0.03 0.21 0.06 0.04 0.20 0.26 0.10 0.12 0.06 0.15 0.16 0.03 0.24 0.14 0.00 0.11 0.11 0.08 0.04 0.18 0.18 0.24 0.04 0.06 0.25 0.04 0.18 0.08 0.13 0.10 0.12 0.08 0.12 0.09 0.12 0.15 0.12 0.18 0.15 0.14 0.23 0.29 0.29 0.11 0.07 0.06 0.19 0.11 0.20 0.22 0.07 0.06 0.11 0.17 0.18 0.10 0.15
0.15 0.22 0.24 0.24 0.14 0.03 0.17 0.29 0.20 0.11 0.16 0.28 0.04 0.25 0.04 0.25 0.21 0.18 0.11 0.04 0.22 0.24 0.19 0.09 0.33 0.12 0.15 0.20 0.37 0.21 0.02 0.17 0.26 0.27 0.10 0.26 0.03 0.11 0.00 0.08 0.13 0.15 0.29 0.25 0.17 0.09 0.07 0.36 0.15 0.07 0.11 0.24 0.14 0.15 0.03 0.01 0.20 0.05 0.26 0.24 0.21 0.26 0.07 0.34 0.17 0.17 0.22 0.17 0.15 0.08 0.09 0.31 0.33 0.13 0.06 0.22 0.28 0.28 0.02 0.04
0.07 0.21 0.19 0.16 0.14 0.10 0.17 0.21 0.12 0.07 0.08 0.20 0.12 0.17 0.07 0.25 0.15 0.16 0.04 0.03 0.21 0.17 0.11 0.09 0.25 0.12 0.15 0.12 0.29 0.13 0.09 0.17 0.27 0.28 0.08 0.18 0.08 0.11 0.08 0.00 0.05 0.13 0.21 0.17 0.13 0.07 0.06 0.29 0.14 0.07 0.04 0.24 0.06 0.07 0.05 0.09 0.15 0.09 0.18 0.16 0.13 0.18 0.11 0.26 0.17 0.17 0.14 0.18 0.07 0.07 0.02 0.23 0.26 0.05 0.05 0.14 0.20 0.20 0.06 0.12
0.07 0.25 0.15 0.11 0.11 0.15 0.13 0.16 0.07 0.03 0.03 0.15 0.17 0.12 0.12 0.21 0.18 0.12 0.07 0.08 0.17 0.17 0.06 0.05 0.20 0.08 0.12 0.12 0.24 0.08 0.14 0.14 0.23 0.24 0.04 0.16 0.13 0.08 0.13 0.05 0.00 0.09 0.16 0.12 0.16 0.04 0.06 0.24 0.10 0.10 0.02 0.21 0.02 0.04 0.10 0.14 0.11 0.14 0.13 0.12 0.10 0.13 0.16 0.21 0.21 0.21 0.09 0.14 0.02 0.11 0.04 0.18 0.21 0.00 0.07 0.09 0.15 0.15 0.11 0.17
0.17 0.34 0.09 0.20 0.08 0.17 0.04 0.14 0.12 0.06 0.10 0.13 0.19 0.14 0.17 0.12 0.28 0.04 0.17 0.15 0.08 0.27 0.07 0.07 0.18 0.09 0.03 0.22 0.22 0.09 0.15 0.05 0.14 0.15 0.05 0.26 0.16 0.04 0.15 0.13 0.09 0.00 0.14 0.20 0.26 0.06 0.08 0.22 0.01 0.20 0.10 0.11 0.12 0.14 0.12 0.15 0.06 0.16 0.11 0.09 0.20 0.14 0.17 0.20 0.30 0.30 0.07 0.05 0.07 0.20 0.12 0.16 0.19 0.09 0.09 0.11 0.13 0.19 0.12 0.19
0.14 0.27 0.14 0.12 0.23 0.31 0.16 0.11 0.09 0.17 0.13 0.01 0.33 0.06 0.28 0.20 0.20 0.11 0.17 0.24 0.16 0.19 0.10 0.21 0.10 0.23 0.16 0.14 0.08 0.08 0.30 0.14 0.21 0.23 0.18 0.18 0.29 0.18 0.29 0.21 0.16 0.14 0.00 0.12 0.18 0.20 0.22 0.07 0.13 0.22 0.17 0.19 0.15 0.14 0.26 0.30 0.10 0.30 0.10 0.10 0.12 0.06 0.32 0.05 0.22 0.22 0.07 0.18 0.14 0.25 0.20 0.06 0.06 0.16 0.23 0.07 0.04 0.12 0.27 0.33
0.10 0.14 0.26 0.01 0.21 0.28 0.24 0.23 0.08 0.14 0.10 0.11 0.30 0.06 0.24 0.32 0.07 0.23 0.14 0.21 0.28 0.07 0.12 0.17 0.07 0.20 0.23 0.05 0.15 0.11 0.26 0.25 0.34 0.35 0.15 0.06 0.25 0.18 0.25 0.17 0.12 0.20 0.12 0.00 0.09 0.16 0.18 0.11 0.21 0.18 0.14 0.31 0.12 0.10 0.22 0.26 0.22 0.26 0.23 0.23 0.04 0.07 0.28 0.14 0.10 0.10 0.18 0.25 0.13 0.21 0.16 0.18 0.08 0.12 0.19 0.09 0.16 0.03 0.23 0.30
0.09 0.09 0.32 0.07 0.27 0.19 0.30 0.29 0.14 0.19 0.15 0.17 0.21 0.12 0.15 0.38 0.04 0.29 0.09 0.12 0.34 0.08 0.18 0.21 0.16 0.25 0.28 0.04 0.21 0.16 0.17 0.30 0.39 0.40 0.21 0.10 0.17 0.24 0.17 0.13 0.16 0.26 0.18 0.09 0.00 0.20 0.18 0.20 0.27 0.10 0.16 0.37 0.14 0.12 0.16 0.17 0.27 0.18 0.28 0.28 0.06 0.12 0.21 0.20 0.04 0.04 0.24 0.31 0.18 0.12 0.13 0.24 0.17 0.17 0.18 0.15 0.21 0.11 0.15 0.21
0.11 0.29 0.14 0.15 0.07 0.12 0.10 0.20 0.11 0.02 0.07 0.18 0.14 0.15 0.11 0.18 0.22 0.09 0.11 0.09 0.14 0.21 0.10 0.02 0.23 0.05 0.08 0.16 0.27 0.12 0.10 0.11 0.20 0.21 0.01 0.20 0.10 0.04 0.09 0.07 0.04 0.06 0.20 0.16 0.20 0.00 0.03 0.27 0.07 0.14 0.04 0.17 0.06 0.08 0.07 0.10 0.11 0.11 0.16 0.14 0.14 0.17 0.12 0.25 0.24 0.24 0.12 0.11 0.05 0.15 0.07 0.21 0.24 0.04 0.04 0.12 0.18 0.18 0.07 0.14
0.10 0.27 0.17 0.17 0.08 0.09 0.11 0.22 0.14 0.05 0.10 0.21 0.11 0.18 0.10 0.19 0.21 0.12 0.10 0.08 0.15 0.20 0.12 0.03 0.26 0.06 0.10 0.15 0.30 0.14 0.07 0.12 0.21 0.22 0.04 0.20 0.09 0.06 0.07 0.06 0.06 0.08 0.22 0.18 0.18 0.03 0.00 0.30 0.09 0.12 0.05 0.18 0.07 0.09 0.04 0.07 0.14 0.08 0.19 0.17 0.15 0.20 0.10 0.28 0.23 0.23 0.15 0.12 0.08 0.13 0.05 0.24 0.27 0.07 0.01 0.15 0.21 0.21 0.04 0.11
0.21 0.25 0.16 0.12 0.30 0.39 0.23 0.13 0.16 0.25 0.20 0.09 0.41 0.12 0.35 0.22 0.18 0.18 0.25 0.32 0.18 0.17 0.17 0.28 0.08 0.31 0.23 0.17 0.05 0.15 0.37 0.21 0.24 0.25 0.26 0.16 0.37 0.25 0.36 0.29 0.24 0.22 0.07 0.11 0.20 0.27 0.30 0.00 0.21 0.29 0.25 0.22 0.23 0.21 0.34 0.37 0.16 0.38 0.12 0.13 0.15 0.10 0.39 0.04 0.21 0.20 0.15 0.25 0.22 0.32 0.27 0.08 0.04 0.23 0.31 0.15 0.09 0.10 0.34 0.41
0.18 0.35 0.08 0.21 0.09 0.18 0.03 0.13 0.13 0.07 0.11 0.12 0.20 0.15 0.17 0.11 0.29 0.03 0.18 0.16 0.07 0.28 0.09 0.07 0.19 0.10 0.03 0.23 0.21 0.10 0.16 0.04 0.13 0.14 0.06 0.27 0.17 0.04 0.15 0.14 0.10 0.01 0.13 0.21 0.27 0.07 0.09 0.21 0.00 0.21 0.11 0.10 0.12 0.15 0.13 0.17 0.05 0.17 0.10 0.08 0.21 0.15 0.18 0.18 0.31 0.31 0.06 0.04 0.08 0.21 0.13 0.15 0.18 0.10 0.10 0.12 0.12 0.20 0.14 0.20
0.08 0.15 0.26 0.17 0.21 0.10 0.24 0.23 0.13 0.13 0.10 0.21 0.12 0.17 0.06 0.32 0.14 0.23 0.04 0.04 0.28 0.17 0.12 0.15 0.26 0.18 0.22 0.13 0.30 0.14 0.09 0.24 0.33 0.34 0.15 0.19 0.07 0.18 0.07 0.07 0.10 0.20 0.22 0.18 0.10 0.14 0.12 0.29 0.21 0.00 0.10 0.31 0.08 0.08 0.10 0.08 0.21 0.12 0.22 0.22 0.14 0.19 0.15 0.27 0.11 0.11 0.18 0.25 0.12 0.03 0.07 0.24 0.26 0.11 0.12 0.15 0.21 0.21 0.09 0.12
0.07 0.25 0.16 0.13 0.11 0.14 0.14 0.17 0.09 0.04 0.05 0.17 0.16 0.13 0.10 0.22 0.18 0.13 0.07 0.07 0.18 0.17 0.08 0.06 0.21 0.09 0.12 0.12 0.25 0.10 0.12 0.15 0.24 0.25 0.05 0.16 0.12 0.08 0.11 0.04 0.02 0.10 0.17 0.14 0.16 0.04 0.05 0.25 0.11 0.10 0.00 0.21 0.02 0.04 0.09 0.12 0.12 0.12 0.14 0.12 0.10 0.15 0.14 0.23 0.20 0.20 0.11 0.15 0.03 0.11 0.03 0.20 0.22 0.02 0.06 0.11 0.17 0.17 0.09 0.16
0.28 0.45 0.09 0.31 0.10 0.26 0.07 0.15 0.23 0.17 0.21 0.20 0.24 0.25 0.28 0.01 0.39 0.08 0.28 0.26 0.07 0.38 0.19 0.15 0.29 0.12 0.09 0.33 0.22 0.21 0.22 0.07 0.03 0.04 0.16 0.37 0.27 0.13 0.24 0.24 0.21 0.11 0.19 0.31 0.37 0.17 0.18 0.22 0.10 0.31 0.21 0.00 0.23 0.25 0.21 0.23 0.10 0.18 0.11 0.09 0.31 0.25 0.17 0.20 0.41 0.41 0.13 0.06 0.18 0.32 0.24 0.17 0.25 0.20 0.19 0.22 0.15 0.31 0.22 0.21
0.05 0.23 0.17 0.11 0.13 0.16 0.15 0.15 0.07 0.05 0.03 0.14 0.18 0.11 0.12 0.24 0.16 0.15 0.05 0.09 0.20 0.15 0.06 0.07 0.19 0.11 0.14 0.10 0.23 0.07 0.14 0.16 0.25 0.26 0.07 0.14 0.14 0.10 0.14 0.06 0.02 0.12 0.15 0.12 0.14 0.06 0.07 0.23 0.12 0.08 0.02 0.23 0.00 0.02 0.11 0.15 0.13 0.15 0.14 0.14 0.08 0.12 0.17 0.21 0.18 0.18 0.10 0.17 0.04 0.09 0.04 0.17 0.20 0.03 0.08 0.08 0.14 0.14 0.12 0.18
0.03 0.21 0.20 0.09 0.15 0.17 0.17 0.17 0.05 0.07 0.04 0.13 0.20 0.10 0.14 0.26 0.14 0.17 0.04 0.11 0.22 0.13 0.06 0.10 0.17 0.12 0.16 0.08 0.21 0.06 0.16 0.18 0.27 0.28 0.09 0.12 0.15 0.12 0.15 0.07 0.04 0.14 0.14 0.10 0.12 0.08 0.09 0.21 0.15 0.08 0.04 0.25 0.02 0.00 0.12 0.16 0.15 0.16 0.16 0.16 0.06 0.11 0.18 0.19 0.17 0.17 0.12 0.18 0.07 0.11 0.06 0.16 0.18 0.04 0.09 0.07 0.13 0.13 0.13 0.20
0.12 0.25 0.21 0.21 0.11 0.05 0.14 0.26 0.17 0.09 0.13 0.25 0.07 0.22 0.07 0.22 0.18 0.16 0.09 0.05 0.19 0.21 0.16 0.06 0.30 0.09 0.12 0.17 0.34 0.18 0.04 0.15 0.24 0.25 0.07 0.23 0.06 0.08 0.03 0.05 0.10 0.12 0.26 0.22 0.16 0.07 0.04 0.34 0.13 0.10 0.09 0.21 0.11 0.12 0.00 0.04 0.17 0.04 0.23 0.21 0.18 0.23 0.06 0.31 0.20 0.20 0.19 0.15 0.12 0.11 0.07 0.28 0.31 0.10 0.03 0.19 0.25 0.25 0.01 0.07
0.16 0.22 0.25 0.25 0.13 0.03 0.16 0.30 0.21 0.12 0.17 0.29 0.04 0.26 0.04 0.24 0.22 0.20 0.12 0.06 0.23 0.25 0.20 0.09 0.34 0.11 0.15 0.21 0.38 0.22 0.01 0.17 0.26 0.27 0.11 0.27 0.04 0.12 0.01 0.09 0.14 0.15 0.30 0.26 0.17 0.10 0.07 0.37 0.17 0.08 0.12 0.23 0.15 0.16 0.04 0.00 0.21 0.05 0.27 0.25 0.22 0.27 0.07 0.35 0.18 0.18 0.23 0.17 0.15 0.08 0.10 0.32 0.34 0.14 0.07 0.23 0.29 0.29 0.03 0.04
0.18 0.36 0.04 0.21 0.14 0.23 0.07 0.09 0.14 0.09 0.12 0.11 0.25 0.16 0.19 0.11 0.29 0.02 0.18 0.17 0.07 0.29 0.09 0.12 0.20 0.15 0.07 0.24 0.16 0.11 0.21 0.06 0.12 0.13 0.10 0.27 0.21 0.09 0.20 0.15 0.11 0.06 0.10 0.22 0.27 0.11 0.14 0.16 0.05 0.21 0.12 0.10 0.13 0.15 0.17 0.21 0.00 0.21 0.05 0.03 0.21 0.15 0.23 0.14 0.32 0.32 0.04 0.09 0.09 0.22 0.14 0.11 0.15 0.11 0.15 0.12 0.07 0.21 0.18 0.25
0.16 0.27 0.25 0.25 0.09 0.07 0.14 0.30 0.21 0.12 0.17 0.29 0.06 0.26 0.09 0.20 0.22 0.20 0.12 0.08 0.23 0.26 0.20 0.09 0.34 0.07 0.14 0.21 0.38 0.22 0.04 0.16 0.21 0.22 0.12 0.27 0.09 0.12 0.05 0.09 0.14 0.16 0.30 0.26 0.18 0.11 0.08 0.38 0.17 0.12 0.12 0.18 0.15 0.16 0.04 0.05 0.21 0.00 0.27 0.25 0.22 0.27 0.02 0.35 0.23 0.23 0.23 0.12 0.16 0.13 0.11 0.32 0.35 0.14 0.07 0.23 0.29 0.29 0.04 0.03
0.19 0.37 0.04 0.22 0.19 0.28 0.12 0.03 0.14 0.14 0.12 0.11 0.30 0.17 0.25 0.11 0.30 0.07 0.19 0.21 0.06 0.29 0.10 0.17 0.21 0.20 0.12 0.24 0.11 0.12 0.26 0.11 0.11 0.12 0.15 0.28 0.26 0.15 0.26 0.18 0.13 0.11 0.10 0.23 0.28 0.16 0.19 0.12 0.10 0.22 0.14 0.11 0.14 0.16 0.23 0.27 0.05 0.27 0.00 0.02 0.22 0.16 0.29 0.09 0.33 0.33 0.04 0.15 0.11 0.23 0.16 0.05 0.16 0.12 0.20 0.13 0.07 0.22 0.24 0.30
0.19 0.37 0.04 0.22 0.17 0.26 0.11 0.05 0.14 0.12 0.12 0.11 0.28 0.17 0.23 0.10 0.30 0.05 0.19 0.19 0.06 0.29 0.10 0.15 0.21 0.18 0.11 0.24 0.13 0.12 0.24 0.09 0.11 0.12 0.13 0.28 0.24 0.12 0.24 0.16 0.12 0.09 0.10 0.23 0.28 0.14 0.17 0.13 0.08 0.22 0.12 0.09 0.14 0.16 0.21 0.25 0.03 0.25 0.02 0.00 0.22 0.16 0.27 0.11 0.33 0.33 0.04 0.12 0.10 0.23 0.15 0.07 0.16 0.12 0.18 0.13 0.07 0.22 0.21 0.28
0.06 0.15 0.26 0.03 0.21 0.24 0.24 0.23 0.08 0.13 0.10 0.11 0.26 0.06 0.20 0.32 0.08 0.23 0.10 0.17 0.28 0.07 0.12 0.15 0.12 0.18 0.22 0.02 0.15 0.10 0.22 0.24 0.33 0.34 0.15 0.06 0.21 0.18 0.21 0.13 0.10 0.20 0.12 0.04 0.06 0.14 0.15 0.15 0.21 0.14 0.10 0.31 0.08 0.06 0.18 0.22 0.21 0.22 0.22 0.22 0.00 0.06 0.24 0.14 0.11 0.11 0.18 0.25 0.12 0.17 0.12 0.18 0.12 0.11 0.15 0.09 0.15 0.07 0.19 0.26
0.11 0.21 0.20 0.06 0.20 0.29 0.17 0.17 0.06 0.15 0.10 0.05 0.31 0.02 0.25 0.26 0.14 0.17 0.15 0.21 0.22 0.13 0.07 0.18 0.07 0.21 0.16 0.08 0.11 0.05 0.27 0.18 0.27 0.28 0.16 0.12 0.26 0.15 0.26 0.18 0.13 0.14 0.06 0.07 0.12 0.17 0.20 0.10 0.15 0.19 0.15 0.25 0.12 0.11 0.23 0.27 0.15 0.27 0.16 0.16 0.06 0.00 0.29 0.08 0.17 0.17 0.12 0.18 0.12 0.22 0.17 0.12 0.07 0.13 0.20 0.04 0.09 0.06 0.24 0.31
0.18 0.29 0.27 0.27 0.09 0.10 0.16 0.32 0.23 0.14 0.19 0.31 0.08 0.28 0.12 0.18 0.24 0.21 0.14 0.10 0.25 0.27 0.22 0.11 0.36 0.09 0.16 0.23 0.40 0.24 0.06 0.18 0.19 0.20 0.13 0.29 0.11 0.14 0.07 0.11 0.16 0.17 0.32 0.28 0.21 0.12 0.10 0.39 0.18 0.15 0.14 0.17 0.17 0.18 0.06 0.07 0.23 0.02 0.29 0.27 0.24 0.29 0.00 0.37 0.25 0.25 0.25 0.14 0.17 0.15 0.12 0.34 0.36 0.16 0.09 0.25 0.31 0.31 0.06 0.05
0.19 0.28 0.12 0.14 0.28 0.37 0.21 0.09 0.14 0.23 0.18 0.06 0.39 0.10 0.33 0.19 0.21 0.15 0.23 0.30 0.14 0.21 0.15 0.26 0.12 0.29 0.21 0.16 0.03 0.13 0.35 0.19 0.20 0.21 0.24 0.20 0.34 0.23 0.34 0.26 0.21 0.20 0.05 0.14 0.20 0.25 0.28 0.04 0.18 0.27 0.23 0.20 0.21 0.19 0.31 0.35 0.14 0.35 0.09 0.11 0.14 0.08 0.37 0.00 0.24 0.24 0.12 0.23 0.20 0.30 0.25 0.04 0.07 0.21 0.28 0.12 0.06 0.13 0.32 0.39
0.13 0.04 0.36 0.11 0.31 0.17 0.34 0.33 0.18 0.24 0.20 0.21 0.20 0.16 0.14 0.42 0.06 0.33 0.13 0.15 0.38 0.09 0.23 0.26 0.17 0.29 0.33 0.08 0.25 0.21 0.19 0.35 0.44 0.45 0.25 0.11 0.15 0.29 0.17 0.17 0.21 0.30 0.22 0.10 0.04 0.24 0.23 0.21 0.31 0.11 0.20 0.41 0.18 0.17 0.20 0.18 0.32 0.23 0.33 0.33 0.11 0.17 0.25 0.24 0.00 0.02 0.28 0.35 0.23 0.11 0.18 0.28 0.18 0.21 0.22 0.19 0.26 0.13 0.19 0.20
0.13 0.04 0.36 0.11 0.31 0.20 0.34 0.33 0.18 0.24 0.20 0.21 0.21 0.16 0.16 0.42 0.04 0.33 0.13 0.15 0.38 0.07 0.23 0.26 0.15 0.29 0.33 0.08 0.25 0.21 0.19 0.35 0.44 0.45 0.25 0.09 0.17 0.29 0.17 0.17 0.21 0.30 0.22 0.10 0.04 0.24 0.23 0.20 0.31 0.11 0.20 0.41 0.18 0.17 0.20 0.18 0.32 0.23 0.33 0.33 0.11 0.17 0.25 0.24 0.02 0.00 0.28 0.35 0.23 0.13 0.18 0.28 0.17 0.21 0.22 0.19 0.26 0.11 0.19 0.21
0.15 0.33 0.08 0.18 0.15 0.24 0.09 0.07 0.10 0.11 0.08 0.07 0.26 0.12 0.21 0.14 0.26 0.05 0.15 0.17 0.10 0.25 0.06 0.14 0.16 0.16 0.09 0.20 0.15 0.07 0.23 0.07 0.15 0.17 0.12 0.24 0.22 0.11 0.22 0.14 0.09 0.07 0.07 0.18 0.24 0.12 0.15 0.15 0.06 0.18 0.11 0.13 0.10 0.12 0.19 0.23 0.04 0.23 0.04 0.04 0.18 0.12 0.25 0.12 0.28 0.28 0.00 0.11 0.07 0.18 0.12 0.09 0.12 0.09 0.16 0.09 0.06 0.17 0.20 0.26
0.22 0.39 0.12 0.25 0.05 0.20 0.02 0.18 0.17 0.11 0.15 0.17 0.18 0.19 0.21 0.07 0.33 0.07 0.22 0.20 0.11 0.32 0.12 0.09 0.23 0.06 0.03 0.27 0.26 0.14 0.16 0.04 0.09 0.10 0.10 0.31 0.21 0.07 0.17 0.18 0.14 0.05 0.18 0.25 0.31 0.11 0.12 0.25 0.04 0.25 0.15 0.06 0.17 0.18 0.15 0.17 0.09 0.12 0.15 0.12 0.25 0.18 0.14 0.23 0.35 0.35 0.11 0.00 0.12 0.25 0.17 0.20 0.22 0.14 0.13 0.16 0.17 0.24 0.16 0.15
0.10 0.27 0.13 0.12 0.08 0.17 0.11 0.14 0.06 0.03 0.03 0.13 0.19 0.10 0.14 0.19 0.21 0.10 0.10 0.10 0.15 0.20 0.04 0.07 0.18 0.09 0.10 0.15 0.22 0.06 0.15 0.12 0.21 0.22 0.04 0.18 0.15 0.06 0.15 0.07 0.02 0.07 0.14 0.13 0.18 0.05 0.08 0.22 0.08 0.12 0.03 0.18 0.04 0.07 0.12 0.15 0.09 0.16 0.11 0.10 0.12 0.12 0.17 0.20 0.23 0.23 0.07 0.12 0.00 0.13 0.05 0.16 0.19 0.02 0.09 0.07 0.13 0.13 0.12 0.19
0.11 0.14 0.26 0.20 0.21 0.07 0.24 0.25 0.16 0.14 0.12 0.24 0.09 0.20 0.04 0.33 0.17 0.23 0.07 0.05 0.29 0.20 0.15 0.16 0.28 0.19 0.23 0.15 0.32 0.17 0.10 0.25 0.34 0.35 0.15 0.22 0.04 0.19 0.08 0.07 0.11 0.20 0.25 0.21 0.12 0.15 0.13 0.32 0.21 0.03 0.11 0.32 0.09 0.11 0.11 0.08 0.22 0.13 0.23 0.23 0.17 0.22 0.15 0.30 0.11 0.13 0.18 0.25 0.13 0.00 0.08 0.27 0.29 0.11 0.12 0.17 0.24 0.24 0.09 0.10
0.06 0.22 0.18 0.15 0.14 0.12 0.16 0.20 0.11 0.06 0.07 0.18 0.14 0.15 0.08 0.25 0.15 0.15 0.04 0.05 0.21 0.15 0.10 0.08 0.23 0.11 0.15 0.11 0.27 0.12 0.10 0.17 0.26 0.27 0.07 0.17 0.10 0.11 0.09 0.02 0.04 0.12 0.20 0.16 0.13 0.07 0.05 0.27 0.13 0.07 0.03 0.24 0.04 0.06 0.07 0.10 0.14 0.11 0.16 0.15 0.12 0.17 0.12 0.25 0.18 0.18 0.12 0.17 0.05 0.08 0.00 0.21 0.24 0.04 0.04 0.12 0.18 0.18 0.07 0.14
0.16 0.33 0.08 0.18 0.25 0.33 0.18 0.05 0.11 0.20 0.15 0.07 0.35 0.12 0.30 0.16 0.26 0.12 0.20 0.26 0.10 0.25 0.12 0.23 0.16 0.25 0.18 0.20 0.06 0.10 0.32 0.16 0.15 0.17 0.21 0.24 0.31 0.20 0.31 0.23 0.18 0.16 0.06 0.18 0.24 0.21 0.24 0.08 0.15 0.24 0.20 0.17 0.17 0.16 0.28 0.32 0.11 0.32 0.05 0.07 0.18 0.12 0.34 0.04 0.28 0.28 0.09 0.20 0.16 0.27 0.21 0.00 0.12 0.18 0.25 0.09 0.03 0.17 0.29 0.35
0.18 0.21 0.19 0.09 0.27 0.36 0.20 0.17 0.13 0.22 0.17 0.06 0.38 0.09 0.32 0.26 0.14 0.16 0.22 0.29 0.21 0.14 0.14 0.25 0.05 0.28 0.20 0.14 0.08 0.12 0.34 0.18 0.27 0.28 0.23 0.12 0.34 0.22 0.33 0.26 0.21 0.19 0.06 0.08 0.17 0.24 0.27 0.04 0.18 0.26 0.22 0.25 0.20 0.18 0.31 0.34 0.15 0.35 0.16 0.16 0.12 0.07 0.36 0.07 0.18 0.17 0.12 0.22 0.19 0.29 0.24 0.12 0.00 0.20 0.28 0.12 0.09 0.06 0.31 0.38
0.08 0.25 0.15 0.11 0.10 0.15 0.13 0.16 0.07 0.03 0.03 0.15 0.17 0.12 0.12 0.21 0.18 0.12 0.08 0.09 0.17 0.18 0.06 0.05 0.20 0.08 0.12 0.13 0.24 0.08 0.14 0.14 0.23 0.24 0.04 0.17 0.13 0.07 0.13 0.05 0.00 0.09 0.16 0.12 0.17 0.04 0.07 0.23 0.10 0.11 0.02 0.20 0.03 0.04 0.10 0.14 0.11 0.14 0.12 0.12 0.11 0.13 0.16 0.21 0.21 0.21 0.09 0.14 0.02 0.11 0.04 0.18 0.20 0.00 0.07 0.09 0.15 0.15 0.11 0.17
0.09 0.27 0.18 0.18 0.09 0.08 0.12 0.23 0.15 0.06 0.10 0.22 0.10 0.19 0.09 0.20 0.20 0.13 0.09 0.07 0.16 0.19 0.13 0.04 0.27 0.07 0.10 0.14 0.31 0.15 0.07 0.12 0.21 0.23 0.04 0.20 0.08 0.06 0.06 0.05 0.07 0.09 0.23 0.19 0.18 0.04 0.01 0.31 0.10 0.12 0.06 0.19 0.08 0.09 0.03 0.07 0.15 0.07 0.20 0.18 0.15 0.20 0.09 0.28 0.22 0.22 0.16 0.13 0.09 0.12 0.04 0.25 0.28 0.07 0.00 0.16 0.22 0.22 0.04 0.10
0.07 0.24 0.17 0.09 0.15 0.24 0.15 0.14 0.02 0.11 0.06 0.06 0.26 0.03 0.21 0.23 0.17 0.14 0.11 0.17 0.19 0.16 0.03 0.14 0.11 0.16 0.13 0.11 0.15 0.02 0.23 0.15 0.25 0.26 0.12 0.15 0.22 0.11 0.22 0.14 0.09 0.11 0.07 0.09 0.15 0.12 0.15 0.15 0.12 0.15 0.11 0.22 0.08 0.07 0.19 0.23 0.12 0.23 0.13 0.13 0.09 0.04 0.25 0.12 0.19 0.19 0.09 0.16 0.07 0.17 0.12 0.09 0.12 0.09 0.16 0.00 0.07 0.09 0.20 0.26
0.13 0.30 0.10 0.15 0.21 0.30 0.15 0.07 0.07 0.17 0.12 0.04 0.32 0.10 0.27 0.17 0.23 0.09 0.17 0.23 0.12 0.23 0.09 0.20 0.14 0.22 0.15 0.17 0.09 0.07 0.29 0.13 0.18 0.19 0.17 0.21 0.28 0.17 0.28 0.20 0.15 0.13 0.04 0.16 0.21 0.18 0.21 0.09 0.12 0.21 0.17 0.15 0.14 0.13 0.25 0.29 0.07 0.29 0.07 0.07 0.15 0.09 0.31 0.06 0.26 0.26 0.06 0.17 0.13 0.24 0.18 0.03 0.09 0.15 0.22 0.07 0.00 0.15 0.26 0.32
0.13 0.15 0.25 0.04 0.21 0.30 0.23 0.23 0.07 0.17 0.12 0.11 0.32 0.05 0.27 0.32 0.08 0.22 0.17 0.23 0.28 0.07 0.12 0.20 0.05 0.22 0.22 0.08 0.14 0.10 0.29 0.24 0.33 0.34 0.17 0.06 0.28 0.18 0.28 0.20 0.15 0.19 0.12 0.03 0.11 0.18 0.21 0.10 0.20 0.21 0.17 0.31 0.14 0.13 0.25 0.29 0.21 0.29 0.22 0.22 0.07 0.06 0.31 0.13 0.13 0.11 0.17 0.24 0.13 0.24 0.18 0.17 0.06 0.15 0.22 0.09 0.15 0.00 0.26 0.32
0.13 0.23 0.21 0.22 0.12 0.04 0.15 0.27 0.18 0.09 0.14 0.26 0.07 0.23 0.06 0.23 0.19 0.17 0.09 0.04 0.20 0.22 0.17 0.07 0.31 0.10 0.14 0.18 0.35 0.19 0.03 0.16 0.25 0.26 0.08 0.24 0.05 0.10 0.02 0.06 0.11 0.12 0.27 0.23 0.15 0.07 0.04 0.34 0.14 0.09 0.09 0.22 0.12 0.13 0.01 0.03 0.18 0.04 0.24 0.21 0.19 0.24 0.06 0.32 0.19 0.19 0.20 0.16 0.12 0.09 0.07 0.29 0.31 0.11 0.04 0.20 0.26 0.26 0.00 0.07
0.19 0.24 0.28 0.29 0.11 0.04 0.17 0.33 0.25 0.16 0.21 0.32 0.03 0.29 0.07 0.22 0.26 0.23 0.16 0.09 0.26 0.29 0.24 0.12 0.37 0.10 0.17 0.24 0.41 0.25 0.04 0.19 0.24 0.25 0.15 0.31 0.06 0.15 0.04 0.12 0.17 0.19 0.33 0.30 0.21 0.14 0.11 0.41 0.20 0.12 0.16 0.21 0.18 0.20 0.07 0.04 0.25 0.03 0.30 0.28 0.26 0.31 0.05 0.39 0.20 0.21 0.26 0.15 0.19 0.10 0.14 0.35 0.38 0.17 0.10 0.26 0.32 0.32 0.07 0.00
Team_tasks_times:
Team 0:
1: 1.50
2: 0.75 3.00 0.75
3: 0.75 3.00 0.75
4: 1.50
5: 1.50
6: 4.00 3.00 1.00 2.00 1.50
7: 4.00 3.00 1.00 2.00 1.50
8: 1.50
9: 4.00 3.00 1.00 2.00 1.50
10: 0.75 3.00 0.75
11: 1.50
12: 1.50
13: 0.75 3.00 0.75
14: 0.75 3.00 0.75
15: 1.50
16: 1.50
17: 0.75 3.00 0.75
18: 0.75 3.00 0.75
19: 1.50
20: 0.75 3.00 0.75
21: 4.00 3.00 1.00 2.00 1.50
22: 1.50
23: 4.00 3.00 1.00 2.00 1.50
24: 0.75 3.00 0.75
25: 0.75 3.00 0.75
26: 4.00 3.00 1.00 2.00 1.50
27: 4.00 3.00 1.00 2.00 1.50
28: 0.75 3.00 0.75
29: 0.75 3.00 0.75
30: 0.75 3.00 0.75
31: 0.75 3.00 0.75
32: 0.75 3.00 0.75
33: 0.75 3.00 0.75
34: 1.50
35: 1.50
36: 0.75 3.00 0.75
37: 4.00 3.00 1.00 2.00 1.50
38: 1.50
39: 4.00 3.00 1.00 2.00 1.50
40: 0.75 3.00 0.75
41: 0.75 3.00 0.75
42: 1.50
43: 1.50
44: 0.75 3.00 0.75
45: 0.75 3.00 0.75
46: 4.00 3.00 1.00 2.00 1.50
47: 4.00 3.00 1.00 2.00 1.50
48: 4.00 3.00 1.00 2.00 1.50
49: 0.75 3.00 0.75
50: 1.50
51: 0.75 3.00 0.75
52: 4.00 3.00 1.00 2.00 1.50
53: 4.00 3.00 1.00 2.00 1.50
54: 4.00 3.00 1.00 2.00 1.50
55: 1.50
56: 0.75 3.00 0.75
57: 0.75 3.00 0.75
58: 4.00 3.00 1.00 2.00 1.50
59: 4.00 3.00 1.00 2.00 1.50
60: 4.00 3.00 1.00 2.00 1.50
61: 0.75 3.00 0.75
62: 0.75 3.00 0.75
63: 0.75 3.00 0.75
64: 4.00 3.00 1.00 2.00 1.50
65: 4.00 3.00 1.00 2.00 1.50
66: 0.75 3.00 0.75
67: 0.75 3.00 0.75
68: 4.00 3.00 1.00 2.00 1.50
69: 1.50
70: 4.00 3.00 1.00 2.00 1.50
71: 1.50
72: 0.75 3.00 0.75
73: 4.00 3.00 1.00 2.00 1.50
74: 0.75 3.00 0.75
75: 0.75 3.00 0.75
76: 4.00 3.00 1.00 2.00 1.50
77: 0.75 3.00 0.75
78: 0.75 3.00 0.75
79: 0.75 3.00 0.75
Team 1:
1: 0.75
2: 3.00 0.75 0.75
3: 3.00 0.75 0.75
4: 0.75
5: 0.75
6: 1.00 1.50 2.00 1.00 0.75
7: 1.00 1.50 2.00 1.00 0.75
8: 0.75
9: 1.00 1.50 2.00 1.00 0.75
10: 3.00 0.75 0.75
11: 0.75
12: 0.75
13: 3.00 0.75 0.75
14: 3.00 0.75 0.75
15: 0.75
16: 0.75
17: 3.00 0.75 0.75
18: 3.00 0.75 0.75
19: 0.75
20: 3.00 0.75 0.75
21: 1.00 1.50 2.00 1.00 0.75
22: 0.75
23: 1.00 1.50 2.00 1.00 0.75
24: 3.00 0.75 0.75
25: 3.00 0.75 0.75
26: 1.00 1.50 2.00 1.00 0.75
27: 1.00 1.50 2.00 1.00 0.75
28: 3.00 0.75 0.75
29: 3.00 0.75 0.75
30: 3.00 0.75 0.75
31: 3.00 0.75 0.75
32: 3.00 0.75 0.75
33: 3.00 0.75 0.75
34: 0.75
35: 0.75
36: 3.00 0.75 0.75
37: 1.00 1.50 2.00 1.00 0.75
38: 0.75
39: 1.00 1.50 2.00 1.00 0.75
40: 3.00 0.75 0.75
41: 3.00 0.75 0.75
42: 0.75
43: 0.75
44: 3.00 0.75 0.75
45: 3.00 0.75 0.75
46: 1.00 1.50 2.00 1.00 0.75
47: 1.00 1.50 2.00 1.00 0.75
48: 1.00 1.50 2.00 1.00 0.75
49: 3.00 0.75 0.75
50: 0.75
51: 3.00 0.75 0.75
52: 1.00 1.50 2.00 1.00 0.75
53: 1.00 1.50 2.00 1.00 0.75
54: 1.00 1.50 2.00 1.00 0.75
55: 0.75
56: 3.00 0.75 0.75
57: 3.00 0.75 0.75
58: 1.00 1.50 2.00 1.00 0.75
59: 1.00 1.50 2.00 1.00 0.75
60: 1.00 1.50 2.00 1.00 0.75
61: 3.00 0.75 0.75
62: 3.00 0.75 0.75
63: 3.00 0.75 0.75
64: 1.00 1.50 2.00 1.00 0.75
65: 1.00 1.50 2.00 1.00 0.75
66: 3.00 0.75 0.75
67: 3.00 0.75 0.75
68: 1.00 1.50 2.00 1.00 0.75
69: 0.75
70: 1.00 1.50 2.00 1.00 0.75
71: 0.75
72: 3.00 0.75 0.75
73: 1.00 1.50 2.00 1.00 0.75
74: 3.00 0.75 0.75
75: 3.00 0.75 0.75
76: 1.00 1.50 2.00 1.00 0.75
77: 3.00 0.75 0.75
78: 3.00 0.75 0.75
79: 3.00 0.75 0.75
Team 2:
1: 0.75
2: 0.75 1.50 1.50
3: 0.75 1.50 1.50
4: 0.75
5: 0.75
6: 1.00 0.75 0.50 2.00 0.75
7: 1.00 0.75 0.50 2.00 0.75
8: 0.75
9: 1.00 0.75 0.50 2.00 0.75
10: 0.75 1.50 1.50
11: 0.75
12: 0.75
13: 0.75 1.50 1.50
14: 0.75 1.50 1.50
15: 0.75
16: 0.75
17: 0.75 1.50 1.50
18: 0.75 1.50 1.50
19: 0.75
20: 0.75 1.50 1.50
21: 1.00 0.75 0.50 2.00 0.75
22: 0.75
23: 1.00 0.75 0.50 2.00 0.75
24: 0.75 1.50 1.50
25: 0.75 1.50 1.50
26: 1.00 0.75 0.50 2.00 0.75
27: 1.00 0.75 0.50 2.00 0.75
28: 0.75 1.50 1.50
29: 0.75 1.50 1.50
30: 0.75 1.50 1.50
31: 0.75 1.50 1.50
32: 0.75 1.50 1.50
33: 0.75 1.50 1.50
34: 0.75
35: 0.75
36: 0.75 1.50 1.50
37: 1.00 0.75 0.50 2.00 0.75
38: 0.75
39: 1.00 0.75 0.50 2.00 0.75
40: 0.75 1.50 1.50
41: 0.75 1.50 1.50
42: 0.75
43: 0.75
44: 0.75 1.50 1.50
45: 0.75 1.50 1.50
46: 1.00 0.75 0.50 2.00 0.75
47: 1.00 0.75 0.50 2.00 0.75
48: 1.00 0.75 0.50 2.00 0.75
49: 0.75 1.50 1.50
50: 0.75
51: 0.75 1.50 1.50
52: 1.00 0.75 0.50 2.00 0.75
53: 1.00 0.75 0.50 2.00 0.75
54: 1.00 0.75 0.50 2.00 0.75
55: 0.75
56: 0.75 1.50 1.50
57: 0.75 1.50 1.50
58: 1.00 0.75 0.50 2.00 0.75
59: 1.00 0.75 0.50 2.00 0.75
60: 1.00 0.75 0.50 2.00 0.75
61: 0.75 1.50 1.50
62: 0.75 1.50 1.50
63: 0.75 1.50 1.50
64: 1.00 0.75 0.50 2.00 0.75
65: 1.00 0.75 0.50 2.00 0.75
66: 0.75 1.50 1.50
67: 0.75 1.50 1.50
68: 1.00 0.75 0.50 2.00 0.75
69: 0.75
70: 1.00 0.75 0.50 2.00 0.75
71: 0.75
72: 0.75 1.50 1.50
73: 1.00 0.75 0.50 2.00 0.75
74: 0.75 1.50 1.50
75: 0.75 1.50 1.50
76: 1.00 0.75 0.50 2.00 0.75
77: 0.75 1.50 1.50
78: 0.75 1.50 1.50
79: 0.75 1.50 1.50
