Number_of_customers: 90
Number_of_teams: 3
Number_of_services: 3
Customers_requested_services:
0 1 2 0 2 1 0 0 0 2 2 0 2 2 1 1 1 2 0 0 0 1 2 0 1 2 1 0 1 0 0 1 1 0 2 2 0 2 1 0 0 2 2 0 2 0 0 2 1 1 2 0 2 0 2 2 0 2 0 0 2 2 1 2 1 1 2 0 2 0 0 1 1 1 1 2 1 1 2 2 0 1 1 1 1 0 0 2 1
Daily_available_time: 8
Service 0:
Number_of_tasks: 1
Dependencies:
0: 
Service 1:
Number_of_tasks: 3
Dependencies:
0: 
1: 0
2: 0
Service 2:
Number_of_tasks: 5
Dependencies:
0: 
1: 
2: 
3: 0 1 2
4: 0 1 2
Travel_times:
0.00 0.13 0.11 0.05 0.13 0.15 0.20 0.07 0.06 0.17 0.22 0.06 0.04 0.18 0.19 0.16 0.10 0.09 0.08 0.22 0.12 0.17 0.21 0.06 0.10 0.16 0.05 0.12 0.18 0.19 0.03 0.11 0.04 0.15 0.17 0.14 0.24 0.19 0.11 0.10 0.21 0.17 0.06 0.14 0.13 0.16 0.18 0.26 0.02 0.17 0.15 0.08 0.07 0.26 0.15 0.05 0.11 0.12 0.03 0.15 0.09 0.08 0.13 0.15 0.10 0.08 0.04 0.12 0.14 0.07 0.19 0.12 0.11 0.10 0.17 0.06 0.03 0.15 0.17 0.07 0.21 0.09 0.07 0.19 0.11 0.19 0.17 0.17 0.11 0.07
0.13 0.00 0.02 0.14 0.26 0.10 0.33 0.20 0.18 0.30 0.18 0.12 0.13 0.27 0.18 0.29 0.21 0.09 0.15 0.20 0.08 0.30 0.22 0.07 0.03 0.29 0.18 0.17 0.31 0.32 0.16 0.24 0.17 0.14 0.23 0.09 0.37 0.17 0.07 0.15 0.34 0.30 0.11 0.20 0.07 0.29 0.30 0.39 0.12 0.24 0.17 0.04 0.18 0.39 0.17 0.18 0.24 0.16 0.15 0.28 0.21 0.14 0.22 0.27 0.21 0.05 0.14 0.18 0.27 0.11 0.20 0.17 0.24 0.07 0.30 0.13 0.15 0.28 0.30 0.06 0.34 0.04 0.17 0.25 0.20 0.13 0.30 0.25 0.12 0.20
0.11 0.02 0.00 0.12 0.24 0.09 0.31 0.18 0.15 0.28 0.16 0.12 0.11 0.25 0.16 0.27 0.18 0.10 0.13 0.18 0.06 0.27 0.20 0.04 0.03 0.26 0.15 0.18 0.29 0.30 0.14 0.22 0.14 0.12 0.23 0.07 0.35 0.15 0.07 0.16 0.32 0.28 0.09 0.21 0.08 0.26 0.27 0.37 0.10 0.21 0.15 0.02 0.16 0.37 0.15 0.16 0.21 0.14 0.13 0.26 0.19 0.11 0.20 0.25 0.19 0.03 0.12 0.18 0.25 0.09 0.18 0.18 0.21 0.04 0.27 0.12 0.13 0.26 0.28 0.06 0.32 0.01 0.15 0.26 0.18 0.12 0.28 0.24 0.10 0.17
0.05 0.14 0.12 0.00 0.12 0.21 0.19 0.06 0.11 0.16 0.27 0.03 0.10 0.24 0.24 0.15 0.07 0.10 0.13 0.27 0.17 0.15 0.26 0.08 0.12 0.15 0.07 0.07 0.17 0.18 0.04 0.10 0.07 0.21 0.12 0.19 0.23 0.24 0.12 0.04 0.20 0.16 0.11 0.09 0.14 0.15 0.23 0.25 0.07 0.23 0.21 0.12 0.12 0.25 0.20 0.04 0.10 0.17 0.05 0.14 0.07 0.14 0.08 0.13 0.15 0.10 0.10 0.07 0.13 0.12 0.25 0.07 0.10 0.15 0.15 0.01 0.09 0.14 0.16 0.09 0.20 0.11 0.12 0.14 0.06 0.24 0.16 0.12 0.16 0.06
0.13 0.26 0.24 0.12 0.00 0.17 0.12 0.09 0.08 0.04 0.19 0.15 0.13 0.15 0.16 0.11 0.13 0.22 0.10 0.19 0.17 0.04 0.18 0.19 0.23 0.12 0.08 0.16 0.10 0.09 0.10 0.06 0.09 0.12 0.20 0.17 0.11 0.16 0.24 0.13 0.08 0.13 0.15 0.17 0.26 0.06 0.15 0.13 0.14 0.14 0.12 0.21 0.08 0.13 0.12 0.08 0.07 0.10 0.11 0.02 0.04 0.12 0.16 0.13 0.07 0.21 0.12 0.15 0.12 0.15 0.16 0.15 0.03 0.19 0.04 0.12 0.10 0.04 0.07 0.20 0.08 0.22 0.09 0.22 0.14 0.16 0.05 0.20 0.13 0.06
0.15 0.10 0.09 0.21 0.17 0.00 0.24 0.21 0.10 0.21 0.09 0.21 0.11 0.17 0.09 0.23 0.26 0.18 0.08 0.11 0.04 0.20 0.12 0.12 0.12 0.24 0.14 0.27 0.22 0.23 0.16 0.18 0.14 0.04 0.32 0.02 0.28 0.08 0.16 0.25 0.25 0.26 0.10 0.30 0.17 0.19 0.20 0.30 0.14 0.14 0.08 0.09 0.09 0.30 0.08 0.17 0.19 0.07 0.15 0.19 0.15 0.07 0.29 0.26 0.12 0.11 0.11 0.28 0.25 0.09 0.11 0.27 0.15 0.06 0.20 0.21 0.12 0.19 0.21 0.15 0.25 0.10 0.08 0.35 0.26 0.04 0.21 0.33 0.05 0.18
0.20 0.33 0.31 0.19 0.12 0.24 0.00 0.13 0.15 0.09 0.31 0.22 0.20 0.27 0.28 0.04 0.12 0.29 0.17 0.31 0.25 0.12 0.30 0.26 0.31 0.04 0.15 0.23 0.02 0.21 0.17 0.09 0.17 0.24 0.13 0.25 0.15 0.28 0.32 0.18 0.06 0.03 0.22 0.17 0.33 0.17 0.27 0.17 0.21 0.26 0.24 0.29 0.16 0.06 0.24 0.15 0.10 0.20 0.18 0.13 0.12 0.20 0.11 0.06 0.19 0.28 0.19 0.15 0.06 0.22 0.28 0.19 0.09 0.26 0.08 0.20 0.17 0.08 0.04 0.28 0.13 0.30 0.16 0.10 0.13 0.28 0.07 0.09 0.21 0.14
0.07 0.20 0.18 0.06 0.09 0.21 0.13 0.00 0.12 0.10 0.28 0.09 0.10 0.24 0.24 0.09 0.05 0.17 0.13 0.28 0.17 0.09 0.27 0.14 0.18 0.08 0.07 0.10 0.11 0.17 0.05 0.04 0.07 0.21 0.11 0.19 0.17 0.25 0.19 0.06 0.14 0.10 0.12 0.09 0.21 0.14 0.23 0.19 0.08 0.23 0.21 0.16 0.13 0.18 0.21 0.04 0.03 0.17 0.06 0.10 0.07 0.14 0.07 0.07 0.16 0.15 0.10 0.07 0.07 0.12 0.25 0.06 0.06 0.15 0.09 0.07 0.09 0.08 0.10 0.15 0.14 0.17 0.13 0.14 0.05 0.25 0.10 0.12 0.16 0.03
0.06 0.18 0.15 0.11 0.08 0.10 0.15 0.12 0.00 0.12 0.16 0.12 0.05 0.12 0.13 0.14 0.16 0.14 0.02 0.16 0.10 0.12 0.15 0.11 0.15 0.15 0.04 0.18 0.13 0.14 0.07 0.09 0.04 0.10 0.23 0.09 0.19 0.13 0.16 0.16 0.16 0.16 0.07 0.20 0.18 0.11 0.12 0.21 0.06 0.11 0.09 0.13 0.01 0.21 0.09 0.08 0.10 0.06 0.06 0.10 0.05 0.04 0.19 0.16 0.04 0.13 0.04 0.18 0.15 0.07 0.13 0.18 0.06 0.11 0.12 0.12 0.03 0.11 0.12 0.12 0.16 0.14 0.01 0.25 0.17 0.13 0.12 0.23 0.05 0.08
0.17 0.30 0.28 0.16 0.04 0.21 0.09 0.10 0.12 0.00 0.22 0.19 0.17 0.19 0.19 0.07 0.10 0.26 0.15 0.22 0.22 0.04 0.21 0.23 0.28 0.09 0.12 0.20 0.06 0.12 0.14 0.06 0.14 0.16 0.17 0.21 0.07 0.19 0.29 0.15 0.04 0.10 0.19 0.14 0.30 0.09 0.18 0.09 0.18 0.17 0.15 0.26 0.12 0.09 0.15 0.12 0.07 0.14 0.15 0.04 0.09 0.17 0.13 0.10 0.11 0.25 0.16 0.12 0.09 0.19 0.20 0.16 0.06 0.23 0.01 0.17 0.15 0.02 0.04 0.25 0.04 0.27 0.13 0.19 0.10 0.19 0.02 0.17 0.17 0.11
0.22 0.18 0.16 0.27 0.19 0.09 0.31 0.28 0.16 0.22 0.00 0.28 0.18 0.09 0.03 0.30 0.32 0.25 0.14 0.02 0.10 0.19 0.04 0.19 0.19 0.31 0.20 0.34 0.29 0.14 0.23 0.25 0.20 0.07 0.39 0.10 0.18 0.03 0.23 0.32 0.25 0.32 0.16 0.36 0.24 0.13 0.11 0.21 0.20 0.05 0.07 0.16 0.15 0.25 0.07 0.24 0.26 0.11 0.22 0.18 0.21 0.14 0.35 0.32 0.12 0.17 0.17 0.34 0.31 0.15 0.03 0.34 0.21 0.12 0.23 0.28 0.19 0.23 0.27 0.21 0.18 0.17 0.15 0.41 0.33 0.06 0.24 0.39 0.11 0.24
0.06 0.12 0.12 0.03 0.15 0.21 0.22 0.09 0.12 0.19 0.28 0.00 0.10 0.24 0.25 0.18 0.10 0.07 0.14 0.28 0.18 0.18 0.27 0.09 0.09 0.17 0.08 0.06 0.20 0.21 0.05 0.13 0.07 0.21 0.11 0.20 0.26 0.25 0.10 0.04 0.23 0.19 0.12 0.08 0.11 0.17 0.24 0.28 0.08 0.23 0.21 0.12 0.13 0.28 0.21 0.07 0.12 0.17 0.06 0.17 0.10 0.14 0.11 0.16 0.16 0.11 0.10 0.07 0.16 0.12 0.25 0.06 0.13 0.16 0.18 0.02 0.09 0.17 0.19 0.07 0.23 0.11 0.13 0.13 0.09 0.25 0.19 0.14 0.17 0.09
0.04 0.13 0.11 0.10 0.13 0.11 0.20 0.10 0.05 0.17 0.18 0.10 0.00 0.14 0.15 0.16 0.15 0.09 0.04 0.18 0.08 0.17 0.17 0.06 0.11 0.15 0.05 0.16 0.18 0.19 0.05 0.11 0.04 0.11 0.21 0.10 0.24 0.15 0.12 0.14 0.21 0.17 0.02 0.18 0.13 0.15 0.17 0.26 0.02 0.13 0.11 0.09 0.05 0.26 0.11 0.06 0.11 0.07 0.04 0.15 0.08 0.04 0.17 0.14 0.08 0.08 0.01 0.16 0.14 0.02 0.15 0.16 0.11 0.06 0.17 0.10 0.03 0.15 0.17 0.07 0.21 0.10 0.04 0.23 0.15 0.15 0.17 0.21 0.07 0.07
0.18 0.27 0.25 0.24 0.15 0.17 0.27 0.24 0.12 0.19 0.09 0.24 0.14 0.00 0.09 0.26 0.29 0.23 0.11 0.07 0.18 0.15 0.05 0.20 0.24 0.27 0.17 0.30 0.25 0.07 0.19 0.21 0.17 0.13 0.35 0.18 0.12 0.10 0.25 0.28 0.21 0.29 0.15 0.33 0.27 0.10 0.03 0.12 0.17 0.03 0.10 0.22 0.11 0.21 0.10 0.20 0.22 0.11 0.18 0.14 0.17 0.13 0.32 0.29 0.08 0.22 0.14 0.31 0.28 0.16 0.07 0.30 0.18 0.20 0.19 0.24 0.15 0.19 0.23 0.21 0.14 0.23 0.11 0.38 0.29 0.15 0.21 0.36 0.14 0.21
0.19 0.18 0.16 0.24 0.16 0.09 0.28 0.24 0.13 0.19 0.03 0.25 0.15 0.09 0.00 0.27 0.29 0.22 0.11 0.03 0.10 0.15 0.04 0.16 0.15 0.28 0.17 0.31 0.25 0.14 0.20 0.21 0.17 0.04 0.36 0.10 0.19 0.01 0.20 0.29 0.21 0.29 0.13 0.33 0.20 0.11 0.12 0.21 0.17 0.06 0.04 0.14 0.12 0.21 0.04 0.21 0.23 0.07 0.19 0.15 0.18 0.11 0.32 0.29 0.09 0.14 0.14 0.31 0.28 0.12 0.02 0.31 0.18 0.11 0.20 0.24 0.15 0.19 0.23 0.18 0.16 0.15 0.12 0.38 0.29 0.06 0.21 0.36 0.08 0.21
0.16 0.29 0.27 0.15 0.11 0.23 0.04 0.09 0.14 0.07 0.30 0.18 0.16 0.26 0.27 0.00 0.09 0.25 0.15 0.30 0.21 0.11 0.29 0.22 0.27 0.01 0.11 0.19 0.02 0.20 0.13 0.05 0.12 0.23 0.09 0.21 0.14 0.27 0.28 0.15 0.05 0.03 0.18 0.13 0.29 0.17 0.26 0.16 0.17 0.25 0.23 0.25 0.15 0.10 0.23 0.11 0.06 0.19 0.14 0.12 0.09 0.16 0.07 0.02 0.18 0.24 0.15 0.11 0.02 0.18 0.27 0.15 0.08 0.22 0.07 0.16 0.14 0.07 0.03 0.24 0.12 0.26 0.15 0.11 0.09 0.27 0.06 0.10 0.18 0.10
0.10 0.21 0.18 0.07 0.13 0.26 0.12 0.05 0.16 0.10 0.32 0.10 0.15 0.29 0.29 0.09 0.00 0.17 0.18 0.32 0.22 0.14 0.31 0.14 0.18 0.08 0.12 0.11 0.10 0.22 0.10 0.07 0.12 0.26 0.07 0.24 0.17 0.29 0.19 0.06 0.14 0.10 0.16 0.04 0.21 0.19 0.28 0.18 0.12 0.28 0.26 0.17 0.17 0.18 0.25 0.09 0.07 0.22 0.10 0.15 0.11 0.18 0.03 0.07 0.21 0.16 0.15 0.02 0.06 0.17 0.30 0.07 0.11 0.20 0.10 0.07 0.14 0.10 0.09 0.15 0.15 0.17 0.17 0.09 0.00 0.29 0.10 0.07 0.21 0.08
0.09 0.09 0.10 0.10 0.22 0.18 0.29 0.17 0.14 0.26 0.25 0.07 0.09 0.23 0.22 0.25 0.17 0.00 0.12 0.25 0.15 0.26 0.24 0.06 0.06 0.25 0.14 0.09 0.27 0.28 0.12 0.20 0.13 0.18 0.16 0.17 0.33 0.22 0.02 0.11 0.30 0.26 0.09 0.12 0.04 0.25 0.26 0.35 0.09 0.20 0.18 0.09 0.14 0.35 0.18 0.14 0.20 0.15 0.12 0.24 0.17 0.11 0.18 0.24 0.17 0.08 0.10 0.15 0.23 0.10 0.22 0.10 0.20 0.13 0.26 0.10 0.12 0.25 0.26 0.04 0.30 0.08 0.13 0.20 0.17 0.22 0.27 0.21 0.14 0.16
0.08 0.15 0.13 0.13 0.10 0.08 0.17 0.13 0.02 0.15 0.14 0.14 0.04 0.11 0.11 0.15 0.18 0.12 0.00 0.14 0.07 0.14 0.13 0.09 0.13 0.17 0.06 0.20 0.15 0.16 0.09 0.11 0.06 0.08 0.25 0.07 0.21 0.11 0.14 0.17 0.18 0.18 0.04 0.22 0.16 0.13 0.14 0.24 0.06 0.10 0.07 0.11 0.03 0.23 0.07 0.10 0.12 0.04 0.08 0.12 0.07 0.02 0.21 0.18 0.06 0.11 0.03 0.20 0.17 0.05 0.12 0.20 0.08 0.09 0.14 0.13 0.04 0.13 0.14 0.10 0.18 0.12 0.02 0.27 0.18 0.11 0.15 0.25 0.03 0.10
0.22 0.20 0.18 0.27 0.19 0.11 0.31 0.28 0.16 0.22 0.02 0.28 0.18 0.07 0.03 0.30 0.32 0.25 0.14 0.00 0.12 0.19 0.02 0.19 0.19 0.31 0.20 0.34 0.29 0.12 0.23 0.25 0.20 0.07 0.39 0.12 0.17 0.03 0.23 0.32 0.25 0.32 0.16 0.36 0.24 0.13 0.09 0.19 0.20 0.05 0.07 0.16 0.15 0.25 0.07 0.24 0.26 0.11 0.22 0.18 0.21 0.14 0.35 0.32 0.12 0.17 0.17 0.34 0.31 0.15 0.03 0.34 0.21 0.14 0.23 0.28 0.19 0.23 0.27 0.21 0.18 0.17 0.15 0.41 0.33 0.08 0.24 0.39 0.11 0.24
0.12 0.08 0.06 0.17 0.17 0.04 0.25 0.17 0.10 0.22 0.10 0.18 0.08 0.18 0.10 0.21 0.22 0.15 0.07 0.12 0.00 0.21 0.14 0.09 0.09 0.21 0.10 0.24 0.23 0.24 0.13 0.16 0.10 0.06 0.29 0.02 0.29 0.09 0.13 0.22 0.26 0.22 0.06 0.26 0.14 0.20 0.21 0.31 0.10 0.15 0.09 0.06 0.10 0.31 0.09 0.14 0.16 0.07 0.12 0.20 0.13 0.05 0.25 0.22 0.13 0.07 0.07 0.24 0.21 0.06 0.12 0.24 0.15 0.02 0.21 0.17 0.09 0.20 0.21 0.11 0.26 0.07 0.09 0.31 0.23 0.07 0.22 0.29 0.04 0.14
0.17 0.30 0.27 0.15 0.04 0.20 0.12 0.09 0.12 0.04 0.19 0.18 0.17 0.15 0.15 0.11 0.14 0.26 0.14 0.19 0.21 0.00 0.18 0.23 0.27 0.12 0.12 0.20 0.10 0.09 0.14 0.06 0.13 0.16 0.20 0.21 0.07 0.16 0.28 0.15 0.06 0.14 0.18 0.17 0.30 0.06 0.15 0.10 0.17 0.14 0.12 0.25 0.12 0.09 0.12 0.12 0.07 0.14 0.14 0.02 0.08 0.16 0.16 0.13 0.09 0.25 0.16 0.15 0.12 0.19 0.16 0.15 0.06 0.23 0.04 0.16 0.14 0.04 0.08 0.24 0.04 0.26 0.12 0.22 0.14 0.17 0.05 0.21 0.17 0.10
0.21 0.22 0.20 0.26 0.18 0.12 0.30 0.27 0.15 0.21 0.04 0.27 0.17 0.05 0.04 0.29 0.31 0.24 0.13 0.02 0.14 0.18 0.00 0.18 0.19 0.30 0.19 0.33 0.28 0.10 0.22 0.24 0.19 0.08 0.38 0.13 0.15 0.04 0.22 0.31 0.24 0.31 0.15 0.35 0.23 0.12 0.08 0.17 0.19 0.04 0.06 0.17 0.14 0.24 0.06 0.23 0.25 0.10 0.21 0.17 0.20 0.13 0.34 0.31 0.11 0.17 0.17 0.33 0.30 0.15 0.02 0.33 0.21 0.15 0.22 0.27 0.18 0.21 0.26 0.20 0.17 0.18 0.14 0.40 0.32 0.10 0.23 0.38 0.10 0.23
0.06 0.07 0.04 0.08 0.19 0.12 0.26 0.14 0.11 0.23 0.19 0.09 0.06 0.20 0.16 0.22 0.14 0.06 0.09 0.19 0.09 0.23 0.18 0.00 0.04 0.22 0.11 0.15 0.24 0.25 0.09 0.17 0.10 0.12 0.20 0.11 0.30 0.16 0.05 0.13 0.27 0.23 0.04 0.17 0.07 0.22 0.23 0.32 0.06 0.17 0.12 0.03 0.11 0.32 0.12 0.11 0.17 0.09 0.09 0.21 0.15 0.07 0.16 0.21 0.14 0.02 0.07 0.15 0.20 0.04 0.16 0.15 0.17 0.07 0.23 0.09 0.09 0.21 0.23 0.02 0.27 0.03 0.10 0.22 0.14 0.16 0.24 0.20 0.08 0.13
0.10 0.03 0.03 0.12 0.23 0.12 0.31 0.18 0.15 0.28 0.19 0.09 0.11 0.24 0.15 0.27 0.18 0.06 0.13 0.19 0.09 0.27 0.19 0.04 0.00 0.26 0.15 0.15 0.28 0.29 0.14 0.21 0.14 0.12 0.20 0.11 0.34 0.16 0.04 0.13 0.32 0.28 0.09 0.17 0.05 0.26 0.27 0.37 0.10 0.21 0.15 0.03 0.15 0.36 0.15 0.15 0.21 0.13 0.13 0.26 0.19 0.11 0.20 0.25 0.18 0.02 0.11 0.16 0.24 0.08 0.17 0.15 0.21 0.07 0.27 0.11 0.13 0.26 0.27 0.03 0.32 0.02 0.15 0.22 0.18 0.16 0.28 0.22 0.10 0.17
0.16 0.29 0.26 0.15 0.12 0.24 0.04 0.08 0.15 0.09 0.31 0.17 0.15 0.27 0.28 0.01 0.08 0.25 0.17 0.31 0.21 0.12 0.30 0.22 0.26 0.00 0.11 0.18 0.02 0.21 0.12 0.06 0.12 0.24 0.09 0.23 0.15 0.28 0.27 0.14 0.06 0.02 0.17 0.12 0.29 0.17 0.27 0.17 0.16 0.26 0.24 0.24 0.16 0.10 0.24 0.11 0.05 0.20 0.13 0.13 0.10 0.17 0.06 0.01 0.19 0.24 0.15 0.10 0.02 0.18 0.28 0.15 0.09 0.22 0.08 0.15 0.13 0.08 0.04 0.23 0.13 0.25 0.16 0.10 0.08 0.28 0.07 0.09 0.20 0.09
0.05 0.18 0.15 0.07 0.08 0.14 0.15 0.07 0.04 0.12 0.20 0.08 0.05 0.17 0.17 0.11 0.12 0.14 0.06 0.20 0.10 0.12 0.19 0.11 0.15 0.11 0.00 0.14 0.13 0.14 0.03 0.06 0.01 0.14 0.19 0.12 0.19 0.17 0.16 0.12 0.16 0.12 0.07 0.16 0.18 0.11 0.16 0.21 0.06 0.15 0.13 0.13 0.05 0.21 0.13 0.04 0.06 0.10 0.03 0.10 0.04 0.06 0.15 0.12 0.08 0.13 0.04 0.14 0.11 0.07 0.17 0.14 0.06 0.11 0.12 0.07 0.02 0.11 0.12 0.12 0.16 0.14 0.05 0.21 0.12 0.17 0.12 0.19 0.09 0.04
0.12 0.17 0.18 0.07 0.16 0.27 0.23 0.10 0.18 0.20 0.34 0.06 0.16 0.30 0.31 0.19 0.11 0.09 0.20 0.34 0.24 0.20 0.33 0.15 0.15 0.18 0.14 0.00 0.21 0.24 0.11 0.14 0.14 0.27 0.10 0.26 0.27 0.31 0.11 0.04 0.24 0.20 0.18 0.06 0.10 0.21 0.30 0.29 0.14 0.29 0.27 0.18 0.19 0.29 0.27 0.10 0.14 0.23 0.12 0.18 0.13 0.20 0.12 0.17 0.22 0.17 0.16 0.08 0.17 0.18 0.31 0.04 0.14 0.22 0.20 0.06 0.15 0.18 0.20 0.12 0.24 0.17 0.19 0.13 0.10 0.31 0.20 0.15 0.23 0.10
0.18 0.31 0.29 0.17 0.10 0.22 0.02 0.11 0.13 0.06 0.29 0.20 0.18 0.25 0.25 0.02 0.10 0.27 0.15 0.29 0.23 0.10 0.28 0.24 0.28 0.02 0.13 0.21 0.00 0.18 0.15 0.07 0.14 0.22 0.11 0.22 0.13 0.26 0.29 0.16 0.04 0.04 0.20 0.15 0.31 0.15 0.24 0.15 0.18 0.24 0.22 0.26 0.14 0.08 0.21 0.13 0.07 0.18 0.15 0.11 0.10 0.17 0.09 0.04 0.17 0.26 0.17 0.12 0.04 0.20 0.26 0.17 0.07 0.24 0.06 0.17 0.15 0.06 0.02 0.25 0.11 0.27 0.14 0.12 0.11 0.26 0.04 0.11 0.18 0.11
0.19 0.32 0.30 0.18 0.09 0.23 0.21 0.17 0.14 0.12 0.14 0.21 0.19 0.07 0.14 0.20 0.22 0.28 0.16 0.12 0.24 0.09 0.10 0.25 0.29 0.21 0.14 0.24 0.18 0.00 0.16 0.15 0.15 0.18 0.29 0.23 0.06 0.15 0.30 0.22 0.15 0.22 0.21 0.26 0.32 0.03 0.06 0.07 0.20 0.08 0.15 0.27 0.14 0.15 0.15 0.14 0.16 0.16 0.17 0.08 0.11 0.18 0.25 0.22 0.11 0.27 0.18 0.24 0.21 0.21 0.12 0.24 0.12 0.25 0.13 0.18 0.16 0.12 0.17 0.26 0.08 0.28 0.15 0.31 0.23 0.20 0.14 0.29 0.19 0.14
0.03 0.16 0.14 0.04 0.10 0.16 0.17 0.05 0.07 0.14 0.23 0.05 0.05 0.19 0.20 0.13 0.10 0.12 0.09 0.23 0.13 0.14 0.22 0.09 0.14 0.12 0.03 0.11 0.15 0.16 0.00 0.08 0.03 0.16 0.16 0.15 0.21 0.20 0.15 0.09 0.18 0.14 0.07 0.13 0.16 0.12 0.18 0.23 0.04 0.18 0.16 0.12 0.08 0.23 0.16 0.02 0.07 0.12 0.01 0.12 0.05 0.09 0.12 0.11 0.11 0.11 0.05 0.11 0.11 0.07 0.20 0.11 0.08 0.11 0.14 0.05 0.04 0.12 0.14 0.11 0.18 0.12 0.08 0.18 0.10 0.20 0.14 0.17 0.12 0.04
0.11 0.24 0.22 0.10 0.06 0.18 0.09 0.04 0.09 0.06 0.25 0.13 0.11 0.21 0.21 0.05 0.07 0.20 0.11 0.25 0.16 0.06 0.24 0.17 0.21 0.06 0.06 0.14 0.07 0.15 0.08 0.00 0.07 0.18 0.14 0.17 0.13 0.22 0.23 0.10 0.10 0.07 0.13 0.11 0.24 0.12 0.21 0.15 0.12 0.20 0.18 0.20 0.10 0.15 0.18 0.06 0.01 0.14 0.09 0.07 0.04 0.11 0.10 0.07 0.13 0.19 0.10 0.09 0.06 0.13 0.22 0.10 0.03 0.17 0.06 0.11 0.09 0.04 0.06 0.18 0.10 0.21 0.10 0.16 0.08 0.22 0.06 0.15 0.14 0.04
0.04 0.17 0.14 0.07 0.09 0.14 0.17 0.07 0.04 0.14 0.20 0.07 0.04 0.17 0.17 0.12 0.12 0.13 0.06 0.20 0.10 0.13 0.19 0.10 0.14 0.12 0.01 0.14 0.14 0.15 0.03 0.07 0.00 0.14 0.18 0.12 0.20 0.17 0.15 0.12 0.17 0.14 0.05 0.16 0.17 0.12 0.16 0.23 0.04 0.15 0.14 0.12 0.06 0.22 0.13 0.04 0.07 0.10 0.02 0.12 0.05 0.07 0.15 0.12 0.09 0.12 0.03 0.14 0.11 0.06 0.17 0.14 0.07 0.10 0.13 0.07 0.02 0.12 0.13 0.11 0.17 0.13 0.06 0.21 0.12 0.17 0.14 0.19 0.09 0.04
0.15 0.14 0.12 0.21 0.12 0.04 0.24 0.21 0.10 0.16 0.07 0.21 0.11 0.13 0.04 0.23 0.26 0.18 0.08 0.07 0.06 0.16 0.08 0.12 0.12 0.24 0.14 0.27 0.22 0.18 0.16 0.18 0.14 0.00 0.32 0.05 0.23 0.04 0.16 0.25 0.20 0.26 0.10 0.30 0.17 0.15 0.16 0.25 0.14 0.10 0.03 0.09 0.08 0.25 0.04 0.17 0.19 0.04 0.15 0.14 0.15 0.07 0.29 0.26 0.07 0.11 0.11 0.28 0.25 0.09 0.06 0.27 0.15 0.07 0.16 0.21 0.12 0.16 0.20 0.15 0.20 0.10 0.08 0.35 0.26 0.04 0.17 0.33 0.05 0.18
0.17 0.23 0.23 0.12 0.20 0.32 0.13 0.11 0.23 0.17 0.39 0.11 0.21 0.35 0.36 0.09 0.07 0.16 0.25 0.39 0.29 0.20 0.38 0.20 0.20 0.09 0.19 0.10 0.11 0.29 0.16 0.14 0.18 0.32 0.00 0.31 0.23 0.36 0.18 0.07 0.14 0.10 0.23 0.04 0.20 0.26 0.35 0.25 0.19 0.34 0.32 0.23 0.24 0.19 0.32 0.15 0.13 0.28 0.17 0.21 0.18 0.25 0.04 0.07 0.27 0.22 0.21 0.05 0.08 0.23 0.36 0.06 0.17 0.27 0.16 0.11 0.20 0.16 0.12 0.17 0.21 0.22 0.24 0.03 0.06 0.36 0.15 0.04 0.28 0.15
0.14 0.09 0.07 0.19 0.17 0.02 0.25 0.19 0.09 0.21 0.10 0.20 0.10 0.18 0.10 0.21 0.24 0.17 0.07 0.12 0.02 0.21 0.13 0.11 0.11 0.23 0.12 0.26 0.22 0.23 0.15 0.17 0.12 0.05 0.31 0.00 0.28 0.09 0.15 0.24 0.26 0.24 0.08 0.28 0.15 0.20 0.21 0.31 0.12 0.15 0.09 0.07 0.10 0.30 0.09 0.15 0.17 0.07 0.14 0.20 0.13 0.06 0.27 0.24 0.12 0.09 0.09 0.26 0.23 0.07 0.12 0.26 0.15 0.04 0.21 0.19 0.11 0.20 0.21 0.13 0.26 0.09 0.09 0.33 0.24 0.05 0.22 0.31 0.04 0.16
0.24 0.37 0.35 0.23 0.11 0.28 0.15 0.17 0.19 0.07 0.18 0.26 0.24 0.12 0.19 0.14 0.17 0.33 0.21 0.17 0.29 0.07 0.15 0.30 0.34 0.15 0.19 0.27 0.13 0.06 0.21 0.13 0.20 0.23 0.23 0.28 0.00 0.20 0.35 0.22 0.09 0.17 0.26 0.21 0.37 0.08 0.11 0.02 0.25 0.13 0.20 0.32 0.19 0.09 0.20 0.19 0.13 0.21 0.21 0.09 0.15 0.23 0.20 0.17 0.16 0.32 0.23 0.18 0.15 0.26 0.17 0.23 0.13 0.30 0.07 0.24 0.21 0.09 0.11 0.31 0.03 0.33 0.20 0.26 0.17 0.25 0.09 0.24 0.24 0.17
0.19 0.17 0.15 0.24 0.16 0.08 0.28 0.25 0.13 0.19 0.03 0.25 0.15 0.10 0.01 0.27 0.29 0.22 0.11 0.03 0.09 0.16 0.04 0.16 0.16 0.28 0.17 0.31 0.26 0.15 0.20 0.22 0.17 0.04 0.36 0.09 0.20 0.00 0.20 0.29 0.22 0.29 0.13 0.33 0.21 0.11 0.12 0.22 0.17 0.06 0.04 0.13 0.12 0.21 0.04 0.21 0.23 0.07 0.19 0.15 0.18 0.11 0.32 0.29 0.09 0.14 0.15 0.31 0.28 0.12 0.03 0.31 0.18 0.11 0.20 0.25 0.16 0.20 0.24 0.18 0.17 0.14 0.12 0.38 0.30 0.05 0.21 0.36 0.08 0.21
0.11 0.07 0.07 0.12 0.24 0.16 0.32 0.19 0.16 0.29 0.23 0.10 0.12 0.25 0.20 0.28 0.19 0.02 0.14 0.23 0.13 0.28 0.22 0.05 0.04 0.27 0.16 0.11 0.29 0.30 0.15 0.23 0.15 0.16 0.18 0.15 0.35 0.20 0.00 0.13 0.33 0.29 0.10 0.15 0.02 0.27 0.28 0.38 0.11 0.22 0.16 0.07 0.17 0.37 0.16 0.17 0.22 0.14 0.14 0.27 0.20 0.12 0.21 0.26 0.20 0.06 0.12 0.17 0.25 0.09 0.20 0.12 0.22 0.11 0.28 0.12 0.14 0.27 0.28 0.04 0.33 0.06 0.15 0.22 0.19 0.20 0.29 0.23 0.12 0.18
0.10 0.15 0.16 0.04 0.13 0.25 0.18 0.06 0.16 0.15 0.32 0.04 0.14 0.28 0.29 0.15 0.06 0.11 0.17 0.32 0.22 0.15 0.31 0.13 0.13 0.14 0.12 0.04 0.16 0.22 0.09 0.10 0.12 0.25 0.07 0.24 0.22 0.29 0.13 0.00 0.20 0.15 0.16 0.04 0.15 0.18 0.28 0.25 0.12 0.27 0.25 0.16 0.17 0.24 0.25 0.08 0.09 0.21 0.10 0.14 0.11 0.18 0.08 0.13 0.20 0.15 0.14 0.04 0.12 0.16 0.29 0.02 0.10 0.20 0.15 0.04 0.13 0.14 0.15 0.11 0.20 0.15 0.17 0.09 0.06 0.29 0.16 0.10 0.21 0.07
0.21 0.34 0.32 0.20 0.08 0.25 0.06 0.14 0.16 0.04 0.25 0.23 0.21 0.21 0.21 0.05 0.14 0.30 0.18 0.25 0.26 0.06 0.24 0.27 0.32 0.06 0.16 0.24 0.04 0.15 0.18 0.10 0.17 0.20 0.14 0.26 0.09 0.22 0.33 0.20 0.00 0.07 0.23 0.18 0.34 0.12 0.21 0.11 0.22 0.20 0.18 0.30 0.16 0.05 0.18 0.16 0.11 0.18 0.19 0.07 0.13 0.21 0.12 0.07 0.13 0.29 0.20 0.16 0.07 0.23 0.22 0.20 0.10 0.27 0.04 0.21 0.18 0.06 0.04 0.29 0.07 0.31 0.17 0.16 0.14 0.22 0.04 0.15 0.21 0.15
0.17 0.30 0.28 0.16 0.13 0.26 0.03 0.10 0.16 0.10 0.32 0.19 0.17 0.29 0.29 0.03 0.10 0.26 0.18 0.32 0.22 0.14 0.31 0.23 0.28 0.02 0.12 0.20 0.04 0.22 0.14 0.07 0.14 0.26 0.10 0.24 0.17 0.29 0.29 0.15 0.07 0.00 0.19 0.14 0.30 0.19 0.28 0.18 0.18 0.28 0.26 0.26 0.17 0.09 0.25 0.12 0.07 0.22 0.15 0.15 0.11 0.18 0.08 0.03 0.21 0.25 0.16 0.12 0.03 0.19 0.30 0.16 0.11 0.23 0.10 0.17 0.15 0.10 0.06 0.25 0.15 0.27 0.17 0.09 0.10 0.29 0.08 0.07 0.21 0.11
0.06 0.11 0.09 0.11 0.15 0.10 0.22 0.12 0.07 0.19 0.16 0.12 0.02 0.15 0.13 0.18 0.16 0.09 0.04 0.16 0.06 0.18 0.15 0.04 0.09 0.17 0.07 0.18 0.20 0.21 0.07 0.13 0.05 0.10 0.23 0.08 0.26 0.13 0.10 0.16 0.23 0.19 0.00 0.20 0.12 0.17 0.18 0.28 0.04 0.12 0.09 0.07 0.07 0.28 0.09 0.08 0.12 0.06 0.06 0.17 0.10 0.02 0.19 0.16 0.10 0.07 0.03 0.18 0.15 0.01 0.13 0.18 0.12 0.04 0.18 0.12 0.04 0.17 0.18 0.06 0.23 0.08 0.06 0.25 0.17 0.13 0.19 0.23 0.05 0.08
0.14 0.20 0.21 0.09 0.17 0.30 0.17 0.09 0.20 0.14 0.36 0.08 0.18 0.33 0.33 0.13 0.04 0.12 0.22 0.36 0.26 0.17 0.35 0.17 0.17 0.12 0.16 0.06 0.15 0.26 0.13 0.11 0.16 0.30 0.04 0.28 0.21 0.33 0.15 0.04 0.18 0.14 0.20 0.00 0.17 0.23 0.32 0.23 0.16 0.31 0.29 0.20 0.21 0.23 0.29 0.12 0.10 0.26 0.14 0.18 0.15 0.22 0.06 0.11 0.24 0.19 0.18 0.02 0.11 0.21 0.33 0.02 0.15 0.24 0.13 0.09 0.17 0.14 0.14 0.15 0.18 0.19 0.21 0.07 0.04 0.33 0.14 0.08 0.25 0.12
0.13 0.07 0.08 0.14 0.26 0.17 0.33 0.21 0.18 0.30 0.24 0.11 0.13 0.27 0.20 0.29 0.21 0.04 0.16 0.24 0.14 0.30 0.23 0.07 0.05 0.29 0.18 0.10 0.31 0.32 0.16 0.24 0.17 0.17 0.20 0.15 0.37 0.21 0.02 0.15 0.34 0.30 0.12 0.17 0.00 0.29 0.30 0.39 0.12 0.24 0.17 0.08 0.18 0.39 0.17 0.18 0.24 0.16 0.15 0.28 0.21 0.14 0.23 0.28 0.21 0.07 0.14 0.18 0.27 0.11 0.21 0.14 0.24 0.12 0.30 0.14 0.16 0.29 0.30 0.06 0.34 0.07 0.17 0.24 0.21 0.21 0.31 0.25 0.13 0.20
0.16 0.29 0.26 0.15 0.06 0.19 0.17 0.14 0.11 0.09 0.13 0.17 0.15 0.10 0.11 0.17 0.19 0.25 0.13 0.13 0.20 0.06 0.12 0.22 0.26 0.17 0.11 0.21 0.15 0.03 0.12 0.12 0.12 0.15 0.26 0.20 0.08 0.11 0.27 0.18 0.12 0.19 0.17 0.23 0.29 0.00 0.09 0.11 0.16 0.09 0.12 0.24 0.11 0.11 0.11 0.11 0.12 0.13 0.13 0.04 0.08 0.15 0.22 0.19 0.07 0.24 0.15 0.21 0.18 0.18 0.11 0.21 0.08 0.22 0.10 0.15 0.13 0.09 0.13 0.23 0.06 0.25 0.12 0.28 0.19 0.16 0.11 0.26 0.16 0.11
0.18 0.30 0.27 0.23 0.15 0.20 0.27 0.23 0.12 0.18 0.11 0.24 0.17 0.03 0.12 0.26 0.28 0.26 0.14 0.09 0.21 0.15 0.08 0.23 0.27 0.27 0.16 0.30 0.24 0.06 0.18 0.21 0.16 0.16 0.35 0.21 0.11 0.12 0.28 0.28 0.21 0.28 0.18 0.32 0.30 0.09 0.00 0.10 0.17 0.06 0.12 0.25 0.12 0.20 0.12 0.20 0.21 0.14 0.18 0.14 0.17 0.16 0.31 0.28 0.09 0.25 0.16 0.30 0.27 0.19 0.10 0.30 0.17 0.23 0.18 0.23 0.15 0.18 0.22 0.24 0.14 0.26 0.12 0.37 0.28 0.17 0.20 0.35 0.17 0.20
0.26 0.39 0.37 0.25 0.13 0.30 0.17 0.19 0.21 0.09 0.21 0.28 0.26 0.12 0.21 0.16 0.18 0.35 0.24 0.19 0.31 0.10 0.17 0.32 0.37 0.17 0.21 0.29 0.15 0.07 0.23 0.15 0.23 0.25 0.25 0.31 0.02 0.22 0.38 0.25 0.11 0.18 0.28 0.23 0.39 0.11 0.10 0.00 0.27 0.15 0.22 0.35 0.21 0.11 0.22 0.21 0.15 0.23 0.24 0.11 0.18 0.26 0.21 0.18 0.18 0.34 0.25 0.21 0.17 0.28 0.19 0.25 0.15 0.32 0.10 0.26 0.24 0.11 0.13 0.34 0.05 0.36 0.22 0.27 0.19 0.27 0.10 0.26 0.27 0.20
0.02 0.12 0.10 0.07 0.14 0.14 0.21 0.08 0.06 0.18 0.20 0.08 0.02 0.17 0.17 0.17 0.12 0.09 0.06 0.20 0.10 0.17 0.19 0.06 0.10 0.16 0.06 0.14 0.18 0.20 0.04 0.12 0.04 0.14 0.19 0.12 0.25 0.17 0.11 0.12 0.22 0.18 0.04 0.16 0.12 0.16 0.17 0.27 0.00 0.15 0.13 0.08 0.06 0.27 0.13 0.06 0.11 0.10 0.03 0.16 0.09 0.06 0.15 0.15 0.09 0.07 0.03 0.14 0.15 0.04 0.17 0.14 0.12 0.08 0.17 0.07 0.03 0.16 0.17 0.07 0.22 0.09 0.05 0.21 0.12 0.17 0.18 0.19 0.09 0.07
0.17 0.24 0.21 0.23 0.14 0.14 0.26 0.23 0.11 0.17 0.05 0.23 0.13 0.03 0.06 0.25 0.28 0.20 0.10 0.05 0.15 0.14 0.04 0.17 0.21 0.26 0.15 0.29 0.24 0.08 0.18 0.20 0.15 0.10 0.34 0.15 0.13 0.06 0.22 0.27 0.20 0.28 0.12 0.31 0.24 0.09 0.06 0.15 0.15 0.00 0.07 0.19 0.10 0.20 0.06 0.19 0.21 0.08 0.17 0.13 0.16 0.10 0.30 0.27 0.07 0.19 0.13 0.29 0.26 0.13 0.04 0.29 0.17 0.17 0.18 0.23 0.14 0.18 0.22 0.18 0.13 0.20 0.10 0.36 0.28 0.11 0.19 0.35 0.11 0.20
0.15 0.17 0.15 0.21 0.12 0.08 0.24 0.21 0.09 0.15 0.07 0.21 0.11 0.10 0.04 0.23 0.26 0.18 0.07 0.07 0.09 0.12 0.06 0.12 0.15 0.24 0.13 0.27 0.22 0.15 0.16 0.18 0.14 0.03 0.32 0.09 0.20 0.04 0.16 0.25 0.18 0.26 0.09 0.29 0.17 0.12 0.12 0.22 0.13 0.07 0.00 0.12 0.08 0.22 0.00 0.17 0.19 0.04 0.15 0.11 0.14 0.07 0.28 0.25 0.05 0.12 0.11 0.27 0.24 0.09 0.04 0.27 0.15 0.10 0.16 0.21 0.12 0.16 0.20 0.15 0.17 0.14 0.08 0.34 0.26 0.05 0.17 0.33 0.04 0.17
0.08 0.04 0.02 0.12 0.21 0.09 0.29 0.16 0.13 0.26 0.16 0.12 0.09 0.22 0.14 0.25 0.17 0.09 0.11 0.16 0.06 0.25 0.17 0.03 0.03 0.24 0.13 0.18 0.26 0.27 0.12 0.20 0.12 0.09 0.23 0.07 0.32 0.13 0.07 0.16 0.30 0.26 0.07 0.20 0.08 0.24 0.25 0.35 0.08 0.19 0.12 0.00 0.14 0.34 0.13 0.14 0.19 0.11 0.11 0.24 0.17 0.09 0.19 0.23 0.17 0.01 0.09 0.18 0.22 0.06 0.15 0.18 0.19 0.04 0.25 0.12 0.11 0.24 0.25 0.06 0.30 0.01 0.12 0.25 0.17 0.13 0.26 0.24 0.08 0.15
0.07 0.18 0.16 0.12 0.08 0.09 0.16 0.13 0.01 0.12 0.15 0.13 0.05 0.11 0.12 0.15 0.17 0.14 0.03 0.15 0.10 0.12 0.14 0.11 0.15 0.16 0.05 0.19 0.14 0.14 0.08 0.10 0.06 0.08 0.24 0.10 0.19 0.12 0.17 0.17 0.16 0.17 0.07 0.21 0.18 0.11 0.12 0.21 0.06 0.10 0.08 0.14 0.00 0.21 0.08 0.09 0.11 0.04 0.07 0.10 0.06 0.04 0.20 0.17 0.03 0.13 0.04 0.19 0.16 0.07 0.12 0.19 0.07 0.11 0.12 0.13 0.04 0.10 0.12 0.12 0.16 0.15 0.01 0.26 0.18 0.12 0.12 0.25 0.06 0.10
0.26 0.39 0.37 0.25 0.13 0.30 0.06 0.18 0.21 0.09 0.25 0.28 0.26 0.21 0.21 0.10 0.18 0.35 0.23 0.25 0.31 0.09 0.24 0.32 0.36 0.10 0.21 0.29 0.08 0.15 0.23 0.15 0.22 0.25 0.19 0.30 0.09 0.21 0.37 0.24 0.05 0.09 0.28 0.23 0.39 0.11 0.20 0.11 0.27 0.20 0.22 0.34 0.21 0.00 0.21 0.21 0.15 0.23 0.24 0.11 0.17 0.25 0.17 0.12 0.18 0.34 0.25 0.21 0.12 0.28 0.22 0.25 0.15 0.32 0.09 0.26 0.23 0.11 0.09 0.33 0.07 0.35 0.22 0.17 0.18 0.27 0.09 0.15 0.26 0.19
0.15 0.17 0.15 0.20 0.12 0.08 0.24 0.21 0.09 0.15 0.07 0.21 0.11 0.10 0.04 0.23 0.25 0.18 0.07 0.07 0.09 0.12 0.06 0.12 0.15 0.24 0.13 0.27 0.21 0.15 0.16 0.18 0.13 0.04 0.32 0.09 0.20 0.04 0.16 0.25 0.18 0.25 0.09 0.29 0.17 0.11 0.12 0.22 0.13 0.06 0.00 0.13 0.08 0.21 0.00 0.17 0.19 0.04 0.15 0.11 0.14 0.07 0.28 0.25 0.05 0.12 0.11 0.27 0.24 0.09 0.04 0.27 0.15 0.11 0.16 0.21 0.12 0.15 0.20 0.14 0.17 0.14 0.08 0.34 0.26 0.05 0.17 0.32 0.05 0.17
0.05 0.18 0.16 0.04 0.08 0.17 0.15 0.04 0.08 0.12 0.24 0.07 0.06 0.20 0.21 0.11 0.09 0.14 0.10 0.24 0.14 0.12 0.23 0.11 0.15 0.11 0.04 0.10 0.13 0.14 0.02 0.06 0.04 0.17 0.15 0.15 0.19 0.21 0.17 0.08 0.16 0.12 0.08 0.12 0.18 0.11 0.20 0.21 0.06 0.19 0.17 0.14 0.09 0.21 0.17 0.00 0.06 0.13 0.03 0.10 0.03 0.10 0.11 0.09 0.12 0.13 0.06 0.10 0.09 0.08 0.21 0.10 0.06 0.12 0.12 0.05 0.05 0.10 0.12 0.12 0.16 0.15 0.09 0.17 0.09 0.21 0.12 0.15 0.12 0.02
0.11 0.24 0.21 0.10 0.07 0.19 0.10 0.03 0.10 0.07 0.26 0.12 0.11 0.22 0.23 0.06 0.07 0.20 0.12 0.26 0.16 0.07 0.25 0.17 0.21 0.05 0.06 0.14 0.07 0.16 0.07 0.01 0.07 0.19 0.13 0.17 0.13 0.23 0.22 0.09 0.11 0.07 0.12 0.10 0.24 0.12 0.21 0.15 0.11 0.21 0.19 0.19 0.11 0.15 0.19 0.06 0.00 0.15 0.08 0.08 0.05 0.12 0.09 0.06 0.14 0.19 0.10 0.08 0.05 0.13 0.23 0.10 0.04 0.17 0.06 0.10 0.08 0.05 0.06 0.18 0.11 0.20 0.11 0.15 0.07 0.23 0.07 0.14 0.15 0.04
0.12 0.16 0.14 0.17 0.10 0.07 0.20 0.17 0.06 0.14 0.11 0.17 0.07 0.11 0.07 0.19 0.22 0.15 0.04 0.11 0.07 0.14 0.10 0.09 0.13 0.20 0.10 0.23 0.18 0.16 0.12 0.14 0.10 0.04 0.28 0.07 0.21 0.07 0.14 0.21 0.18 0.22 0.06 0.26 0.16 0.13 0.14 0.23 0.10 0.08 0.04 0.11 0.04 0.23 0.04 0.13 0.15 0.00 0.12 0.12 0.11 0.03 0.25 0.21 0.05 0.11 0.07 0.24 0.21 0.05 0.08 0.23 0.11 0.09 0.14 0.17 0.08 0.12 0.16 0.11 0.18 0.12 0.04 0.31 0.22 0.07 0.15 0.29 0.03 0.14
0.03 0.15 0.13 0.05 0.11 0.15 0.18 0.06 0.06 0.15 0.22 0.06 0.04 0.18 0.19 0.14 0.10 0.12 0.08 0.22 0.12 0.14 0.21 0.09 0.13 0.13 0.03 0.12 0.15 0.17 0.01 0.09 0.02 0.15 0.17 0.14 0.21 0.19 0.14 0.10 0.19 0.15 0.06 0.14 0.15 0.13 0.18 0.24 0.03 0.17 0.15 0.11 0.07 0.24 0.15 0.03 0.08 0.12 0.00 0.13 0.06 0.08 0.13 0.12 0.10 0.11 0.04 0.12 0.12 0.07 0.19 0.12 0.09 0.10 0.14 0.06 0.03 0.13 0.15 0.10 0.19 0.12 0.07 0.19 0.11 0.19 0.15 0.17 0.11 0.04
0.15 0.28 0.26 0.14 0.02 0.19 0.13 0.10 0.10 0.04 0.18 0.17 0.15 0.14 0.15 0.12 0.15 0.24 0.12 0.18 0.20 0.02 0.17 0.21 0.26 0.13 0.10 0.18 0.11 0.08 0.12 0.07 0.12 0.14 0.21 0.20 0.09 0.15 0.27 0.14 0.07 0.15 0.17 0.18 0.28 0.04 0.14 0.11 0.16 0.13 0.11 0.24 0.10 0.11 0.11 0.10 0.08 0.12 0.13 0.00 0.07 0.15 0.17 0.14 0.07 0.23 0.14 0.16 0.13 0.17 0.15 0.16 0.04 0.21 0.05 0.15 0.12 0.05 0.09 0.23 0.06 0.25 0.11 0.23 0.15 0.16 0.06 0.21 0.15 0.09
0.09 0.21 0.19 0.07 0.04 0.15 0.12 0.07 0.05 0.09 0.21 0.10 0.08 0.17 0.18 0.09 0.11 0.17 0.07 0.21 0.13 0.08 0.20 0.15 0.19 0.10 0.04 0.13 0.10 0.11 0.05 0.04 0.05 0.15 0.18 0.13 0.15 0.18 0.20 0.11 0.13 0.11 0.10 0.15 0.21 0.08 0.17 0.18 0.09 0.16 0.14 0.17 0.06 0.17 0.14 0.03 0.05 0.11 0.06 0.07 0.00 0.08 0.14 0.11 0.09 0.17 0.07 0.13 0.10 0.11 0.18 0.13 0.03 0.15 0.08 0.08 0.06 0.07 0.09 0.16 0.13 0.18 0.06 0.20 0.12 0.18 0.09 0.18 0.10 0.03
0.08 0.14 0.11 0.14 0.12 0.07 0.20 0.14 0.04 0.17 0.14 0.14 0.04 0.13 0.11 0.16 0.18 0.11 0.02 0.14 0.05 0.16 0.13 0.07 0.11 0.17 0.06 0.20 0.17 0.18 0.09 0.11 0.07 0.07 0.25 0.06 0.23 0.11 0.12 0.18 0.21 0.18 0.02 0.22 0.14 0.15 0.16 0.26 0.06 0.10 0.07 0.09 0.04 0.25 0.07 0.10 0.12 0.03 0.08 0.15 0.08 0.00 0.21 0.18 0.07 0.09 0.04 0.20 0.17 0.03 0.11 0.20 0.10 0.07 0.16 0.14 0.05 0.15 0.16 0.08 0.21 0.10 0.04 0.27 0.19 0.11 0.17 0.26 0.03 0.11
0.13 0.22 0.20 0.08 0.16 0.29 0.11 0.07 0.19 0.13 0.35 0.11 0.17 0.32 0.32 0.07 0.03 0.18 0.21 0.35 0.25 0.16 0.34 0.16 0.20 0.06 0.15 0.12 0.09 0.25 0.12 0.10 0.15 0.29 0.04 0.27 0.20 0.32 0.21 0.08 0.12 0.08 0.19 0.06 0.23 0.22 0.31 0.21 0.15 0.30 0.28 0.19 0.20 0.17 0.28 0.11 0.09 0.25 0.13 0.17 0.14 0.21 0.00 0.05 0.23 0.18 0.17 0.04 0.04 0.20 0.32 0.08 0.14 0.23 0.12 0.09 0.16 0.12 0.09 0.17 0.17 0.19 0.20 0.06 0.03 0.32 0.11 0.04 0.24 0.11
0.15 0.27 0.25 0.13 0.13 0.26 0.06 0.07 0.16 0.10 0.32 0.16 0.14 0.29 0.29 0.02 0.07 0.24 0.18 0.32 0.22 0.13 0.31 0.21 0.25 0.01 0.12 0.17 0.04 0.22 0.11 0.07 0.12 0.26 0.07 0.24 0.17 0.29 0.26 0.13 0.07 0.03 0.16 0.11 0.28 0.19 0.28 0.18 0.15 0.27 0.25 0.23 0.17 0.12 0.25 0.09 0.06 0.21 0.12 0.14 0.11 0.18 0.05 0.00 0.20 0.23 0.15 0.09 0.01 0.17 0.29 0.13 0.11 0.21 0.09 0.14 0.13 0.10 0.06 0.22 0.14 0.24 0.17 0.09 0.07 0.29 0.08 0.07 0.21 0.08
0.10 0.21 0.19 0.15 0.07 0.12 0.19 0.16 0.04 0.11 0.12 0.16 0.08 0.08 0.09 0.18 0.21 0.17 0.06 0.12 0.13 0.09 0.11 0.14 0.18 0.19 0.08 0.22 0.17 0.11 0.11 0.13 0.09 0.07 0.27 0.12 0.16 0.09 0.20 0.20 0.13 0.21 0.10 0.24 0.21 0.07 0.09 0.18 0.09 0.07 0.05 0.17 0.03 0.18 0.05 0.12 0.14 0.05 0.10 0.07 0.09 0.07 0.23 0.20 0.00 0.16 0.07 0.22 0.19 0.10 0.09 0.22 0.10 0.14 0.11 0.16 0.07 0.11 0.15 0.15 0.13 0.17 0.04 0.29 0.21 0.09 0.12 0.28 0.09 0.12
0.08 0.05 0.03 0.10 0.21 0.11 0.28 0.15 0.13 0.25 0.17 0.11 0.08 0.22 0.14 0.24 0.16 0.08 0.11 0.17 0.07 0.25 0.17 0.02 0.02 0.24 0.13 0.17 0.26 0.27 0.11 0.19 0.12 0.11 0.22 0.09 0.32 0.14 0.06 0.15 0.29 0.25 0.07 0.19 0.07 0.24 0.25 0.34 0.07 0.19 0.12 0.01 0.13 0.34 0.12 0.13 0.19 0.11 0.11 0.23 0.17 0.09 0.18 0.23 0.16 0.00 0.09 0.17 0.22 0.06 0.15 0.17 0.19 0.05 0.25 0.11 0.11 0.24 0.25 0.04 0.29 0.01 0.12 0.24 0.15 0.14 0.26 0.22 0.08 0.15
0.04 0.14 0.12 0.10 0.12 0.11 0.19 0.10 0.04 0.16 0.17 0.10 0.01 0.14 0.14 0.15 0.15 0.10 0.03 0.17 0.07 0.16 0.17 0.07 0.11 0.15 0.04 0.16 0.17 0.18 0.05 0.10 0.03 0.11 0.21 0.09 0.23 0.15 0.12 0.14 0.20 0.16 0.03 0.18 0.14 0.15 0.16 0.25 0.03 0.13 0.11 0.09 0.04 0.25 0.11 0.06 0.10 0.07 0.04 0.14 0.07 0.04 0.17 0.15 0.07 0.09 0.00 0.17 0.14 0.03 0.15 0.16 0.10 0.07 0.16 0.10 0.02 0.15 0.16 0.08 0.20 0.10 0.03 0.24 0.15 0.15 0.17 0.22 0.06 0.07
0.12 0.18 0.18 0.07 0.15 0.28 0.15 0.07 0.18 0.12 0.34 0.07 0.16 0.31 0.31 0.11 0.02 0.15 0.20 0.34 0.24 0.15 0.33 0.15 0.16 0.10 0.14 0.08 0.12 0.24 0.11 0.09 0.14 0.28 0.05 0.26 0.18 0.31 0.17 0.04 0.16 0.12 0.18 0.02 0.18 0.21 0.30 0.21 0.14 0.29 0.27 0.18 0.19 0.21 0.27 0.10 0.08 0.24 0.12 0.16 0.13 0.20 0.04 0.09 0.22 0.17 0.17 0.00 0.09 0.18 0.31 0.04 0.12 0.22 0.11 0.07 0.15 0.12 0.12 0.13 0.16 0.17 0.19 0.07 0.02 0.31 0.12 0.06 0.23 0.10
0.14 0.27 0.25 0.13 0.12 0.25 0.06 0.07 0.15 0.09 0.31 0.16 0.14 0.28 0.28 0.02 0.06 0.23 0.17 0.31 0.21 0.12 0.30 0.20 0.24 0.02 0.11 0.17 0.04 0.21 0.11 0.06 0.11 0.25 0.08 0.23 0.15 0.28 0.25 0.12 0.07 0.03 0.15 0.11 0.27 0.18 0.27 0.17 0.15 0.26 0.24 0.22 0.16 0.12 0.24 0.09 0.05 0.21 0.12 0.13 0.10 0.17 0.04 0.01 0.19 0.22 0.14 0.09 0.00 0.16 0.28 0.13 0.10 0.20 0.08 0.14 0.12 0.09 0.04 0.21 0.13 0.23 0.16 0.10 0.07 0.28 0.07 0.08 0.20 0.07
0.07 0.11 0.09 0.12 0.15 0.09 0.22 0.12 0.07 0.19 0.15 0.12 0.02 0.16 0.12 0.18 0.17 0.10 0.05 0.15 0.06 0.19 0.15 0.04 0.08 0.18 0.07 0.18 0.20 0.21 0.07 0.13 0.06 0.09 0.23 0.07 0.26 0.12 0.09 0.16 0.23 0.19 0.01 0.21 0.11 0.18 0.19 0.28 0.04 0.13 0.09 0.06 0.07 0.28 0.09 0.08 0.13 0.05 0.07 0.17 0.11 0.03 0.20 0.17 0.10 0.06 0.03 0.18 0.16 0.00 0.13 0.18 0.13 0.04 0.19 0.12 0.05 0.17 0.19 0.06 0.23 0.07 0.06 0.26 0.17 0.12 0.20 0.24 0.04 0.09
0.19 0.20 0.18 0.25 0.16 0.11 0.28 0.25 0.13 0.20 0.03 0.25 0.15 0.07 0.02 0.27 0.30 0.22 0.12 0.03 0.12 0.16 0.02 0.16 0.17 0.28 0.17 0.31 0.26 0.12 0.20 0.22 0.17 0.06 0.36 0.12 0.17 0.03 0.20 0.29 0.22 0.30 0.13 0.33 0.21 0.11 0.10 0.19 0.17 0.04 0.04 0.15 0.12 0.22 0.04 0.21 0.23 0.08 0.19 0.15 0.18 0.11 0.32 0.29 0.09 0.15 0.15 0.31 0.28 0.13 0.00 0.31 0.19 0.13 0.20 0.25 0.16 0.20 0.24 0.18 0.15 0.17 0.12 0.38 0.30 0.08 0.21 0.37 0.09 0.21
0.12 0.17 0.18 0.07 0.15 0.27 0.19 0.06 0.18 0.16 0.34 0.06 0.16 0.30 0.31 0.15 0.07 0.10 0.20 0.34 0.24 0.15 0.33 0.15 0.15 0.15 0.14 0.04 0.17 0.24 0.11 0.10 0.14 0.27 0.06 0.26 0.23 0.31 0.12 0.02 0.20 0.16 0.18 0.02 0.14 0.21 0.30 0.25 0.14 0.29 0.27 0.18 0.19 0.25 0.27 0.10 0.10 0.23 0.12 0.16 0.13 0.20 0.08 0.13 0.22 0.17 0.16 0.04 0.13 0.18 0.31 0.00 0.12 0.22 0.15 0.06 0.15 0.14 0.16 0.12 0.20 0.17 0.19 0.09 0.06 0.31 0.16 0.11 0.23 0.10
0.11 0.24 0.21 0.10 0.03 0.15 0.09 0.06 0.06 0.06 0.21 0.13 0.11 0.18 0.18 0.08 0.11 0.20 0.08 0.21 0.15 0.06 0.21 0.17 0.21 0.09 0.06 0.14 0.07 0.12 0.08 0.03 0.07 0.15 0.17 0.15 0.13 0.18 0.22 0.10 0.10 0.11 0.12 0.15 0.24 0.08 0.17 0.15 0.12 0.17 0.15 0.19 0.07 0.15 0.15 0.06 0.04 0.11 0.09 0.04 0.03 0.10 0.14 0.11 0.10 0.19 0.10 0.12 0.10 0.13 0.19 0.12 0.00 0.17 0.06 0.11 0.08 0.04 0.06 0.18 0.10 0.20 0.07 0.20 0.11 0.18 0.07 0.18 0.11 0.04
0.10 0.07 0.04 0.15 0.19 0.06 0.26 0.15 0.11 0.23 0.12 0.16 0.06 0.20 0.11 0.22 0.20 0.13 0.09 0.14 0.02 0.23 0.15 0.07 0.07 0.22 0.11 0.22 0.24 0.25 0.11 0.17 0.10 0.07 0.27 0.04 0.30 0.11 0.11 0.20 0.27 0.23 0.04 0.24 0.12 0.22 0.23 0.32 0.08 0.17 0.10 0.04 0.11 0.32 0.11 0.12 0.17 0.09 0.10 0.21 0.15 0.07 0.23 0.21 0.14 0.05 0.07 0.22 0.20 0.04 0.13 0.22 0.17 0.00 0.23 0.15 0.09 0.21 0.23 0.09 0.27 0.05 0.10 0.29 0.21 0.09 0.24 0.27 0.06 0.13
0.17 0.30 0.27 0.15 0.04 0.20 0.08 0.09 0.12 0.01 0.23 0.18 0.17 0.19 0.20 0.07 0.10 0.26 0.14 0.23 0.21 0.04 0.22 0.23 0.27 0.08 0.12 0.20 0.06 0.13 0.14 0.06 0.13 0.16 0.16 0.21 0.07 0.20 0.28 0.15 0.04 0.10 0.18 0.13 0.30 0.10 0.18 0.10 0.17 0.18 0.16 0.25 0.12 0.09 0.16 0.12 0.06 0.14 0.14 0.05 0.08 0.16 0.12 0.09 0.11 0.25 0.16 0.11 0.08 0.19 0.20 0.15 0.06 0.23 0.00 0.16 0.14 0.01 0.04 0.24 0.05 0.26 0.12 0.18 0.10 0.20 0.01 0.17 0.17 0.10
0.06 0.13 0.12 0.01 0.12 0.21 0.20 0.07 0.12 0.17 0.28 0.02 0.10 0.24 0.24 0.16 0.07 0.10 0.13 0.28 0.17 0.16 0.27 0.09 0.11 0.15 0.07 0.06 0.17 0.18 0.05 0.11 0.07 0.21 0.11 0.19 0.24 0.25 0.12 0.04 0.21 0.17 0.12 0.09 0.14 0.15 0.23 0.26 0.07 0.23 0.21 0.12 0.13 0.26 0.21 0.05 0.10 0.17 0.06 0.15 0.08 0.14 0.09 0.14 0.16 0.11 0.10 0.07 0.14 0.12 0.25 0.06 0.11 0.15 0.16 0.00 0.09 0.15 0.17 0.08 0.21 0.11 0.13 0.14 0.07 0.25 0.17 0.12 0.16 0.06
0.03 0.15 0.13 0.09 0.10 0.12 0.17 0.09 0.03 0.15 0.19 0.09 0.03 0.15 0.15 0.14 0.14 0.12 0.04 0.19 0.09 0.14 0.18 0.09 0.13 0.13 0.02 0.15 0.15 0.16 0.04 0.09 0.02 0.12 0.20 0.11 0.21 0.16 0.14 0.13 0.18 0.15 0.04 0.17 0.16 0.13 0.15 0.24 0.03 0.14 0.12 0.11 0.04 0.23 0.12 0.05 0.08 0.08 0.03 0.12 0.06 0.05 0.16 0.13 0.07 0.11 0.02 0.15 0.12 0.05 0.16 0.15 0.08 0.09 0.14 0.09 0.00 0.13 0.14 0.10 0.18 0.12 0.04 0.22 0.14 0.16 0.15 0.21 0.07 0.06
0.15 0.28 0.26 0.14 0.04 0.19 0.08 0.08 0.11 0.02 0.23 0.17 0.15 0.19 0.19 0.07 0.10 0.25 0.13 0.23 0.20 0.04 0.21 0.21 0.26 0.08 0.11 0.18 0.06 0.12 0.12 0.04 0.12 0.16 0.16 0.20 0.09 0.20 0.27 0.14 0.06 0.10 0.17 0.14 0.29 0.09 0.18 0.11 0.16 0.18 0.16 0.24 0.10 0.11 0.15 0.10 0.05 0.12 0.13 0.05 0.07 0.15 0.12 0.10 0.11 0.24 0.15 0.12 0.09 0.17 0.20 0.14 0.04 0.21 0.01 0.15 0.13 0.00 0.04 0.23 0.06 0.25 0.11 0.18 0.10 0.20 0.02 0.17 0.16 0.09
0.17 0.30 0.28 0.16 0.07 0.21 0.04 0.10 0.12 0.04 0.27 0.19 0.17 0.23 0.23 0.03 0.09 0.26 0.14 0.27 0.21 0.08 0.26 0.23 0.27 0.04 0.12 0.20 0.02 0.17 0.14 0.06 0.13 0.20 0.12 0.21 0.11 0.24 0.28 0.15 0.04 0.06 0.18 0.14 0.30 0.13 0.22 0.13 0.17 0.22 0.20 0.25 0.12 0.09 0.20 0.12 0.06 0.16 0.15 0.09 0.09 0.16 0.09 0.06 0.15 0.25 0.16 0.12 0.04 0.19 0.24 0.16 0.06 0.23 0.04 0.17 0.14 0.04 0.00 0.24 0.09 0.26 0.13 0.15 0.10 0.24 0.03 0.13 0.17 0.10
0.07 0.06 0.06 0.09 0.20 0.15 0.28 0.15 0.12 0.25 0.21 0.07 0.07 0.21 0.18 0.24 0.15 0.04 0.10 0.21 0.11 0.24 0.20 0.02 0.03 0.23 0.12 0.12 0.25 0.26 0.11 0.18 0.11 0.15 0.17 0.13 0.31 0.18 0.04 0.11 0.29 0.25 0.06 0.15 0.06 0.23 0.24 0.34 0.07 0.18 0.15 0.06 0.12 0.33 0.14 0.12 0.18 0.11 0.10 0.23 0.16 0.08 0.17 0.22 0.15 0.04 0.08 0.13 0.21 0.06 0.18 0.12 0.18 0.09 0.24 0.08 0.10 0.23 0.24 0.00 0.29 0.04 0.12 0.20 0.15 0.18 0.25 0.19 0.10 0.14
0.21 0.34 0.32 0.20 0.08 0.25 0.13 0.14 0.16 0.04 0.18 0.23 0.21 0.14 0.16 0.12 0.15 0.30 0.18 0.18 0.26 0.04 0.17 0.27 0.32 0.13 0.16 0.24 0.11 0.08 0.18 0.10 0.17 0.20 0.21 0.26 0.03 0.17 0.33 0.20 0.07 0.15 0.23 0.18 0.34 0.06 0.14 0.05 0.22 0.13 0.17 0.30 0.16 0.07 0.17 0.16 0.11 0.18 0.19 0.06 0.13 0.21 0.17 0.14 0.13 0.29 0.20 0.16 0.13 0.23 0.15 0.20 0.10 0.27 0.05 0.21 0.18 0.06 0.09 0.29 0.00 0.31 0.17 0.23 0.15 0.22 0.06 0.21 0.21 0.15
0.09 0.04 0.01 0.11 0.22 0.10 0.30 0.17 0.14 0.27 0.17 0.11 0.10 0.23 0.15 0.26 0.17 0.08 0.12 0.17 0.07 0.26 0.18 0.03 0.02 0.25 0.14 0.17 0.27 0.28 0.12 0.21 0.13 0.10 0.22 0.09 0.33 0.14 0.06 0.15 0.31 0.27 0.08 0.19 0.07 0.25 0.26 0.36 0.09 0.20 0.14 0.01 0.15 0.35 0.14 0.15 0.20 0.12 0.12 0.25 0.18 0.10 0.19 0.24 0.17 0.01 0.10 0.17 0.23 0.07 0.17 0.17 0.20 0.05 0.26 0.11 0.12 0.25 0.26 0.04 0.31 0.00 0.14 0.24 0.17 0.14 0.27 0.23 0.09 0.16
0.07 0.17 0.15 0.12 0.09 0.08 0.16 0.13 0.01 0.13 0.15 0.13 0.04 0.11 0.12 0.15 0.17 0.13 0.02 0.15 0.09 0.12 0.14 0.10 0.15 0.16 0.05 0.19 0.14 0.15 0.08 0.10 0.06 0.08 0.24 0.09 0.20 0.12 0.15 0.17 0.17 0.17 0.06 0.21 0.17 0.12 0.12 0.22 0.05 0.10 0.08 0.12 0.01 0.22 0.08 0.09 0.11 0.04 0.07 0.11 0.06 0.04 0.20 0.17 0.04 0.12 0.03 0.19 0.16 0.06 0.12 0.19 0.07 0.10 0.12 0.13 0.04 0.11 0.13 0.12 0.17 0.14 0.00 0.26 0.18 0.12 0.13 0.25 0.04 0.10
0.19 0.25 0.26 0.14 0.22 0.35 0.10 0.14 0.25 0.19 0.41 0.13 0.23 0.38 0.38 0.11 0.09 0.20 0.27 0.41 0.31 0.22 0.40 0.22 0.22 0.10 0.21 0.13 0.12 0.31 0.18 0.16 0.21 0.35 0.03 0.33 0.26 0.38 0.22 0.09 0.16 0.09 0.25 0.07 0.24 0.28 0.37 0.27 0.21 0.36 0.34 0.25 0.26 0.17 0.34 0.17 0.15 0.31 0.19 0.23 0.20 0.27 0.06 0.09 0.29 0.24 0.24 0.07 0.10 0.26 0.38 0.09 0.20 0.29 0.18 0.14 0.22 0.18 0.15 0.20 0.23 0.24 0.26 0.00 0.09 0.38 0.17 0.02 0.30 0.17
0.11 0.20 0.18 0.06 0.14 0.26 0.13 0.05 0.17 0.10 0.33 0.09 0.15 0.29 0.29 0.09 0.00 0.17 0.18 0.33 0.23 0.14 0.32 0.14 0.18 0.08 0.12 0.10 0.11 0.23 0.10 0.08 0.12 0.26 0.06 0.24 0.17 0.30 0.19 0.06 0.14 0.10 0.17 0.04 0.21 0.19 0.28 0.19 0.12 0.28 0.26 0.17 0.18 0.18 0.26 0.09 0.07 0.22 0.11 0.15 0.12 0.19 0.03 0.07 0.21 0.15 0.15 0.02 0.07 0.17 0.30 0.06 0.11 0.21 0.10 0.07 0.14 0.10 0.10 0.15 0.15 0.17 0.18 0.09 0.00 0.30 0.10 0.07 0.21 0.08
0.19 0.13 0.12 0.24 0.16 0.04 0.28 0.25 0.13 0.19 0.06 0.25 0.15 0.15 0.06 0.27 0.29 0.22 0.11 0.08 0.07 0.17 0.10 0.16 0.16 0.28 0.17 0.31 0.26 0.20 0.20 0.22 0.17 0.04 0.36 0.05 0.25 0.05 0.20 0.29 0.22 0.29 0.13 0.33 0.21 0.16 0.17 0.27 0.17 0.11 0.05 0.13 0.12 0.27 0.05 0.21 0.23 0.07 0.19 0.16 0.18 0.11 0.32 0.29 0.09 0.14 0.15 0.31 0.28 0.12 0.08 0.31 0.18 0.09 0.20 0.25 0.16 0.20 0.24 0.18 0.22 0.14 0.12 0.38 0.30 0.00 0.21 0.36 0.08 0.21
0.17 0.30 0.28 0.16 0.05 0.21 0.07 0.10 0.12 0.02 0.24 0.19 0.17 0.21 0.21 0.06 0.10 0.27 0.15 0.24 0.22 0.05 0.23 0.24 0.28 0.07 0.12 0.20 0.04 0.14 0.14 0.06 0.14 0.17 0.15 0.22 0.09 0.21 0.29 0.16 0.04 0.08 0.19 0.14 0.31 0.11 0.20 0.10 0.18 0.19 0.17 0.26 0.12 0.09 0.17 0.12 0.07 0.15 0.15 0.06 0.09 0.17 0.11 0.08 0.12 0.26 0.17 0.12 0.07 0.20 0.21 0.16 0.07 0.24 0.01 0.17 0.15 0.02 0.03 0.25 0.06 0.27 0.13 0.17 0.10 0.21 0.00 0.15 0.18 0.11
0.17 0.25 0.24 0.12 0.20 0.33 0.09 0.12 0.23 0.17 0.39 0.14 0.21 0.36 0.36 0.10 0.07 0.21 0.25 0.39 0.29 0.21 0.38 0.20 0.22 0.09 0.19 0.15 0.11 0.29 0.17 0.15 0.19 0.33 0.04 0.31 0.24 0.36 0.23 0.10 0.15 0.07 0.23 0.08 0.25 0.26 0.35 0.26 0.19 0.35 0.33 0.24 0.25 0.15 0.32 0.15 0.14 0.29 0.17 0.21 0.18 0.26 0.04 0.07 0.28 0.22 0.22 0.06 0.08 0.24 0.37 0.11 0.18 0.27 0.17 0.12 0.21 0.17 0.13 0.19 0.21 0.23 0.25 0.02 0.07 0.36 0.15 0.00 0.28 0.15
0.11 0.12 0.10 0.16 0.13 0.05 0.21 0.16 0.05 0.17 0.11 0.17 0.07 0.14 0.08 0.18 0.21 0.14 0.03 0.11 0.04 0.17 0.10 0.08 0.10 0.20 0.09 0.23 0.18 0.19 0.12 0.14 0.09 0.05 0.28 0.04 0.24 0.08 0.12 0.21 0.21 0.21 0.05 0.25 0.13 0.16 0.17 0.27 0.09 0.11 0.04 0.08 0.06 0.26 0.05 0.12 0.15 0.03 0.11 0.15 0.10 0.03 0.24 0.21 0.09 0.08 0.06 0.23 0.20 0.04 0.09 0.23 0.11 0.06 0.17 0.16 0.07 0.16 0.17 0.10 0.21 0.09 0.04 0.30 0.21 0.08 0.18 0.28 0.00 0.13
0.07 0.20 0.17 0.06 0.06 0.18 0.14 0.03 0.08 0.11 0.24 0.09 0.07 0.21 0.21 0.10 0.08 0.16 0.10 0.24 0.14 0.10 0.23 0.13 0.17 0.09 0.04 0.10 0.11 0.14 0.04 0.04 0.04 0.18 0.15 0.16 0.17 0.21 0.18 0.07 0.15 0.11 0.08 0.12 0.20 0.11 0.20 0.20 0.07 0.20 0.17 0.15 0.10 0.19 0.17 0.02 0.04 0.14 0.04 0.09 0.03 0.11 0.11 0.08 0.12 0.15 0.07 0.10 0.07 0.09 0.21 0.10 0.04 0.13 0.10 0.06 0.06 0.09 0.10 0.14 0.15 0.16 0.10 0.17 0.08 0.21 0.11 0.15 0.13 0.00
Team_tasks_times:
Team 0:
1: 0.75
2: 0.75 4.00 1.00
3: 1.00 3.00 0.25 1.00 1.00
4: 0.75
5: 1.00 3.00 0.25 1.00 1.00
6: 0.75 4.00 1.00
7: 0.75
8: 0.75
9: 0.75
10: 1.00 3.00 0.25 1.00 1.00
11: 1.00 3.00 0.25 1.00 1.00
12: 0.75
13: 1.00 3.00 0.25 1.00 1.00
14: 1.00 3.00 0.25 1.00 1.00
15: 0.75 4.00 1.00
16: 0.75 4.00 1.00
17: 0.75 4.00 1.00
18: 1.00 3.00 0.25 1.00 1.00
19: 0.75
20: 0.75
21: 0.75
22: 0.75 4.00 1.00
23: 1.00 3.00 0.25 1.00 1.00
24: 0.75
25: 0.75 4.00 1.00
26: 1.00 3.00 0.25 1.00 1.00
27: 0.75 4.00 1.00
28: 0.75
29: 0.75 4.00 1.00
30: 0.75
31: 0.75
32: 0.75 4.00 1.00
33: 0.75 4.00 1.00
34: 0.75
35: 1.00 3.00 0.25 1.00 1.00
36: 1.00 3.00 0.25 1.00 1.00
37: 0.75
38: 1.00 3.00 0.25 1.00 1.00
39: 0.75 4.00 1.00
40: 0.75
41: 0.75
42: 1.00 3.00 0.25 1.00 1.00
43: 1.00 3.00 0.25 1.00 1.00
44: 0.75
45: 1.00 3.00 0.25 1.00 1.00
46: 0.75
47: 0.75
48: 1.00 3.00 0.25 1.00 1.00
49: 0.75 4.00 1.00
50: 0.75 4.00 1.00
51: 1.00 3.00 0.25 1.00 1.00
52: 0.75
53: 1.00 3.00 0.25 1.00 1.00
54: 0.75
55: 1.00 3.00 0.25 1.00 1.00
56: 1.00 3.00 0.25 1.00 1.00
57: 0.75
58: 1.00 3.00 0.25 1.00 1.00
59: 0.75
60: 0.75
61: 1.00 3.00 0.25 1.00 1.00
62: 1.00 3.00 0.25 1.00 1.00
63: 0.75 4.00 1.00
64: 1.00 3.00 0.25 1.00 1.00
65: 0.75 4.00 1.00
66: 0.75 4.00 1.00
67: 1.00 3.00 0.25 1.00 1.00
68: 0.75
69: 1.00 3.00 0.25 1.00 1.00
70: 0.75
71: 0.75
72: 0.75 4.00 1.00
73: 0.75 4.00 1.00
74: 0.75 4.00 1.00
75: 0.75 4.00 1.00
76: 1.00 3.00 0.25 1.00 1.00
77: 0.75 4.00 1.00
78: 0.75 4.00 1.00
79: 1.00 3.00 0.25 1.00 1.00
80: 1.00 3.00 0.25 1.00 1.00
81: 0.75
82: 0.75 4.00 1.00
83: 0.75 4.00 1.00
84: 0.75 4.00 1.00
85: 0.75 4.00 1.00
86: 0.75
87: 0.75
88: 1.00 3.00 0.25 1.00 1.00
89: 0.75 4.00 1.00
Team 1:
1: 1.50
2: 3.00 4.00 1.00
3: 4.00 0.75 0.50 0.50 2.00
4: 1.50
5: 4.00 0.75 0.50 0.50 2.00
6: 3.00 4.00 1.00
7: 1.50
8: 1.50
9: 1.50
10: 4.00 0.75 0.50 0.50 2.00
11: 4.00 0.75 0.50 0.50 2.00
12: 1.50
13: 4.00 0.75 0.50 0.50 2.00
14: 4.00 0.75 0.50 0.50 2.00
15: 3.00 4.00 1.00
16: 3.00 4.00 1.00
17: 3.00 4.00 1.00
18: 4.00 0.75 0.50 0.50 2.00
19: 1.50
20: 1.50
21: 1.50
22: 3.00 4.00 1.00
23: 4.00 0.75 0.50 0.50 2.00
24: 1.50
25: 3.00 4.00 1.00
26: 4.00 0.75 0.50 0.50 2.00
27: 3.00 4.00 1.00
28: 1.50
29: 3.00 4.00 1.00
30: 1.50
31: 1.50
32: 3.00 4.00 1.00
33: 3.00 4.00 1.00
34: 1.50
35: 4.00 0.75 0.50 0.50 2.00
36: 4.00 0.75 0.50 0.50 2.00
37: 1.50
38: 4.00 0.75 0.50 0.50 2.00
39: 3.00 4.00 1.00
40: 1.50
41: 1.50
42: 4.00 0.75 0.50 0.50 2.00
43: 4.00 0.75 0.50 0.50 2.00
44: 1.50
45: 4.00 0.75 0.50 0.50 2.00
46: 1.50
47: 1.50
48: 4.00 0.75 0.50 0.50 2.00
49: 3.00 4.00 1.00
50: 3.00 4.00 1.00
51: 4.00 0.75 0.50 0.50 2.00
52: 1.50
53: 4.00 0.75 0.50 0.50 2.00
54: 1.50
55: 4.00 0.75 0.50 0.50 2.00
56: 4.00 0.75 0.50 0.50 2.00
57: 1.50
58: 4.00 0.75 0.50 0.50 2.00
59: 1.50
60: 1.50
61: 4.00 0.75 0.50 0.50 2.00
62: 4.00 0.75 0.50 0.50 2.00
63: 3.00 4.00 1.00
64: 4.00 0.75 0.50 0.50 2.00
65: 3.00 4.00 1.00
66: 3.00 4.00 1.00
67: 4.00 0.75 0.50 0.50 2.00
68: 1.50
69: 4.00 0.75 0.50 0.50 2.00
70: 1.50
71: 1.50
72: 3.00 4.00 1.00
73: 3.00 4.00 1.00
74: 3.00 4.00 1.00
75: 3.00 4.00 1.00
76: 4.00 0.75 0.50 0.50 2.00
77: 3.00 4.00 1.00
78: 3.00 4.00 1.00
79: 4.00 0.75 0.50 0.50 2.00
80: 4.00 0.75 0.50 0.50 2.00
81: 1.50
82: 3.00 4.00 1.00
83: 3.00 4.00 1.00
84: 3.00 4.00 1.00
85: 3.00 4.00 1.00
86: 1.50
87: 1.50
88: 4.00 0.75 0.50 0.50 2.00
89: 3.00 4.00 1.00
Team 2:
1: 3.00
2: 0.75 1.00 4.00
3: 2.00 0.75 1.00 0.50 0.50
4: 3.00
5: 2.00 0.75 1.00 0.50 0.50
6: 0.75 1.00 4.00
7: 3.00
8: 3.00
9: 3.00
10: 2.00 0.75 1.00 0.50 0.50
11: 2.00 0.75 1.00 0.50 0.50
12: 3.00
13: 2.00 0.75 1.00 0.50 0.50
14: 2.00 0.75 1.00 0.50 0.50
15: 0.75 1.00 4.00
16: 0.75 1.00 4.00
17: 0.75 1.00 4.00
18: 2.00 0.75 1.00 0.50 0.50
19: 3.00
20: 3.00
21: 3.00
22: 0.75 1.00 4.00
23: 2.00 0.75 1.00 0.50 0.50
24: 3.00
25: 0.75 1.00 4.00
26: 2.00 0.75 1.00 0.50 0.50
27: 0.75 1.00 4.00
28: 3.00
29: 0.75 1.00 4.00
30: 3.00
31: 3.00
32: 0.75 1.00 4.00
33: 0.75 1.00 4.00
34: 3.00
35: 2.00 0.75 1.00 0.50 0.50
36: 2.00 0.75 1.00 0.50 0.50
37: 3.00
38: 2.00 0.75 1.00 0.50 0.50
39: 0.75 1.00 4.00
40: 3.00
41: 3.00
42: 2.00 0.75 1.00 0.50 0.50
43: 2.00 0.75 1.00 0.50 0.50
44: 3.00
45: 2.00 0.75 1.00 0.50 0.50
46: 3.00
47: 3.00
48: 2.00 0.75 1.00 0.50 0.50
49: 0.75 1.00 4.00
50: 0.75 1.00 4.00
51: 2.00 0.75 1.00 0.50 0.50
52: 3.00
53: 2.00 0.75 1.00 0.50 0.50
54: 3.00
55: 2.00 0.75 1.00 0.50 0.50
56: 2.00 0.75 1.00 0.50 0.50
57: 3.00
58: 2.00 0.75 1.00 0.50 0.50
59: 3.00
60: 3.00
61: 2.00 0.75 1.00 0.50 0.50
62: 2.00 0.75 1.00 0.50 0.50
63: 0.75 1.00 4.00
64: 2.00 0.75 1.00 0.50 0.50
65: 0.75 1.00 4.00
66: 0.75 1.00 4.00
67: 2.00 0.75 1.00 0.50 0.50
68: 3.00
69: 2.00 0.75 1.00 0.50 0.50
70: 3.00
71: 3.00
72: 0.75 1.00 4.00
73: 0.75 1.00 4.00
74: 0.75 1.00 4.00
75: 0.75 1.00 4.00
76: 2.00 0.75 1.00 0.50 0.50
77: 0.75 1.00 4.00
78: 0.75 1.00 4.00
79: 2.00 0.75 1.00 0.50 0.50
80: 2.00 0.75 1.00 0.50 0.50
81: 3.00
82: 0.75 1.00 4.00
83: 0.75 1.00 4.00
84: 0.75 1.00 4.00
85: 0.75 1.00 4.00
86: 3.00
87: 3.00
88: 2.00 0.75 1.00 0.50 0.50
89: 0.75 1.00 4.00
